Working 0.01238390092879257 0.9942522733438669 0.012312721651317238
with 0.01238390092879257 0.23572233352106994 0.0029191620250287303
URLs 0.021671826625386997 1.6607312068216509 0.03599107878560853
jsoup 0.02476780185758514 0.0 0.0
Java 0.0030959752321981426 0.010050335853501506 3.111559087771364E-5
HTML 0.02786377708978328 0.0 0.0
parser 0.006191950464396285 0.0 0.0
News 0.0030959752321981426 1.9661128563728327 0.006087036707036635
Bugs 0.0030959752321981426 2.8134107167600364 0.008710249897089897
Discussion 0.0030959752321981426 2.8134107167600364 0.008710249897089897
Download 0.006191950464396285 2.659260036932778 0.016466006420636396
API 0.0030959752321981426 0.0 0.0
Reference 0.0030959752321981426 0.843970070294529 0.002612910434348387
Cookbook 0.009287925696594427 2.8134107167600364 0.026130749691269686
Try 0.0030959752321981426 2.120263536200091 0.006564283393808332
Extracting 0.006191950464396285 2.8134107167600364 0.017420499794179794
data 0.009287925696594427 0.5978370007556204 0.0055526656416930685
Problem 0.0030959752321981426 3.506557897319982 0.010856216400371462
You 0.018575851393188854 0.9162907318741551 0.01702088046825056
have 0.0030959752321981426 0.9416085398584451 0.0029151967178280033
a 0.05572755417956656 0.16251892949777494 0.00905678244879241
document 0.034055727554179564 0.40047756659712536 0.013638554899592504
that 0.006191950464396285 0.22314355131420976 0.0013816938161870574
contains 0.0030959752321981426 0.5798184952529422 0.0017951037004735053
relative 0.006191950464396285 1.7719568419318754 0.01097186899029025
which 0.009287925696594427 0.7550225842780328 0.007012593662025072
you 0.018575851393188854 0.9162907318741551 0.01702088046825056
need 0.0030959752321981426 1.7147984280919266 0.0053089734615849125
to 0.03715170278637771 0.17435338714477774 0.0064775252190010305
resolve 0.006191950464396285 2.0402208285265546 0.012632946306665973
absolute 0.009287925696594427 1.9661128563728327 0.0182611101211099
Solution 0.0030959752321981426 2.407945608651872 0.0074549399648664765
Make 0.0030959752321981426 1.5606477482646683 0.004831726774813215
sure 0.0030959752321981426 2.207274913189721 0.006833668461887682
specify 0.006191950464396285 2.302585092994046 0.014257492835876446
base 0.009287925696594427 0.9162907318741551 0.00851044023412528
URI 0.009287925696594427 1.5606477482646683 0.014495180324439643
when 0.01238390092879257 0.843970070294529 0.010451641737393548
parsing 0.01238390092879257 1.2729656758128876 0.01576428081502028
the 0.043343653250773995 0.10536051565782635 0.0045667096569955695
is 0.015479876160990712 0.22314355131420976 0.0034542345404676433
implicit 0.0030959752321981426 3.2188758248682006 0.009965559829313315
loading 0.0030959752321981426 2.407945608651872 0.0074549399648664765
from 0.018575851393188854 0.38566248081198473 0.007164008931491976
URL 0.01238390092879257 1.1086626245216111 0.013729568105530788
and 0.009287925696594427 0.09431067947124142 8.759505833242237E-4
Use 0.018575851393188854 0.010050335853501506 1.8669354526628184E-4
abs 0.015479876160990712 3.506557897319982 0.0542810820018573
attribute 0.021671826625386997 0.6931471805599453 0.01502176552297095
prefix 0.009287925696594427 2.659260036932778 0.02469900963095459
an 0.01238390092879257 0.4620354595965586 0.005721801357232924
Document 0.034055727554179564 0.40047756659712536 0.013638554899592504
doc 0.006191950464396285 1.8325814637483102 0.011347253645500373
Jsoup 0.02476780185758514 0.0 0.0
connect 0.0030959752321981426 1.7719568419318754 0.005485934495145125
http 0.006191950464396285 1.1394342831883648 0.007055320638937244
org 0.006191950464396285 0.05129329438755048 3.176055380034086E-4
get 0.009287925696594427 0.6733445532637655 0.006253974178920423
Element 0.006191950464396285 0.7339691750802005 0.004544700774490406
link 0.009287925696594427 2.0402208285265546 0.018949419459998958
select 0.0030959752321981426 1.5606477482646683 0.004831726774813215
first 0.0030959752321981426 1.6094379124341003 0.004982779914656657
String 0.015479876160990712 0.4155154439616658 0.006432127615505662
relHref 0.0030959752321981426 4.605170185988092 0.014257492835876446
attr 0.01238390092879257 1.7719568419318754 0.0219437379805805
href 0.015479876160990712 1.5606477482646683 0.024158633874066075
absHref 0.0030959752321981426 4.605170185988092 0.014257492835876446
Description 0.0030959752321981426 0.24846135929849972 7.692302145464388E-4
In 0.006191950464396285 0.1508228897345837 9.338878621336452E-4
elements 0.01238390092879257 0.8675005677047231 0.010743041086126602
are 0.0030959752321981426 0.5447271754416719 0.0016864618434726687
often 0.0030959752321981426 2.8134107167600364 0.008710249897089897
written 0.0030959752321981426 2.995732273553991 0.009274712921219787
s 0.006191950464396285 0.5447271754416719 0.0033729236869453373
location 0.006191950464396285 1.7147984280919266 0.010617946923169825
download 0.006191950464396285 2.659260036932778 0.016466006420636396
When 0.01238390092879257 0.843970070294529 0.010451641737393548
use 0.018575851393188854 0.010050335853501506 1.8669354526628184E-4
Node 0.006191950464396285 1.6607312068216509 0.010283165367316724
key 0.01238390092879257 0.7985076962177716 0.009888640200839278
method 0.006191950464396285 0.32850406697203605 0.002034080910043567
it 0.009287925696594427 0.47803580094299974 0.004439960999470586
will 0.006191950464396285 0.5447271754416719 0.0033729236869453373
be 0.006191950464396285 0.47803580094299974 0.0029599739996470573
returned 0.0030959752321981426 2.120263536200091 0.006564283393808332
as 0.0030959752321981426 0.32850406697203605 0.0010170404550217836
specified 0.0030959752321981426 0.9675840262617057 0.002995616180376798
in 0.006191950464396285 0.1508228897345837 9.338878621336452E-4
source 0.0030959752321981426 1.07880966137193 0.0033399679918635606
If 0.006191950464396285 0.616186139423817 0.0038153940521598573
want 0.006191950464396285 1.7719568419318754 0.01097186899029025
there 0.006191950464396285 1.2729656758128876 0.00788214040751014
cause 0.0030959752321981426 2.407945608651872 0.0074549399648664765
value 0.0030959752321981426 0.5447271754416719 0.0016864618434726687
resolved 0.0030959752321981426 3.506557897319982 0.010856216400371462
against 0.0030959752321981426 1.4271163556401458 0.004418316890526767
original 0.0030959752321981426 1.9661128563728327 0.006087036707036635
For 0.0030959752321981426 0.083381608939051 2.581473960961331E-4
this 0.0030959752321981426 0.3424903089467759 0.001060341513767108
case 0.0030959752321981426 1.3470736479666094 0.0041705066500514225
important 0.0030959752321981426 2.995732273553991 0.009274712921219787
don 0.0030959752321981426 2.995732273553991 0.009274712921219787
t 0.0030959752321981426 1.2729656758128876 0.00394107020375507
also 0.0030959752321981426 0.5108256237659907 0.0015815034791516742
absUrl 0.0030959752321981426 3.2188758248682006 0.009965559829313315
does 0.0030959752321981426 0.7339691750802005 0.002272350387245203
same 0.0030959752321981426 0.9942522733438669 0.0030781804128293096
thing 0.0030959752321981426 4.605170185988092 0.014257492835876446
but 0.0030959752321981426 0.8209805520698303 0.002541735455324552
accesses 0.0030959752321981426 4.605170185988092 0.014257492835876446
via 0.0030959752321981426 1.8971199848858813 0.005873436485714803
natural 0.0030959752321981426 2.995732273553991 0.009274712921219787
contents 0.0030959752321981426 1.1394342831883648 0.003527660319468622
Introduction 0.0030959752321981426 3.2188758248682006 0.009965559829313315
Parsing 0.01238390092879257 1.2729656758128876 0.01576428081502028
traversing 0.0030959752321981426 3.912023005428146 0.01211152633259488
Input 0.0030959752321981426 1.0216512475319812 0.0031630069583033476
Parse 0.0030959752321981426 1.4696759700589417 0.0045500804026592625
body 0.0030959752321981426 1.6607312068216509 0.005141582683658362
fragment 0.0030959752321981426 1.7719568419318754 0.005485934495145125
Load 0.006191950464396285 1.8971199848858813 0.011746872971429605
File 0.0030959752321981426 0.8915981192837835 0.002760365694377039
DOM 0.0030959752321981426 1.7719568419318754 0.005485934495145125
methods 0.0030959752321981426 0.24846135929849972 7.692302145464388E-4
navigate 0.0030959752321981426 3.2188758248682006 0.009965559829313315
selector 0.0030959752321981426 1.7147984280919266 0.0053089734615849125
syntax 0.0030959752321981426 1.6607312068216509 0.005141582683658362
find 0.0030959752321981426 1.8325814637483102 0.005673626822750187
Extract 0.0030959752321981426 2.5257286443082556 0.007819593326031752
attributes 0.0030959752321981426 0.3566749439387324 0.0011042567923799766
text 0.006191950464396285 1.1086626245216111 0.006864784052765394
Example 0.0030959752321981426 1.0498221244986776 0.003250223295661541
program 0.0030959752321981426 2.120263536200091 0.006564283393808332
list 0.0030959752321981426 0.653926467406664 0.002024540146769858
links 0.0030959752321981426 0.0408219945202552 1.263838839636384E-4
Modifying 0.0030959752321981426 2.8134107167600364 0.008710249897089897
Set 0.006191950464396285 0.4620354595965586 0.002860900678616462
values 0.0030959752321981426 1.0216512475319812 0.0031630069583033476
of 0.006191950464396285 0.1165338162559516 7.215716176839109E-4
element 0.006191950464396285 0.7339691750802005 0.004544700774490406
Setting 0.0030959752321981426 1.6607312068216509 0.005141582683658362
content 0.0030959752321981426 0.44628710262841953 0.0013816938161870574
Cleaning 0.0030959752321981426 3.912023005428146 0.01211152633259488
Sanitize 0.0030959752321981426 3.912023005428146 0.01211152633259488
untrusted 0.0030959752321981426 2.0402208285265546 0.0063164731533329865
prevent 0.0030959752321981426 2.5257286443082556 0.007819593326031752
XSS 0.0030959752321981426 2.5257286443082556 0.007819593326031752
Jonathan 0.0030959752321981426 0.0 0.0
Hedley 0.0030959752321981426 0.0 0.0
2327798200505
to 0.006711409395973154 0.17435338714477774 0.0011701569607032063
get 0.006711409395973154 0.6733445532637655 0.004519090961501782
an 0.006711409395973154 0.4620354595965586 0.003100909124809118
absolute 0.006711409395973154 1.9661128563728327 0.013195388297804245
URL 0.006711409395973154 1.1086626245216111 0.007440688755178598
there 0.006711409395973154 1.2729656758128876 0.008543393797401929
is 0.006711409395973154 0.22314355131420976 0.0014976077269410052
a 0.006711409395973154 0.16251892949777494 0.0010907310704548654
attribute 0.006711409395973154 0.6931471805599453 0.004651994500402317
key 0.006711409395973154 0.7985076962177716 0.005359112055152829
prefix 0.006711409395973154 2.659260036932778 0.017847382798206562
abs 0.006711409395973154 3.506557897319982 0.023533945619597194
that 0.006711409395973154 0.22314355131420976 0.0014976077269410052
will 0.006711409395973154 0.5447271754416719 0.003655887083501154
cause 0.006711409395973154 2.407945608651872 0.016160708782898468
the 0.006711409395973154 0.10536051565782635 7.071175547505124E-4
attribute 0.006711409395973154 0.6931471805599453 0.004651994500402317
value 0.006711409395973154 0.5447271754416719 0.003655887083501154
to 0.006711409395973154 0.17435338714477774 0.0011701569607032063
be 0.006711409395973154 0.47803580094299974 0.003208293966060401
resolved 0.006711409395973154 3.506557897319982 0.023533945619597194
against 0.006711409395973154 1.4271163556401458 0.009577962118390241
the 0.006711409395973154 0.10536051565782635 7.071175547505124E-4
document 0.013422818791946308 0.40047756659712536 0.005375537806672824
s 0.006711409395973154 0.5447271754416719 0.003655887083501154
base 0.006711409395973154 0.9162907318741551 0.006149602227343323
URI 0.006711409395973154 1.5606477482646683 0.010474145961507841
original 0.006711409395973154 1.9661128563728327 0.013195388297804245
location 0.006711409395973154 1.7147984280919266 0.011508714282496151
attr 0.006711409395973154 1.7719568419318754 0.011892327798200505
abs 0.006711409395973154 3.506557897319982 0.023533945619597194
href 0.006711409395973154 1.5606477482646683 0.010474145961507841
For 0.006711409395973154 0.083381608939051 5.596081136849061E-4
this 0.006711409395973154 0.3424903089467759 0.00229859267749514
use 0.013422818791946308 0.010050335853501506 1.3490383695975177E-4
case 0.006711409395973154 1.3470736479666094 0.009040762738030936
it 0.006711409395973154 0.47803580094299974 0.003208293966060401
is 0.006711409395973154 0.22314355131420976 0.0014976077269410052
important 0.006711409395973154 2.995732273553991 0.020105585728550274
to 0.006711409395973154 0.17435338714477774 0.0011701569607032063
specify 0.006711409395973154 2.302585092994046 0.015453591228147958
the 0.006711409395973154 0.10536051565782635 7.071175547505124E-4
base 0.006711409395973154 0.9162907318741551 0.006149602227343323
URI 0.006711409395973154 1.5606477482646683 0.010474145961507841
when 0.013422818791946308 0.843970070294529 0.01132845731938965
parsing 0.013422818791946308 1.2729656758128876 0.017086787594803858
the 0.006711409395973154 0.10536051565782635 7.071175547505124E-4
document 0.013422818791946308 0.40047756659712536 0.005375537806672824
If 0.006711409395973154 0.616186139423817 0.004135477445797429
you 0.013422818791946308 0.9162907318741551 0.012299204454686645
don 0.006711409395973154 2.995732273553991 0.020105585728550274
t 0.006711409395973154 1.2729656758128876 0.008543393797401929
want 0.006711409395973154 1.7719568419318754 0.011892327798200505
to 0.006711409395973154 0.17435338714477774 0.0011701569607032063
use 0.013422818791946308 0.010050335853501506 1.3490383695975177E-4
the 0.006711409395973154 0.10536051565782635 7.071175547505124E-4
abs 0.006711409395973154 3.506557897319982 0.023533945619597194
prefix 0.006711409395973154 2.659260036932778 0.017847382798206562
there 0.006711409395973154 1.2729656758128876 0.008543393797401929
is 0.006711409395973154 0.22314355131420976 0.0014976077269410052
also 0.006711409395973154 0.5108256237659907 0.0034283598910469174
a 0.006711409395973154 0.16251892949777494 0.0010907310704548654
method 0.006711409395973154 0.32850406697203605 0.002204725281691517
Node 0.006711409395973154 1.6607312068216509 0.011145847025648664
absUrl 0.006711409395973154 3.2188758248682006 0.02160319345549128
String 0.006711409395973154 0.4155154439616658 0.0027886942547762803
key 0.006711409395973154 0.7985076962177716 0.005359112055152829
which 0.006711409395973154 0.7550225842780328 0.005067265666295522
does 0.006711409395973154 0.7339691750802005 0.004925967617987923
the 0.006711409395973154 0.10536051565782635 7.071175547505124E-4
same 0.006711409395973154 0.9942522733438669 0.006672834049287697
thing 0.006711409395973154 4.605170185988092 0.030907182456295916
but 0.006711409395973154 0.8209805520698303 0.0055099365910726865
accesses 0.006711409395973154 4.605170185988092 0.030907182456295916
via 0.006711409395973154 1.8971199848858813 0.012732348891851552
the 0.006711409395973154 0.10536051565782635 7.071175547505124E-4
natural 0.006711409395973154 2.995732273553991 0.020105585728550274
attribute 0.006711409395973154 0.6931471805599453 0.004651994500402317
key 0.006711409395973154 0.7985076962177716 0.005359112055152829
Cookbook 0.006711409395973154 2.8134107167600364 0.018881951119194874
contents 0.006711409395973154 1.1394342831883648 0.007647209954284327
Introduction 0.006711409395973154 3.2188758248682006 0.02160319345549128
Parsing 0.013422818791946308 1.2729656758128876 0.017086787594803858
and 0.006711409395973154 0.09431067947124142 6.329575803439021E-4
traversing 0.006711409395973154 3.912023005428146 0.026255187955893596
a 0.006711409395973154 0.16251892949777494 0.0010907310704548654
Document 0.013422818791946308 0.40047756659712536 0.005375537806672824
Input 0.006711409395973154 1.0216512475319812 0.006856719782093834
Parse 0.006711409395973154 1.4696759700589417 0.009863597114489541
a 0.006711409395973154 0.16251892949777494 0.0010907310704548654
document 0.013422818791946308 0.40047756659712536 0.005375537806672824
from 0.006711409395973154 0.38566248081198473 0.0025883387973958706
a 0.006711409395973154 0.16251892949777494 0.0010907310704548654
String 0.006711409395973154 0.4155154439616658 0.0027886942547762803
Parsing 0.013422818791946308 1.2729656758128876 0.017086787594803858
a 0.006711409395973154 0.16251892949777494 0.0010907310704548654
body 0.006711409395973154 1.6607312068216509 0.011145847025648664
fragment 0.006711409395973154 1.7719568419318754 0.011892327798200505
Load 0.006711409395973154 1.8971199848858813 0.012732348891851552
a 0.006711409395973154 0.16251892949777494 0.0010907310704548654
Document 0.013422818791946308 0.40047756659712536 0.005375537806672824
from 0.006711409395973154 0.38566248081198473 0.0025883387973958706
a 0.006711409395973154 0.16251892949777494 0.0010907310704548654
URL 0.006711409395973154 1.1086626245216111 0.007440688755178598
Load 0.006711409395973154 1.8971199848858813 0.012732348891851552
a 0.006711409395973154 0.16251892949777494 0.0010907310704548654
Document 0.013422818791946308 0.40047756659712536 0.005375537806672824
from 0.006711409395973154 0.38566248081198473 0.0025883387973958706
a 0.006711409395973154 0.16251892949777494 0.0010907310704548654
File 0.006711409395973154 0.8915981192837835 0.005983879995193178
Extracting 0.006711409395973154 2.8134107167600364 0.018881951119194874
data 0.006711409395973154 0.5978370007556204 0.00401232886413168
Use 0.013422818791946308 0.010050335853501506 1.3490383695975177E-4
DOM 0.006711409395973154 1.7719568419318754 0.011892327798200505
methods 0.006711409395973154 0.24846135929849972 0.0016675259013322129
to 0.006711409395973154 0.17435338714477774 0.0011701569607032063
navigate 0.006711409395973154 3.2188758248682006 0.02160319345549128
a 0.006711409395973154 0.16251892949777494 0.0010907310704548654
document 0.013422818791946308 0.40047756659712536 0.005375537806672824
Use 0.013422818791946308 0.010050335853501506 1.3490383695975177E-4
selector 0.006711409395973154 1.7147984280919266 0.011508714282496151
syntax 0.006711409395973154 1.6607312068216509 0.011145847025648664
to 0.006711409395973154 0.17435338714477774 0.0011701569607032063
find 0.006711409395973154 1.8325814637483102 0.012299204454686645
elements 0.006711409395973154 0.8675005677047231 0.005822151461105524
Extract 0.006711409395973154 2.5257286443082556 0.016951198955088963
attributes 0.006711409395973154 0.3566749439387324 0.002393791570058607
text 0.006711409395973154 1.1086626245216111 0.007440688755178598
and 0.006711409395973154 0.09431067947124142 6.329575803439021E-4
HTML 0.006711409395973154 0.0 0.0
from 0.006711409395973154 0.38566248081198473 0.0025883387973958706
elements 0.006711409395973154 0.8675005677047231 0.005822151461105524
Working 0.006711409395973154 0.9942522733438669 0.006672834049287697
with 0.006711409395973154 0.23572233352106994 0.0015820290840340265
URLs 0.006711409395973154 1.6607312068216509 0.011145847025648664
Example 0.006711409395973154 1.0498221244986776 0.007045786070460924
program 0.006711409395973154 2.120263536200091 0.014229956618792557
list 0.006711409395973154 0.653926467406664 0.004388768237628618
links 0.006711409395973154 0.0408219945202552 2.7397311758560537E-4
Modifying 0.006711409395973154 2.8134107167600364 0.018881951119194874
data 0.006711409395973154 0.5978370007556204 0.00401232886413168
Set 0.006711409395973154 0.4620354595965586 0.003100909124809118
attribute 0.006711409395973154 0.6931471805599453 0.004651994500402317
values 0.006711409395973154 1.0216512475319812 0.006856719782093834
Set 0.006711409395973154 0.4620354595965586 0.003100909124809118
the 0.006711409395973154 0.10536051565782635 7.071175547505124E-4
HTML 0.006711409395973154 0.0 0.0
of 0.006711409395973154 0.1165338162559516 7.821061493688027E-4
an 0.006711409395973154 0.4620354595965586 0.003100909124809118
element 0.013422818791946308 0.7339691750802005 0.009851935235975846
Setting 0.006711409395973154 1.6607312068216509 0.011145847025648664
the 0.006711409395973154 0.10536051565782635 7.071175547505124E-4
text 0.006711409395973154 1.1086626245216111 0.007440688755178598
content 0.006711409395973154 0.44628710262841953 0.0029952154538820104
of 0.006711409395973154 0.1165338162559516 7.821061493688027E-4
elements 0.006711409395973154 0.8675005677047231 0.005822151461105524
Cleaning 0.006711409395973154 3.912023005428146 0.026255187955893596
HTML 0.006711409395973154 0.0 0.0
Sanitize 0.006711409395973154 3.912023005428146 0.026255187955893596
untrusted 0.006711409395973154 2.0402208285265546 0.013692757238433252
HTML 0.006711409395973154 0.0 0.0
to 0.006711409395973154 0.17435338714477774 0.0011701569607032063
prevent 0.006711409395973154 2.5257286443082556 0.016951198955088963
XSS 0.006711409395973154 2.5257286443082556 0.016951198955088963
jsoup 0.013422818791946308 0.0 0.0
HTML 0.006711409395973154 0.0 0.0
parser 0.006711409395973154 0.0 0.0
Jonathan 0.006711409395973154 0.0 0.0
Hedley 0.006711409395973154 0.0 0.0
