Class 0.006906077348066298 0.06187540371808745 4.2731632401994094E-4
Hierarchy 0.008287292817679558 1.5606477482646683 0.01293354487512156
jsoup 0.17541436464088397 0.0 0.0
Java 0.049723756906077346 0.010050335853501506 4.997404568039423E-4
HTML 0.0013812154696132596 0.0 0.0
Parser 0.016574585635359115 0.0 0.0
API 0.0013812154696132596 0.0 0.0
Skip 0.0027624309392265192 0.06187540371808745 1.7092652960797638E-4
navigation 0.0027624309392265192 0.06187540371808745 1.7092652960797638E-4
links 0.0027624309392265192 0.0408219945202552 1.127679406636884E-4
Overview 0.0027624309392265192 0.06187540371808745 1.7092652960797638E-4
Package 0.004143646408839779 0.06187540371808745 2.563897944119646E-4
Use 0.0027624309392265192 0.010050335853501506 2.7763358711330125E-5
Tree 0.0027624309392265192 0.0408219945202552 1.127679406636884E-4
Deprecated 0.0027624309392265192 0.06187540371808745 1.7092652960797638E-4
Index 0.0027624309392265192 0.06187540371808745 1.7092652960797638E-4
Help 0.0027624309392265192 0.05129329438755048 1.416941833910234E-4
For 0.0013812154696132596 0.083381608939051 1.151679681478605E-4
All 0.0027624309392265192 0.05129329438755048 1.416941833910234E-4
Packages 0.0013812154696132596 0.9162907318741551 0.0012655949335278385
Hierarchies 0.0013812154696132596 2.120263536200091 0.002928540795856479
org 0.16988950276243095 0.05129329438755048 0.00871419227854794
examples 0.0055248618784530384 0.7985076962177716 0.004411644730484926
helper 0.013812154696132596 1.1086626245216111 0.01531301967571286
internal 0.011049723756906077 1.5141277326297755 0.016730693178229564
nodes 0.026243093922651933 0.7550225842780328 0.0198141285929318
parser 0.016574585635359115 0.0 0.0
safety 0.0055248618784530384 0.9162907318741551 0.005062379734111354
select 0.0718232044198895 1.5606477482646683 0.11209072225105353
java 0.049723756906077346 0.010050335853501506 4.997404568039423E-4
lang 0.026243093922651933 0.653926467406664 0.01716105370266107
Object 0.0027624309392265192 0.43078291609245434 0.0011900080555040174
util 0.011049723756906077 1.2729656758128876 0.014065919069755663
AbstractCollection 0.0013812154696132596 2.302585092994046 0.003180366150544262
E 0.011049723756906077 0.7765287894989963 0.008580428613248578
implements 0.026243093922651933 0.6931471805599453 0.018190326561656023
Collection 0.0013812154696132596 1.4696759700589417 0.002029939185164284
AbstractList 0.0013812154696132596 2.302585092994046 0.003180366150544262
List 0.0027624309392265192 0.653926467406664 0.0018064267055432708
ArrayList 0.0013812154696132596 1.8325814637483102 0.002531189867055677
Cloneable 0.008287292817679558 1.3093333199837622 0.010850828618649963
RandomAccess 0.0013812154696132596 2.407945608651872 0.0033258917246572813
io 0.011049723756906077 1.5606477482646683 0.01724472650016208
Serializable 0.004143646408839779 1.4271163556401458 0.005913465562044803
ChangeNotifyingArrayList 0.0013812154696132596 1.8971199848858813 0.0026203314708368526
Elements 0.0013812154696132596 0.8675005677047231 0.0011982052040120483
ParseErrorList 0.0013812154696132596 2.8134107167600364 0.003885926404364691
Attribute 0.0027624309392265192 0.6931471805599453 0.0019147712170164233
Map 0.0013812154696132596 1.2378743560016172 0.001709771209946985
Entry 0.0013812154696132596 1.6607312068216509 0.002293827633731562
K 0.0013812154696132596 1.9661128563728327 0.0027156254922276694
V 0.0013812154696132596 1.3470736479666094 0.0018605989612798472
Attributes 0.0013812154696132596 0.3566749439387324 4.926449501916193E-4
Iterable 0.0013812154696132596 1.6094379124341003 0.00222298054203605
T 0.004143646408839779 1.2729656758128876 0.0052747196511583735
CharacterReader 0.0013812154696132596 3.2188758248682006 0.0044459610840721
Cleaner 0.0013812154696132596 0.9162907318741551 0.0012655949335278385
Collector 0.0013812154696132596 2.5257286443082556 0.003488575475563889
DataUtil 0.0013812154696132596 2.5257286443082556 0.003488575475563889
Document 0.0055248618784530384 0.40047756659712536 0.0022125832408680956
OutputSettings 0.0027624309392265192 1.1394342831883648 0.0031476085170949303
Entities 0.0027624309392265192 1.9661128563728327 0.005431250984455339
Evaluator 0.052486187845303865 3.2188758248682006 0.1689465211947398
CombiningEvaluator 0.004143646408839779 3.2188758248682006 0.0133378832522163
And 0.0013812154696132596 0.09431067947124142 1.3026336943541632E-4
Or 0.0013812154696132596 0.2613647641344075 3.610010554342645E-4
AllElements 0.0013812154696132596 3.2188758248682006 0.0044459610840721
AttributeKeyPair 0.0013812154696132596 3.2188758248682006 0.0044459610840721
AttributeWithValue 0.0013812154696132596 3.2188758248682006 0.0044459610840721
AttributeWithValueContaining 0.0013812154696132596 3.2188758248682006 0.0044459610840721
AttributeWithValueEnding 0.0013812154696132596 3.2188758248682006 0.0044459610840721
AttributeWithValueNot 0.0013812154696132596 3.2188758248682006 0.0044459610840721
AttributeWithValueStarting 0.0013812154696132596 3.2188758248682006 0.0044459610840721
AttributeStarting 0.0013812154696132596 3.2188758248682006 0.0044459610840721
AttributeWithValueMatching 0.0013812154696132596 3.2188758248682006 0.0044459610840721
ContainsData 0.0013812154696132596 3.2188758248682006 0.0044459610840721
ContainsOwnText 0.0013812154696132596 3.2188758248682006 0.0044459610840721
ContainsText 0.0013812154696132596 3.2188758248682006 0.0044459610840721
CssNthEvaluator 0.0013812154696132596 3.2188758248682006 0.0044459610840721
IsNthChild 0.0013812154696132596 3.2188758248682006 0.0044459610840721
IsNthLastChild 0.0013812154696132596 3.2188758248682006 0.0044459610840721
IsNthLastOfType 0.0013812154696132596 3.2188758248682006 0.0044459610840721
IsLastOfType 0.0013812154696132596 3.2188758248682006 0.0044459610840721
IsNthOfType 0.0013812154696132596 3.2188758248682006 0.0044459610840721
IsFirstOfType 0.0013812154696132596 3.2188758248682006 0.0044459610840721
Id 0.0013812154696132596 2.120263536200091 0.002928540795856479
IndexEvaluator 0.0013812154696132596 3.2188758248682006 0.0044459610840721
IndexEquals 0.0013812154696132596 3.2188758248682006 0.0044459610840721
IndexGreaterThan 0.0013812154696132596 3.2188758248682006 0.0044459610840721
IndexLessThan 0.0013812154696132596 3.2188758248682006 0.0044459610840721
IsEmpty 0.0013812154696132596 2.0402208285265546 0.0028179845697880587
IsFirstChild 0.0013812154696132596 3.2188758248682006 0.0044459610840721
IsLastChild 0.0013812154696132596 3.2188758248682006 0.0044459610840721
IsOnlyChild 0.0013812154696132596 3.2188758248682006 0.0044459610840721
IsOnlyOfType 0.0013812154696132596 3.2188758248682006 0.0044459610840721
IsRoot 0.0013812154696132596 3.2188758248682006 0.0044459610840721
Matches 0.0013812154696132596 2.5257286443082556 0.003488575475563889
MatchesOwn 0.0013812154696132596 3.2188758248682006 0.0044459610840721
MatchText 0.0013812154696132596 2.8134107167600364 0.003885926404364691
Tag 0.0027624309392265192 0.843970070294529 0.002331409033962787
TagEndsWith 0.0013812154696132596 3.2188758248682006 0.0044459610840721
HtmlToPlainText 0.0013812154696132596 3.2188758248682006 0.0044459610840721
HtmlTreeBuilder 0.0013812154696132596 2.659260036932778 0.003673011100735881
HttpConnection 0.0055248618784530384 1.8971199848858813 0.01048132588334741
Connection 0.013812154696132596 1.2039728043259361 0.01662945862328641
KeyVal 0.004143646408839779 1.7147984280919266 0.007105518348447209
Request 0.004143646408839779 1.2378743560016172 0.005129313629840955
Response 0.004143646408839779 1.2729656758128876 0.0052747196511583735
InputStream 0.0013812154696132596 1.5141277326297755 0.0020913366472786955
Closeable 0.0013812154696132596 2.8134107167600364 0.003885926404364691
FilterInputStream 0.0013812154696132596 2.5257286443082556 0.003488575475563889
BufferedInputStream 0.0013812154696132596 2.659260036932778 0.003673011100735881
ConstrainableInputStream 0.0013812154696132596 3.2188758248682006 0.0044459610840721
Jsoup 0.17541436464088397 0.0 0.0
ListLinks 0.0013812154696132596 3.2188758248682006 0.0044459610840721
Node 0.0013812154696132596 1.6607312068216509 0.002293827633731562
Comment 0.0013812154696132596 1.7719568419318754 0.0024474542015633636
DataNode 0.0013812154696132596 2.120263536200091 0.002928540795856479
DocumentType 0.0013812154696132596 1.8325814637483102 0.002531189867055677
Element 0.0013812154696132596 0.7339691750802005 0.001013769578840056
FormElement 0.0013812154696132596 2.0402208285265546 0.0028179845697880587
PseudoTextElement 0.0013812154696132596 2.207274913189721 0.0030487222557869075
TextNode 0.0013812154696132596 2.302585092994046 0.003180366150544262
CDataNode 0.0013812154696132596 2.302585092994046 0.003180366150544262
XmlDeclaration 0.0013812154696132596 2.302585092994046 0.003180366150544262
NodeTraversor 0.0013812154696132596 3.2188758248682006 0.0044459610840721
Normalizer 0.0013812154696132596 2.659260036932778 0.003673011100735881
ParseError 0.0013812154696132596 2.8134107167600364 0.003885926404364691
ParseSettings 0.0013812154696132596 2.207274913189721 0.0030487222557869075
QueryParser 0.0013812154696132596 3.2188758248682006 0.0044459610840721
Safelist 0.0013812154696132596 0.9162907318741551 0.0012655949335278385
Whitelist 0.0013812154696132596 1.1086626245216111 0.001531301967571286
Selector 0.0027624309392265192 1.7147984280919266 0.00473701223229814
StringUtil 0.0027624309392265192 3.2188758248682006 0.0088919221681442
StringJoiner 0.0013812154696132596 3.2188758248682006 0.0044459610840721
Throwable 0.0013812154696132596 1.9661128563728327 0.0027156254922276694
Exception 0.0013812154696132596 1.4271163556401458 0.0019711551873482676
IOException 0.0013812154696132596 1.4696759700589417 0.002029939185164284
HttpStatusException 0.0013812154696132596 1.6607312068216509 0.002293827633731562
UnsupportedMimeTypeException 0.0013812154696132596 1.7719568419318754 0.0024474542015633636
RuntimeException 0.0013812154696132596 2.407945608651872 0.0033258917246572813
IllegalStateException 0.0013812154696132596 2.5257286443082556 0.003488575475563889
SelectorParseException 0.0013812154696132596 2.8134107167600364 0.003885926404364691
SerializationException 0.0013812154696132596 2.302585092994046 0.003180366150544262
UncheckedIOException 0.0013812154696132596 2.302585092994046 0.003180366150544262
TokenQueue 0.0013812154696132596 2.8134107167600364 0.003885926404364691
Validate 0.0013812154696132596 2.120263536200091 0.002928540795856479
W 0.004143646408839779 1.2378743560016172 0.005129313629840955
CDom 0.0027624309392265192 2.207274913189721 0.006097444511573815
CBuilder 0.0013812154696132596 2.5257286443082556 0.003488575475563889
NodeVisitor 0.0027624309392265192 2.8134107167600364 0.007771852808729382
Wikipedia 0.0013812154696132596 2.302585092994046 0.003180366150544262
XmlTreeBuilder 0.0013812154696132596 3.2188758248682006 0.0044459610840721
Interface 0.0013812154696132596 0.653926467406664 9.032133527716354E-4
Base 0.0013812154696132596 0.9162907318741551 0.0012655949335278385
NodeFilter 0.0027624309392265192 2.8134107167600364 0.007771852808729382
Annotation 0.009668508287292817 1.8971199848858813 0.01834232029585797
Type 0.0013812154696132596 0.44628710262841953 6.164186500392534E-4
FieldsAreNonnullByDefault 0.0013812154696132596 3.2188758248682006 0.0044459610840721
annotation 0.009668508287292817 1.8971199848858813 0.01834232029585797
NonnullByDefault 0.0013812154696132596 2.302585092994046 0.003180366150544262
ReturnsAreNonnullByDefault 0.0013812154696132596 3.2188758248682006 0.0044459610840721
Enum 0.0027624309392265192 1.5141277326297755 0.004182673294557391
Comparable 0.0013812154696132596 2.120263536200091 0.002928540795856479
constant 0.0013812154696132596 1.4271163556401458 0.0019711551873482676
Constable 0.0013812154696132596 2.8134107167600364 0.003885926404364691
Method 0.0013812154696132596 0.32850406697203605 4.5373489913264645E-4
Syntax 0.0013812154696132596 1.6607312068216509 0.002293827633731562
QuirksMode 0.0013812154696132596 2.302585092994046 0.003180366150544262
EscapeMode 0.0013812154696132596 2.120263536200091 0.002928540795856479
FilterResult 0.0013812154696132596 3.2188758248682006 0.0044459610840721
Copyright 0.0013812154696132596 0.06187540371808745 8.546326480398819E-5
Jonathan 0.0013812154696132596 0.0 0.0
Hedley 0.0013812154696132596 0.0 0.0
rights 0.0013812154696132596 0.06187540371808745 8.546326480398819E-5
reserved 0.0013812154696132596 0.06187540371808745 8.546326480398819E-5
18181818182 3.2188758248682006 0.01828906718675114
org 0.005681818181818182 0.05129329438755048 2.9143917265653685E-4
jsoup 0.011363636363636364 0.0 0.0
select 0.005681818181818182 1.5606477482646683 0.008867316751503799
Evaluator 0.005681818181818182 3.2188758248682006 0.01828906718675114
AttributeWithValueEnding 0.005681818181818182 3.2188758248682006 0.01828906718675114
org 0.005681818181818182 0.05129329438755048 2.9143917265653685E-4
jsoup 0.011363636363636364 0.0 0.0
select 0.005681818181818182 1.5606477482646683 0.008867316751503799
Evaluator 0.005681818181818182 3.2188758248682006 0.01828906718675114
AttributeWithValueNot 0.005681818181818182 3.2188758248682006 0.01828906718675114
org 0.005681818181818182 0.05129329438755048 2.9143917265653685E-4
jsoup 0.011363636363636364 0.0 0.0
select 0.005681818181818182 1.5606477482646683 0.008867316751503799
Evaluator 0.005681818181818182 3.2188758248682006 0.01828906718675114
AttributeWithValueStarting 0.005681818181818182 3.2188758248682006 0.01828906718675114
org 0.005681818181818182 0.05129329438755048 2.9143917265653685E-4
jsoup 0.011363636363636364 0.0 0.0
select 0.005681818181818182 1.5606477482646683 0.008867316751503799
Evaluator 0.005681818181818182 3.2188758248682006 0.01828906718675114
AttributeStarting 0.005681818181818182 3.2188758248682006 0.01828906718675114
org 0.005681818181818182 0.05129329438755048 2.9143917265653685E-4
jsoup 0.011363636363636364 0.0 0.0
select 0.005681818181818182 1.5606477482646683 0.008867316751503799
Evaluator 0.005681818181818182 3.2188758248682006 0.01828906718675114
AttributeWithValueMatching 0.005681818181818182 3.2188758248682006 0.01828906718675114
org 0.005681818181818182 0.05129329438755048 2.9143917265653685E-4
jsoup 0.011363636363636364 0.0 0.0
select 0.005681818181818182 1.5606477482646683 0.008867316751503799
Evaluator 0.005681818181818182 3.2188758248682006 0.01828906718675114
Class 0.005681818181818182 0.06187540371808745 3.515647938527696E-4
org 0.005681818181818182 0.05129329438755048 2.9143917265653685E-4
jsoup 0.011363636363636364 0.0 0.0
select 0.005681818181818182 1.5606477482646683 0.008867316751503799
Evaluator 0.005681818181818182 3.2188758248682006 0.01828906718675114
ContainsData 0.005681818181818182 3.2188758248682006 0.01828906718675114
org 0.005681818181818182 0.05129329438755048 2.9143917265653685E-4
jsoup 0.011363636363636364 0.0 0.0
select 0.005681818181818182 1.5606477482646683 0.008867316751503799
Evaluator 0.005681818181818182 3.2188758248682006 0.01828906718675114
ContainsOwnText 0.005681818181818182 3.2188758248682006 0.01828906718675114
org 0.005681818181818182 0.05129329438755048 2.9143917265653685E-4
jsoup 0.011363636363636364 0.0 0.0
select 0.005681818181818182 1.5606477482646683 0.008867316751503799
Evaluator 0.005681818181818182 3.2188758248682006 0.01828906718675114
ContainsText 0.005681818181818182 3.2188758248682006 0.01828906718675114
org 0.005681818181818182 0.05129329438755048 2.9143917265653685E-4
jsoup 0.011363636363636364 0.0 0.0
select 0.005681818181818182 1.5606477482646683 0.008867316751503799
Evaluator 0.005681818181818182 3.2188758248682006 0.01828906718675114
CssNthEvaluator 0.005681818181818182 3.2188758248682006 0.01828906718675114
org 0.005681818181818182 0.05129329438755048 2.9143917265653685E-4
jsoup 0.011363636363636364 0.0 0.0
select 0.005681818181818182 1.5606477482646683 0.008867316751503799
Evaluator 0.005681818181818182 3.2188758248682006 0.01828906718675114
IsNthChild 0.005681818181818182 3.2188758248682006 0.01828906718675114
org 0.005681818181818182 0.05129329438755048 2.9143917265653685E-4
jsoup 0.011363636363636364 0.0 0.0
select 0.005681818181818182 1.5606477482646683 0.008867316751503799
Evaluator 0.005681818181818182 3.2188758248682006 0.01828906718675114
IsNthLastChild 0.005681818181818182 3.2188758248682006 0.01828906718675114
org 0.005681818181818182 0.05129329438755048 2.9143917265653685E-4
jsoup 0.011363636363636364 0.0 0.0
select 0.005681818181818182 1.5606477482646683 0.008867316751503799
Evaluator 0.005681818181818182 3.2188758248682006 0.01828906718675114
IsNthLastOfType 0.005681818181818182 3.2188758248682006 0.01828906718675114
org 0.005681818181818182 0.05129329438755048 2.9143917265653685E-4
jsoup 0.011363636363636364 0.0 0.0
select 0.005681818181818182 1.5606477482646683 0.008867316751503799
Evaluator 0.005681818181818182 3.2188758248682006 0.01828906718675114
IsLastOfType 0.005681818181818182 3.2188758248682006 0.01828906718675114
org 0.005681818181818182 0.05129329438755048 2.9143917265653685E-4
jsoup 0.011363636363636364 0.0 0.0
select 0.005681818181818182 1.5606477482646683 0.008867316751503799
Evaluator 0.005681818181818182 3.2188758248682006 0.01828906718675114
IsNthOfType 0.005681818181818182 3.2188758248682006 0.01828906718675114
org 0.005681818181818182 0.05129329438755048 2.9143917265653685E-4
jsoup 0.011363636363636364 0.0 0.0
select 0.005681818181818182 1.5606477482646683 0.008867316751503799
Evaluator 0.005681818181818182 3.2188758248682006 0.01828906718675114
IsFirstOfType 0.005681818181818182 3.2188758248682006 0.01828906718675114
org 0.005681818181818182 0.05129329438755048 2.9143917265653685E-4
jsoup 0.011363636363636364 0.0 0.0
select 0.005681818181818182 1.5606477482646683 0.008867316751503799
Evaluator 0.005681818181818182 3.2188758248682006 0.01828906718675114
Id 0.005681818181818182 2.120263536200091 0.012046951910227791
org 0.005681818181818182 0.05129329438755048 2.9143917265653685E-4
jsoup 0.011363636363636364 0.0 0.0
select 0.005681818181818182 1.5606477482646683 0.008867316751503799
Evaluator 0.005681818181818182 3.2188758248682006 0.01828906718675114
IndexEvaluator 0.005681818181818182 3.2188758248682006 0.01828906718675114
org 0.005681818181818182 0.05129329438755048 2.9143917265653685E-4
jsoup 0.011363636363636364 0.0 0.0
select 0.005681818181818182 1.5606477482646683 0.008867316751503799
Evaluator 0.005681818181818182 3.2188758248682006 0.01828906718675114
IndexEquals 0.005681818181818182 3.2188758248682006 0.01828906718675114
org 0.005681818181818182 0.05129329438755048 2.9143917265653685E-4
jsoup 0.011363636363636364 0.0 0.0
select 0.005681818181818182 1.5606477482646683 0.008867316751503799
Evaluator 0.005681818181818182 3.2188758248682006 0.01828906718675114
IndexGreaterThan 0.005681818181818182 3.2188758248682006 0.01828906718675114
org 0.005681818181818182 0.05129329438755048 2.9143917265653685E-4
jsoup 0.011363636363636364 0.0 0.0
select 0.005681818181818182 1.5606477482646683 0.008867316751503799
Evaluator 0.005681818181818182 3.2188758248682006 0.01828906718675114
IndexLessThan 0.005681818181818182 3.2188758248682006 0.01828906718675114
org 0.005681818181818182 0.05129329438755048 2.9143917265653685E-4
jsoup 0.011363636363636364 0.0 0.0
select 0.005681818181818182 1.5606477482646683 0.008867316751503799
Evaluator 0.005681818181818182 3.2188758248682006 0.01828906718675114
IsEmpty 0.005681818181818182 2.0402208285265546 0.011592163798446334
org 0.005681818181818182 0.05129329438755048 2.9143917265653685E-4
jsoup 0.011363636363636364 0.0 0.0
select 0.005681818181818182 1.5606477482646683 0.008867316751503799
Evaluator 0.005681818181818182 3.2188758248682006 0.01828906718675114
IsFirstChild 0.005681818181818182 3.2188758248682006 0.01828906718675114
org 0.005681818181818182 0.05129329438755048 2.9143917265653685E-4
jsoup 0.011363636363636364 0.0 0.0
select 0.005681818181818182 1.5606477482646683 0.008867316751503799
Evaluator 0.005681818181818182 3.2188758248682006 0.01828906718675114
IsLastChild 0.005681818181818182 3.2188758248682006 0.01828906718675114
org 0.005681818181818182 0.05129329438755048 2.9143917265653685E-4
jsoup 0.011363636363636364 0.0 0.0
select 0.005681818181818182 1.5606477482646683 0.008867316751503799
Evaluator 0.005681818181818182 3.2188758248682006 0.01828906718675114
IsOnlyChild 0.005681818181818182 3.2188758248682006 0.01828906718675114
org 0.005681818181818182 0.05129329438755048 2.9143917265653685E-4
jsoup 0.011363636363636364 0.0 0.0
select 0.005681818181818182 1.5606477482646683 0.008867316751503799
Evaluator 0.005681818181818182 3.2188758248682006 0.01828906718675114
IsOnlyOfType 0.005681818181818182 3.2188758248682006 0.01828906718675114
org 0.005681818181818182 0.05129329438755048 2.9143917265653685E-4
jsoup 0.011363636363636364 0.0 0.0
select 0.005681818181818182 1.5606477482646683 0.008867316751503799
Evaluator 0.005681818181818182 3.2188758248682006 0.01828906718675114
IsRoot 0.005681818181818182 3.2188758248682006 0.01828906718675114
org 0.005681818181818182 0.05129329438755048 2.9143917265653685E-4
jsoup 0.011363636363636364 0.0 0.0
select 0.005681818181818182 1.5606477482646683 0.008867316751503799
Evaluator 0.005681818181818182 3.2188758248682006 0.01828906718675114
Matches 0.005681818181818182 2.5257286443082556 0.014350730933569634
org 0.005681818181818182 0.05129329438755048 2.9143917265653685E-4
jsoup 0.011363636363636364 0.0 0.0
select 0.005681818181818182 1.5606477482646683 0.008867316751503799
Evaluator 0.005681818181818182 3.2188758248682006 0.01828906718675114
MatchesOwn 0.005681818181818182 3.2188758248682006 0.01828906718675114
org 0.005681818181818182 0.05129329438755048 2.9143917265653685E-4
jsoup 0.011363636363636364 0.0 0.0
select 0.005681818181818182 1.5606477482646683 0.008867316751503799
Evaluator 0.005681818181818182 3.2188758248682006 0.01828906718675114
MatchText 0.005681818181818182 2.8134107167600364 0.015985288163409297
org 0.005681818181818182 0.05129329438755048 2.9143917265653685E-4
jsoup 0.011363636363636364 0.0 0.0
select 0.005681818181818182 1.5606477482646683 0.008867316751503799
Evaluator 0.005681818181818182 3.2188758248682006 0.01828906718675114
Tag 0.005681818181818182 0.843970070294529 0.0047952844903098235
org 0.005681818181818182 0.05129329438755048 2.9143917265653685E-4
jsoup 0.011363636363636364 0.0 0.0
select 0.005681818181818182 1.5606477482646683 0.008867316751503799
Evaluator 0.005681818181818182 3.2188758248682006 0.01828906718675114
TagEndsWith 0.005681818181818182 3.2188758248682006 0.01828906718675114
org 0.005681818181818182 0.05129329438755048 2.9143917265653685E-4
jsoup 0.011363636363636364 0.0 0.0
examples 0.005681818181818182 0.7985076962177716 0.004536975546691884
HtmlToPlainText 0.005681818181818182 3.2188758248682006 0.01828906718675114
org 0.005681818181818182 0.05129329438755048 2.9143917265653685E-4
jsoup 0.011363636363636364 0.0 0.0
parser 0.011363636363636364 0.0 0.0
HtmlTreeBuilder 0.005681818181818182 2.659260036932778 0.015109432028027147
org 0.005681818181818182 0.05129329438755048 2.9143917265653685E-4
jsoup 0.011363636363636364 0.0 0.0
helper 0.005681818181818182 1.1086626245216111 0.006299219457509155
HttpConnection 0.005681818181818182 1.8971199848858813 0.010779090823215235
implements 0.005681818181818182 0.6931471805599453 0.003938336253181508
org 0.005681818181818182 0.05129329438755048 2.9143917265653685E-4
jsoup 0.011363636363636364 0.0 0.0
Connection 0.005681818181818182 1.2039728043259361 0.006840754570033728
org 0.005681818181818182 0.05129329438755048 2.9143917265653685E-4
jsoup 0.011363636363636364 0.0 0.0
helper 0.005681818181818182 1.1086626245216111 0.006299219457509155
HttpConnection 0.005681818181818182 1.8971199848858813 0.010779090823215235
KeyVal 0.005681818181818182 1.7147984280919266 0.009743172886885946
implements 0.005681818181818182 0.6931471805599453 0.003938336253181508
org 0.005681818181818182 0.05129329438755048 2.9143917265653685E-4
jsoup 0.011363636363636364 0.0 0.0
Connection 0.005681818181818182 1.2039728043259361 0.006840754570033728
KeyVal 0.005681818181818182 1.7147984280919266 0.009743172886885946
org 0.005681818181818182 0.05129329438755048 2.9143917265653685E-4
jsoup 0.011363636363636364 0.0 0.0
helper 0.005681818181818182 1.1086626245216111 0.006299219457509155
HttpConnection 0.005681818181818182 1.8971199848858813 0.010779090823215235
Request 0.005681818181818182 1.2378743560016172 0.0070333770227364615
implements 0.005681818181818182 0.6931471805599453 0.003938336253181508
org 0.005681818181818182 0.05129329438755048 2.9143917265653685E-4
jsoup 0.011363636363636364 0.0 0.0
Connection 0.005681818181818182 1.2039728043259361 0.006840754570033728
Request 0.005681818181818182 1.2378743560016172 0.0070333770227364615
org 0.005681818181818182 0.05129329438755048 2.9143917265653685E-4
jsoup 0.011363636363636364 0.0 0.0
helper 0.005681818181818182 1.1086626245216111 0.006299219457509155
HttpConnection 0.005681818181818182 1.8971199848858813 0.010779090823215235
Response 0.005681818181818182 1.2729656758128876 0.007232759521664134
implements 0.005681818181818182 0.6931471805599453 0.003938336253181508
org 0.005681818181818182 0.05129329438755048 2.9143917265653685E-4
jsoup 0.011363636363636364 0.0 0.0
Connection 0.005681818181818182 1.2039728043259361 0.006840754570033728
Response 0.005681818181818182 1.2729656758128876 0.007232759521664134
java 0.011363636363636364 0.010050335853501506 1.1420836197160803E-4
io 0.005681818181818182 1.5606477482646683 0.008867316751503799
InputStream 0.005681818181818182 1.5141277326297755 0.008602998480850997
implements 0.005681818181818182 0.6931471805599453 0.003938336253181508
java 0.011363636363636364 0.010050335853501506 1.1420836197160803E-4
io 0.005681818181818182 1.5606477482646683 0.008867316751503799
Closeable 0.005681818181818182 2.8134107167600364 0.015985288163409297
java 0.011363636363636364 0.010050335853501506 1.1420836197160803E-4
io 0.005681818181818182 1.5606477482646683 0.008867316751503799
FilterInputStream 0.005681818181818182 2.5257286443082556 0.014350730933569634
java 0.011363636363636364 0.010050335853501506 1.1420836197160803E-4
io 0.005681818181818182 1.5606477482646683 0.008867316751503799
BufferedInputStream 0.005681818181818182 2.659260036932778 0.015109432028027147
org 0.005681818181818182 0.05129329438755048 2.9143917265653685E-4
jsoup 0.011363636363636364 0.0 0.0
internal 0.005681818181818182 1.5141277326297755 0.008602998480850997
ConstrainableInputStream 0.005681818181818182 3.2188758248682006 0.01828906718675114
org 0.005681818181818182 0.05129329438755048 2.9143917265653685E-4
jsoup 0.011363636363636364 0.0 0.0
Jsoup 0.011363636363636364 0.0 0.0
org 0.005681818181818182 0.05129329438755048 2.9143917265653685E-4
jsoup 0.011363636363636364 0.0 0.0
examples 0.005681818181818182 0.7985076962177716 0.004536975546691884
ListLinks 0.005681818181818182 3.2188758248682006 0.01828906718675114
org 0.005681818181818182 0.05129329438755048 2.9143917265653685E-4
jsoup 0.011363636363636364 0.0 0.0
nodes 0.005681818181818182 0.7550225842780328 0.004289901047034277
Node 0.005681818181818182 1.6607312068216509 0.009435972766032108
implements 0.005681818181818182 0.6931471805599453 0.003938336253181508
java 0.011363636363636364 0.010050335853501506 1.1420836197160803E-4
lang 0.005681818181818182 0.653926467406664 0.0037154912920833185
Cloneable 0.005681818181818182 1.3093333199837622 0.007439393863544104
org 0.005681818181818182 0.05129329438755048 2.9143917265653685E-4
jsoup 0.011363636363636364 0.0 0.0
nodes 0.005681818181818182 0.7550225842780328 0.004289901047034277
Comment 0.005681818181818182 1.7719568419318754 0.010067936601885655
org 0.005681818181818182 0.05129329438755048 2.9143917265653685E-4
jsoup 0.011363636363636364 0.0 0.0
nodes 0.005681818181818182 0.7550225842780328 0.004289901047034277
DataNode 0.005681818181818182 2.120263536200091 0.012046951910227791
org 0.005681818181818182 0.05129329438755048 2.9143917265653685E-4
jsoup 0.011363636363636364 0.0 0.0
nodes 0.005681818181818182 0.7550225842780328 0.004289901047034277
DocumentType 0.005681818181818182 1.8325814637483102 0.010412394680388126
org 0.005681818181818182 0.05129329438755048 2.9143917265653685E-4
jsoup 0.011363636363636364 0.0 0.0
nodes 0.005681818181818182 0.7550225842780328 0.004289901047034277
Element 0.005681818181818182 0.7339691750802005 0.004170279403864776
org 0.005681818181818182 0.05129329438755048 2.9143917265653685E-4
jsoup 0.011363636363636364 0.0 0.0
nodes 0.005681818181818182 0.7550225842780328 0.004289901047034277
Document 0.005681818181818182 0.40047756659712536 0.0022754407193018487
org 0.005681818181818182 0.05129329438755048 2.9143917265653685E-4
jsoup 0.011363636363636364 0.0 0.0
nodes 0.005681818181818182 0.7550225842780328 0.004289901047034277
FormElement 0.005681818181818182 2.0402208285265546 0.011592163798446334
org 0.005681818181818182 0.05129329438755048 2.9143917265653685E-4
jsoup 0.011363636363636364 0.0 0.0
nodes 0.005681818181818182 0.7550225842780328 0.004289901047034277
PseudoTextElement 0.005681818181818182 2.207274913189721 0.012541334734032506
org 0.005681818181818182 0.05129329438755048 2.9143917265653685E-4
jsoup 0.011363636363636364 0.0 0.0
nodes 0.005681818181818182 0.7550225842780328 0.004289901047034277
TextNode 0.005681818181818182 2.302585092994046 0.01308286984655708
org 0.005681818181818182 0.05129329438755048 2.9143917265653685E-4
jsoup 0.011363636363636364 0.0 0.0
nodes 0.005681818181818182 0.7550225842780328 0.004289901047034277
CDataNode 0.005681818181818182 2.302585092994046 0.01308286984655708
org 0.005681818181818182 0.05129329438755048 2.9143917265653685E-4
jsoup 0.011363636363636364 0.0 0.0
nodes 0.005681818181818182 0.7550225842780328 0.004289901047034277
XmlDeclaration 0.005681818181818182 2.302585092994046 0.01308286984655708
org 0.005681818181818182 0.05129329438755048 2.9143917265653685E-4
jsoup 0.011363636363636364 0.0 0.0
select 0.005681818181818182 1.5606477482646683 0.008867316751503799
NodeTraversor 0.005681818181818182 3.2188758248682006 0.01828906718675114
org 0.005681818181818182 0.05129329438755048 2.9143917265653685E-4
jsoup 0.011363636363636364 0.0 0.0
internal 0.005681818181818182 1.5141277326297755 0.008602998480850997
Normalizer 0.005681818181818182 2.659260036932778 0.015109432028027147
org 0.005681818181818182 0.05129329438755048 2.9143917265653685E-4
jsoup 0.011363636363636364 0.0 0.0
parser 0.011363636363636364 0.0 0.0
ParseError 0.005681818181818182 2.8134107167600364 0.015985288163409297
org 0.005681818181818182 0.05129329438755048 2.9143917265653685E-4
jsoup 0.011363636363636364 0.0 0.0
parser 0.011363636363636364 0.0 0.0
Parser 0.011363636363636364 0.0 0.0
org 0.005681818181818182 0.05129329438755048 2.9143917265653685E-4
jsoup 0.011363636363636364 0.0 0.0
parser 0.011363636363636364 0.0 0.0
ParseSettings 0.005681818181818182 2.207274913189721 0.012541334734032506
org 0.005681818181818182 0.05129329438755048 2.9143917265653685E-4
jsoup 0.011363636363636364 0.0 0.0
select 0.005681818181818182 1.5606477482646683 0.008867316751503799
QueryParser 0.005681818181818182 3.2188758248682006 0.01828906718675114
org 0.005681818181818182 0.05129329438755048 2.9143917265653685E-4
jsoup 0.011363636363636364 0.0 0.0
safety 0.005681818181818182 0.9162907318741551 0.005206197340194063
Safelist 0.005681818181818182 0.9162907318741551 0.005206197340194063
org 0.005681818181818182 0.05129329438755048 2.9143917265653685E-4
jsoup 0.011363636363636364 0.0 0.0
safety 0.005681818181818182 0.9162907318741551 0.005206197340194063
Whitelist 0.005681818181818182 1.1086626245216111 0.006299219457509155
org 0.005681818181818182 0.05129329438755048 2.9143917265653685E-4
jsoup 0.011363636363636364 0.0 0.0
select 0.005681818181818182 1.5606477482646683 0.008867316751503799
Selector 0.005681818181818182 1.7147984280919266 0.009743172886885946
org 0.005681818181818182 0.05129329438755048 2.9143917265653685E-4
jsoup 0.011363636363636364 0.0 0.0
internal 0.005681818181818182 1.5141277326297755 0.008602998480850997
StringUtil 0.005681818181818182 3.2188758248682006 0.01828906718675114
org 0.005681818181818182 0.05129329438755048 2.9143917265653685E-4
jsoup 0.011363636363636364 0.0 0.0
internal 0.005681818181818182 1.5141277326297755 0.008602998480850997
StringUtil 0.005681818181818182 3.2188758248682006 0.01828906718675114
StringJoiner 0.005681818181818182 3.2188758248682006 0.01828906718675114
org 0.005681818181818182 0.05129329438755048 2.9143917265653685E-4
jsoup 0.011363636363636364 0.0 0.0
parser 0.011363636363636364 0.0 0.0
Tag 0.005681818181818182 0.843970070294529 0.0047952844903098235
implements 0.005681818181818182 0.6931471805599453 0.003938336253181508
java 0.011363636363636364 0.010050335853501506 1.1420836197160803E-4
lang 0.005681818181818182 0.653926467406664 0.0037154912920833185
Cloneable 0.005681818181818182 1.3093333199837622 0.007439393863544104
java 0.011363636363636364 0.010050335853501506 1.1420836197160803E-4
lang 0.005681818181818182 0.653926467406664 0.0037154912920833185
Throwable 0.005681818181818182 1.9661128563728327 0.011171095774845641
implements 0.005681818181818182 0.6931471805599453 0.003938336253181508
java 0.011363636363636364 0.010050335853501506 1.1420836197160803E-4
io 0.005681818181818182 1.5606477482646683 0.008867316751503799
Serializable 0.005681818181818182 1.4271163556401458 0.008108615657046283
java 0.011363636363636364 0.010050335853501506 1.1420836197160803E-4
lang 0.005681818181818182 0.653926467406664 0.0037154912920833185
Exception 0.005681818181818182 1.4271163556401458 0.008108615657046283
java 0.011363636363636364 0.010050335853501506 1.1420836197160803E-4
io 0.005681818181818182 1.5606477482646683 0.008867316751503799
IOException 0.005681818181818182 1.4696759700589417 0.008350431648062168
org 0.005681818181818182 0.05129329438755048 2.9143917265653685E-4
jsoup 0.011363636363636364 0.0 0.0
HttpStatusException 0.005681818181818182 1.6607312068216509 0.009435972766032108
org 0.005681818181818182 0.05129329438755048 2.9143917265653685E-4
jsoup 0.011363636363636364 0.0 0.0
UnsupportedMimeTypeException 0.005681818181818182 1.7719568419318754 0.010067936601885655
java 0.011363636363636364 0.010050335853501506 1.1420836197160803E-4
lang 0.005681818181818182 0.653926467406664 0.0037154912920833185
RuntimeException 0.005681818181818182 2.407945608651872 0.013681509140067454
java 0.011363636363636364 0.010050335853501506 1.1420836197160803E-4
lang 0.005681818181818182 0.653926467406664 0.0037154912920833185
IllegalStateException 0.005681818181818182 2.5257286443082556 0.014350730933569634
org 0.005681818181818182 0.05129329438755048 2.9143917265653685E-4
jsoup 0.011363636363636364 0.0 0.0
select 0.005681818181818182 1.5606477482646683 0.008867316751503799
Selector 0.005681818181818182 1.7147984280919266 0.009743172886885946
SelectorParseException 0.005681818181818182 2.8134107167600364 0.015985288163409297
org 0.005681818181818182 0.05129329438755048 2.9143917265653685E-4
jsoup 0.011363636363636364 0.0 0.0
SerializationException 0.005681818181818182 2.302585092994046 0.01308286984655708
org 0.005681818181818182 0.05129329438755048 2.9143917265653685E-4
jsoup 0.011363636363636364 0.0 0.0
UncheckedIOException 0.005681818181818182 2.302585092994046 0.01308286984655708
org 0.005681818181818182 0.05129329438755048 2.9143917265653685E-4
jsoup 0.011363636363636364 0.0 0.0
parser 0.011363636363636364 0.0 0.0
TokenQueue 0.005681818181818182 2.8134107167600364 0.015985288163409297
org 0.005681818181818182 0.05129329438755048 2.9143917265653685E-4
jsoup 0.011363636363636364 0.0 0.0
helper 0.005681818181818182 1.1086626245216111 0.006299219457509155
Validate 0.005681818181818182 2.120263536200091 0.012046951910227791
org 0.005681818181818182 0.05129329438755048 2.9143917265653685E-4
jsoup 0.011363636363636364 0.0 0.0
helper 0.005681818181818182 1.1086626245216111 0.006299219457509155
W 0.005681818181818182 1.2378743560016172 0.0070333770227364615
CDom 0.005681818181818182 2.207274913189721 0.012541334734032506
org 0.005681818181818182 0.05129329438755048 2.9143917265653685E-4
jsoup 0.011363636363636364 0.0 0.0
helper 0.005681818181818182 1.1086626245216111 0.006299219457509155
W 0.005681818181818182 1.2378743560016172 0.0070333770227364615
CDom 0.005681818181818182 2.207274913189721 0.012541334734032506
W 0.005681818181818182 1.2378743560016172 0.0070333770227364615
CBuilder 0.005681818181818182 2.5257286443082556 0.014350730933569634
implements 0.005681818181818182 0.6931471805599453 0.003938336253181508
org 0.005681818181818182 0.05129329438755048 2.9143917265653685E-4
jsoup 0.011363636363636364 0.0 0.0
select 0.005681818181818182 1.5606477482646683 0.008867316751503799
NodeVisitor 0.005681818181818182 2.8134107167600364 0.015985288163409297
org 0.005681818181818182 0.05129329438755048 2.9143917265653685E-4
jsoup 0.011363636363636364 0.0 0.0
examples 0.005681818181818182 0.7985076962177716 0.004536975546691884
Wikipedia 0.005681818181818182 2.302585092994046 0.01308286984655708
org 0.005681818181818182 0.05129329438755048 2.9143917265653685E-4
jsoup 0.011363636363636364 0.0 0.0
parser 0.011363636363636364 0.0 0.0
XmlTreeBuilder 0.005681818181818182 3.2188758248682006 0.01828906718675114
Interface 0.005681818181818182 0.653926467406664 0.0037154912920833185
Hierarchy 0.005681818181818182 1.5606477482646683 0.008867316751503799
org 0.005681818181818182 0.05129329438755048 2.9143917265653685E-4
jsoup 0.011363636363636364 0.0 0.0
Connection 0.005681818181818182 1.2039728043259361 0.006840754570033728
org 0.005681818181818182 0.05129329438755048 2.9143917265653685E-4
jsoup 0.011363636363636364 0.0 0.0
Connection 0.005681818181818182 1.2039728043259361 0.006840754570033728
Base 0.005681818181818182 0.9162907318741551 0.005206197340194063
T 0.005681818181818182 1.2729656758128876 0.007232759521664134
org 0.005681818181818182 0.05129329438755048 2.9143917265653685E-4
jsoup 0.011363636363636364 0.0 0.0
Connection 0.005681818181818182 1.2039728043259361 0.006840754570033728
Request 0.005681818181818182 1.2378743560016172 0.0070333770227364615
org 0.005681818181818182 0.05129329438755048 2.9143917265653685E-4
jsoup 0.011363636363636364 0.0 0.0
Connection 0.005681818181818182 1.2039728043259361 0.006840754570033728
Response 0.005681818181818182 1.2729656758128876 0.007232759521664134
org 0.005681818181818182 0.05129329438755048 2.9143917265653685E-4
jsoup 0.011363636363636364 0.0 0.0
Connection 0.005681818181818182 1.2039728043259361 0.006840754570033728
KeyVal 0.005681818181818182 1.7147984280919266 0.009743172886885946
org 0.005681818181818182 0.05129329438755048 2.9143917265653685E-4
jsoup 0.011363636363636364 0.0 0.0
select 0.005681818181818182 1.5606477482646683 0.008867316751503799
NodeFilter 0.005681818181818182 2.8134107167600364 0.015985288163409297
org 0.005681818181818182 0.05129329438755048 2.9143917265653685E-4
jsoup 0.011363636363636364 0.0 0.0
select 0.005681818181818182 1.5606477482646683 0.008867316751503799
NodeVisitor 0.005681818181818182 2.8134107167600364 0.015985288163409297
Annotation 0.011363636363636364 1.8971199848858813 0.02155818164643047
Type 0.005681818181818182 0.44628710262841953 0.002535722174025111
Hierarchy 0.005681818181818182 1.5606477482646683 0.008867316751503799
org 0.005681818181818182 0.05129329438755048 2.9143917265653685E-4
jsoup 0.011363636363636364 0.0 0.0
internal 0.005681818181818182 1.5141277326297755 0.008602998480850997
FieldsAreNonnullByDefault 0.005681818181818182 3.2188758248682006 0.01828906718675114
implements 0.005681818181818182 0.6931471805599453 0.003938336253181508
java 0.011363636363636364 0.010050335853501506 1.1420836197160803E-4
lang 0.005681818181818182 0.653926467406664 0.0037154912920833185
annotation 0.011363636363636364 1.8971199848858813 0.02155818164643047
Annotation 0.011363636363636364 1.8971199848858813 0.02155818164643047
org 0.005681818181818182 0.05129329438755048 2.9143917265653685E-4
jsoup 0.011363636363636364 0.0 0.0
internal 0.005681818181818182 1.5141277326297755 0.008602998480850997
NonnullByDefault 0.005681818181818182 2.302585092994046 0.01308286984655708
implements 0.005681818181818182 0.6931471805599453 0.003938336253181508
java 0.011363636363636364 0.010050335853501506 1.1420836197160803E-4
lang 0.005681818181818182 0.653926467406664 0.0037154912920833185
annotation 0.011363636363636364 1.8971199848858813 0.02155818164643047
Annotation 0.011363636363636364 1.8971199848858813 0.02155818164643047
org 0.005681818181818182 0.05129329438755048 2.9143917265653685E-4
jsoup 0.011363636363636364 0.0 0.0
internal 0.005681818181818182 1.5141277326297755 0.008602998480850997
ReturnsAreNonnullByDefault 0.005681818181818182 3.2188758248682006 0.01828906718675114
implements 0.005681818181818182 0.6931471805599453 0.003938336253181508
java 0.011363636363636364 0.010050335853501506 1.1420836197160803E-4
lang 0.005681818181818182 0.653926467406664 0.0037154912920833185
annotation 0.011363636363636364 1.8971199848858813 0.02155818164643047
Annotation 0.011363636363636364 1.8971199848858813 0.02155818164643047
Enum 0.005681818181818182 1.5141277326297755 0.008602998480850997
Hierarchy 0.005681818181818182 1.5606477482646683 0.008867316751503799
java 0.011363636363636364 0.010050335853501506 1.1420836197160803E-4
lang 0.005681818181818182 0.653926467406664 0.0037154912920833185
Object 0.005681818181818182 0.43078291609245434 0.0024476302050707634
java 0.011363636363636364 0.010050335853501506 1.1420836197160803E-4
lang 0.005681818181818182 0.653926467406664 0.0037154912920833185
Enum 0.005681818181818182 1.5141277326297755 0.008602998480850997
E 0.005681818181818182 0.7765287894989963 0.004412095394880661
implements 0.005681818181818182 0.6931471805599453 0.003938336253181508
java 0.011363636363636364 0.010050335853501506 1.1420836197160803E-4
lang 0.005681818181818182 0.653926467406664 0.0037154912920833185
Comparable 0.005681818181818182 2.120263536200091 0.012046951910227791
T 0.005681818181818182 1.2729656758128876 0.007232759521664134
java 0.011363636363636364 0.010050335853501506 1.1420836197160803E-4
lang 0.005681818181818182 0.653926467406664 0.0037154912920833185
constant 0.005681818181818182 1.4271163556401458 0.008108615657046283
Constable 0.005681818181818182 2.8134107167600364 0.015985288163409297
java 0.011363636363636364 0.010050335853501506 1.1420836197160803E-4
io 0.005681818181818182 1.5606477482646683 0.008867316751503799
Serializable 0.005681818181818182 1.4271163556401458 0.008108615657046283
org 0.005681818181818182 0.05129329438755048 2.9143917265653685E-4
jsoup 0.011363636363636364 0.0 0.0
Connection 0.005681818181818182 1.2039728043259361 0.006840754570033728
Method 0.005681818181818182 0.32850406697203605 0.001866500380522932
org 0.005681818181818182 0.05129329438755048 2.9143917265653685E-4
jsoup 0.011363636363636364 0.0 0.0
nodes 0.005681818181818182 0.7550225842780328 0.004289901047034277
Document 0.005681818181818182 0.40047756659712536 0.0022754407193018487
OutputSettings 0.005681818181818182 1.1394342831883648 0.006474058427206619
Syntax 0.005681818181818182 1.6607312068216509 0.009435972766032108
org 0.005681818181818182 0.05129329438755048 2.9143917265653685E-4
jsoup 0.011363636363636364 0.0 0.0
nodes 0.005681818181818182 0.7550225842780328 0.004289901047034277
Document 0.005681818181818182 0.40047756659712536 0.0022754407193018487
QuirksMode 0.005681818181818182 2.302585092994046 0.01308286984655708
org 0.005681818181818182 0.05129329438755048 2.9143917265653685E-4
jsoup 0.011363636363636364 0.0 0.0
nodes 0.005681818181818182 0.7550225842780328 0.004289901047034277
Entities 0.005681818181818182 1.9661128563728327 0.011171095774845641
EscapeMode 0.005681818181818182 2.120263536200091 0.012046951910227791
org 0.005681818181818182 0.05129329438755048 2.9143917265653685E-4
jsoup 0.011363636363636364 0.0 0.0
select 0.005681818181818182 1.5606477482646683 0.008867316751503799
NodeFilter 0.005681818181818182 2.8134107167600364 0.015985288163409297
FilterResult 0.005681818181818182 3.2188758248682006 0.01828906718675114
Skip 0.005681818181818182 0.06187540371808745 3.515647938527696E-4
navigation 0.005681818181818182 0.06187540371808745 3.515647938527696E-4
links 0.005681818181818182 0.0408219945202552 2.319431506832682E-4
jsoup 0.011363636363636364 0.0 0.0
Overview 0.005681818181818182 0.06187540371808745 3.515647938527696E-4
Package 0.005681818181818182 0.06187540371808745 3.515647938527696E-4
Class 0.005681818181818182 0.06187540371808745 3.515647938527696E-4
Use 0.005681818181818182 0.010050335853501506 5.7104180985804015E-5
Tree 0.005681818181818182 0.0408219945202552 2.319431506832682E-4
Deprecated 0.005681818181818182 0.06187540371808745 3.515647938527696E-4
Index 0.005681818181818182 0.06187540371808745 3.515647938527696E-4
Help 0.005681818181818182 0.05129329438755048 2.9143917265653685E-4
Copyright 0.005681818181818182 0.06187540371808745 3.515647938527696E-4
Jonathan 0.005681818181818182 0.0 0.0
Hedley 0.005681818181818182 0.0 0.0
All 0.005681818181818182 0.05129329438755048 2.9143917265653685E-4
rights 0.005681818181818182 0.06187540371808745 3.515647938527696E-4
reserved 0.005681818181818182 0.06187540371808745 3.515647938527696E-4
