Attributes 0.002105263157894737 0.3566749439387324 7.50894618818384E-4
jsoup 0.0010526315789473684 0.0 0.0
Java 0.002105263157894737 0.010050335853501506 2.1158601796845277E-5
HTML 0.002105263157894737 0.0 0.0
Parser 0.0010526315789473684 0.0 0.0
API 0.0010526315789473684 0.0 0.0
Skip 0.0010526315789473684 0.06187540371808745 6.513200391377627E-5
navigation 0.0010526315789473684 0.06187540371808745 6.513200391377627E-5
links 0.0010526315789473684 0.0408219945202552 4.297052054763705E-5
Overview 0.002105263157894737 0.06187540371808745 1.3026400782755254E-4
Package 0.0010526315789473684 0.06187540371808745 6.513200391377627E-5
Class 0.002105263157894737 0.06187540371808745 1.3026400782755254E-4
Use 0.002105263157894737 0.010050335853501506 2.1158601796845277E-5
Tree 0.0010526315789473684 0.0408219945202552 4.297052054763705E-5
Deprecated 0.0010526315789473684 0.06187540371808745 6.513200391377627E-5
Index 0.0010526315789473684 0.06187540371808745 6.513200391377627E-5
Help 0.002105263157894737 0.05129329438755048 1.079858829211589E-4
org 0.0010526315789473684 0.05129329438755048 5.399294146057945E-5
nodes 0.0010526315789473684 0.7550225842780328 7.947606150295082E-4
java 0.002105263157894737 0.010050335853501506 2.1158601796845277E-5
lang 0.0010526315789473684 0.653926467406664 6.883436499017516E-4
Object 0.002105263157894737 0.43078291609245434 9.069114022999038E-4
All 0.002105263157894737 0.05129329438755048 1.079858829211589E-4
Implemented 0.0010526315789473684 1.0498221244986776 0.0011050759205249237
Interfaces 0.0010526315789473684 1.0216512475319812 0.0010754223658231382
Cloneable 0.0010526315789473684 1.3093333199837622 0.0013782455999829075
Iterable 0.0010526315789473684 1.6094379124341003 0.0016941451709832633
Attribute 0.002105263157894737 0.6931471805599453 0.0014592572222314637
public 0.0010526315789473684 0.6931471805599453 7.296286111157319E-4
class 0.002105263157894737 0.06187540371808745 1.3026400782755254E-4
extends 0.0010526315789473684 0.653926467406664 6.883436499017516E-4
implements 0.0010526315789473684 0.6931471805599453 7.296286111157319E-4
The 0.002105263157894737 0.10536051565782635 2.2181161191121336E-4
attributes 0.002105263157894737 0.3566749439387324 7.50894618818384E-4
of 0.0010526315789473684 0.1165338162559516 1.2266717500626485E-4
an 0.0010526315789473684 0.4620354595965586 4.863531153647985E-4
Element 0.0010526315789473684 0.7339691750802005 7.72599131663369E-4
are 0.0010526315789473684 0.5447271754416719 5.733970267807073E-4
treated 0.0010526315789473684 1.8325814637483102 0.0019290331197350634
as 0.0010526315789473684 0.32850406697203605 3.457937547074064E-4
a 0.002105263157894737 0.16251892949777494 3.421451147321578E-4
map 0.002105263157894737 1.2378743560016172 0.0026060512757928784
there 0.0010526315789473684 1.2729656758128876 0.0013399638692767237
can 0.0010526315789473684 0.7339691750802005 7.72599131663369E-4
be 0.0010526315789473684 0.47803580094299974 5.031955799399997E-4
only 0.002105263157894737 0.843970070294529 0.001776779095356903
one 0.002105263157894737 1.07880966137193 0.0022711782344672212
value 0.0010526315789473684 0.5447271754416719 5.733970267807073E-4
associated 0.0010526315789473684 1.4271163556401458 0.0015022277427791009
with 0.0010526315789473684 0.23572233352106994 2.4812877212744203E-4
attribute 0.002105263157894737 0.6931471805599453 0.0014592572222314637
key 0.0010526315789473684 0.7985076962177716 8.405344170713385E-4
name 0.0010526315789473684 0.6931471805599453 7.296286111157319E-4
and 0.0010526315789473684 0.09431067947124142 9.927439944341202E-5
comparisons 0.0010526315789473684 2.659260036932778 0.002799221091508187
generally 0.0010526315789473684 1.3470736479666094 0.0014179722610174837
case 0.002105263157894737 1.3470736479666094 0.0028359445220349673
sensitive 0.0010526315789473684 2.407945608651872 0.0025346795880546017
By 0.002105263157894737 0.27443684570176036 5.777617804247587E-4
default 0.0010526315789473684 1.0216512475319812 0.0010754223658231382
for 0.002105263157894737 0.083381608939051 1.755402293453705E-4
names 0.0010526315789473684 1.6094379124341003 0.0016941451709832633
normalized 0.0010526315789473684 2.407945608651872 0.0025346795880546017
to 0.002105263157894737 0.17435338714477774 3.670597624100584E-4
lower 0.0010526315789473684 2.0402208285265546 0.0021476008721332154
on 0.002105263157894737 0.5447271754416719 0.0011467940535614147
parsing 0.0010526315789473684 1.2729656758128876 0.0013399638692767237
That 0.002105263157894737 0.22314355131420976 4.697758975035995E-4
means 0.0010526315789473684 1.8325814637483102 0.0019290331197350634
you 0.0010526315789473684 0.9162907318741551 9.645165598675317E-4
should 0.0010526315789473684 1.0498221244986776 0.0011050759205249237
use 0.002105263157894737 0.010050335853501506 2.1158601796845277E-5
strings 0.0010526315789473684 2.120263536200091 0.0022318563538948327
when 0.0010526315789473684 0.843970070294529 8.883895476784515E-4
referring 0.0010526315789473684 2.659260036932778 0.002799221091508187
by 0.002105263157894737 0.27443684570176036 5.777617804247587E-4
Author 0.0010526315789473684 2.120263536200091 0.0022318563538948327
Jonathan 0.002105263157894737 0.0 0.0
Hedley 0.002105263157894737 0.0 0.0
jonathan 0.002105263157894737 0.0 0.0
hedley 0.002105263157894737 0.0 0.0
net 0.0010526315789473684 1.8325814637483102 0.0019290331197350634
Field 0.0010526315789473684 1.1394342831883648 0.0011994045086193314
Summary 0.0010526315789473684 0.6931471805599453 7.296286111157319E-4
Fields 0.0010526315789473684 1.1086626245216111 0.0011670132889701169
Modifier 0.0010526315789473684 0.653926467406664 6.883436499017516E-4
Type 0.002105263157894737 0.44628710262841953 9.39551795007199E-4
Description 0.0010526315789473684 0.24846135929849972 2.615382729457892E-4
protected 0.0010526315789473684 1.1394342831883648 0.0011994045086193314
static 0.0010526315789473684 0.5621189181535412 5.917041243721486E-4
String 0.002105263157894737 0.4155154439616658 8.7476935570877E-4
dataPrefix 0.0010526315789473684 2.120263536200091 0.0022318563538948327
Constructor 0.0010526315789473684 0.6733445532637655 7.087837402776479E-4
Constructors 0.0010526315789473684 0.8915981192837835 9.385243360881931E-4
Method 0.002105263157894737 0.32850406697203605 6.915875094148128E-4
add 0.002105263157894737 1.171182981502945 0.002465648382111463
Adds 0.0010526315789473684 1.5606477482646683 0.001642787103436493
new 0.0010526315789473684 0.616186139423817 6.486169888671757E-4
void 0.0010526315789473684 1.4696759700589417 0.0015470273369041492
addAll 0.0010526315789473684 1.8325814637483102 0.0019290331197350634
incoming 0.0010526315789473684 2.120263536200091 0.0022318563538948327
Add 0.002105263157894737 1.171182981502945 0.002465648382111463
all 0.002105263157894737 0.05129329438755048 1.079858829211589E-4
the 0.002105263157894737 0.10536051565782635 2.2181161191121336E-4
from 0.0010526315789473684 0.38566248081198473 4.0596050611787864E-4
set 0.002105263157894737 0.4620354595965586 9.72706230729597E-4
this 0.0010526315789473684 0.3424903089467759 3.605161146808167E-4
List 0.002105263157894737 0.653926467406664 0.0013766872998035031
asList 0.0010526315789473684 1.8971199848858813 0.001996968405143033
Get 0.002105263157894737 0.6733445532637655 0.0014175674805552959
iteration 0.0010526315789473684 1.8971199848858813 0.001996968405143033
clone 0.0010526315789473684 0.8209805520698303 8.641900548103477E-4
Map 0.002105263157894737 1.2378743560016172 0.0026060512757928784
dataset 0.0010526315789473684 2.407945608651872 0.0025346795880546017
Retrieves 0.0010526315789473684 2.207274913189721 0.0023234472770418116
filtered 0.0010526315789473684 2.207274913189721 0.0023234472770418116
view 0.0010526315789473684 1.4271163556401458 0.0015022277427791009
that 0.002105263157894737 0.22314355131420976 4.697758975035995E-4
custom 0.002105263157894737 1.8325814637483102 0.0038580662394701267
data 0.002105263157894737 0.5978370007556204 0.0012586042121170956
is 0.0010526315789473684 0.22314355131420976 2.3488794875179975E-4
keys 0.0010526315789473684 1.7719568419318754 0.0018652177283493426
starting 0.0010526315789473684 1.7147984280919266 0.0018050509769388702
int 0.0010526315789473684 1.07880966137193 0.0011355891172336106
deduplicate 0.0010526315789473684 2.407945608651872 0.0025346795880546017
ParseSettings 0.0010526315789473684 2.207274913189721 0.0023234472770418116
settings 0.002105263157894737 1.171182981502945 0.002465648382111463
Internal 0.002105263157894737 1.5141277326297755 0.0031876373318521587
method 0.002105263157894737 0.32850406697203605 6.915875094148128E-4
boolean 0.0010526315789473684 0.653926467406664 6.883436499017516E-4
equals 0.0010526315789473684 0.9942522733438669 0.0010465813403619652
o 0.0010526315789473684 1.3862943611198906 0.0014592572222314637
Checks 0.0010526315789473684 1.8325814637483102 0.0019290331197350634
if 0.0010526315789473684 0.616186139423817 6.486169888671757E-4
these 0.0010526315789473684 1.5141277326297755 0.0015938186659260794
equal 0.0010526315789473684 2.207274913189721 0.0023234472770418116
another 0.0010526315789473684 1.6607312068216509 0.001748138112443843
comparing 0.0010526315789473684 2.407945608651872 0.0025346795880546017
two 0.0010526315789473684 1.4271163556401458 0.0015022277427791009
sets 0.0010526315789473684 1.6094379124341003 0.0016941451709832633
get 0.002105263157894737 0.6733445532637655 0.0014175674805552959
getIgnoreCase 0.0010526315789473684 2.407945608651872 0.0025346795880546017
s 0.0010526315789473684 0.5447271754416719 5.733970267807073E-4
insensitive 0.0010526315789473684 2.407945608651872 0.0025346795880546017
hasDeclaredValueForKey 0.0010526315789473684 2.407945608651872 0.0025346795880546017
Check 0.002105263157894737 1.3093333199837622 0.002756491199965815
contain 0.0010526315789473684 1.5606477482646683 0.001642787103436493
hasDeclaredValueForKeyIgnoreCase 0.0010526315789473684 2.407945608651872 0.0025346795880546017
hashCode 0.002105263157894737 0.9942522733438669 0.0020931626807239303
Calculates 0.0010526315789473684 2.120263536200091 0.0022318563538948327
hashcode 0.002105263157894737 0.9942522733438669 0.0020931626807239303
iterating 0.0010526315789473684 2.407945608651872 0.0025346795880546017
summing 0.0010526315789473684 2.407945608651872 0.0025346795880546017
their 0.0010526315789473684 1.2729656758128876 0.0013399638692767237
hashcodes 0.0010526315789473684 2.407945608651872 0.0025346795880546017
hasKey 0.0010526315789473684 2.407945608651872 0.0025346795880546017
Tests 0.0010526315789473684 1.9661128563728327 0.0020695924803924553
hasKeyIgnoreCase 0.0010526315789473684 2.407945608651872 0.0025346795880546017
html 0.002105263157894737 0.0 0.0
representation 0.0010526315789473684 1.8325814637483102 0.0019290331197350634
isEmpty 0.0010526315789473684 2.0402208285265546 0.0021476008721332154
Test 0.002105263157894737 1.1394342831883648 0.0023988090172386628
list 0.002105263157894737 0.653926467406664 0.0013766872998035031
empty 0.0010526315789473684 1.4696759700589417 0.0015470273369041492
size 0.0010526315789473684 1.3862943611198906 0.0014592572222314637
Iterator 0.002105263157894737 1.6094379124341003 0.0033882903419665267
iterator 0.002105263157894737 1.6094379124341003 0.0033882903419665267
normalize 0.0010526315789473684 2.407945608651872 0.0025346795880546017
put 0.0010526315789473684 1.7147984280919266 0.0018050509769388702
Set 0.002105263157894737 0.4620354595965586 9.72706230729597E-4
remove 0.002105263157894737 1.4271163556401458 0.0030044554855582018
false 0.0010526315789473684 1.1394342831883648 0.0011994045086193314
or 0.0010526315789473684 0.2613647641344075 2.751208043520079E-4
replace 0.0010526315789473684 1.7147984280919266 0.0018050509769388702
existing 0.0010526315789473684 1.2729656758128876 0.0013399638692767237
Remove 0.002105263157894737 1.4271163556401458 0.0030044554855582018
removeIgnoreCase 0.0010526315789473684 2.407945608651872 0.0025346795880546017
number 0.0010526315789473684 1.2378743560016172 0.0013030256378964392
in 0.0010526315789473684 0.1508228897345837 1.5876093656271966E-4
including 0.0010526315789473684 1.0498221244986776 0.0011050759205249237
any 0.0010526315789473684 0.5978370007556204 6.293021060585478E-4
internal 0.002105263157894737 1.5141277326297755 0.0031876373318521587
toString 0.0010526315789473684 0.9675840262617057 0.0010185095013281113
Methods 0.002105263157894737 0.24846135929849972 5.230765458915784E-4
inherited 0.0010526315789473684 0.9942522733438669 0.0010465813403619652
finalize 0.0010526315789473684 1.07880966137193 0.0011355891172336106
getClass 0.0010526315789473684 1.07880966137193 0.0011355891172336106
notify 0.0010526315789473684 1.0498221244986776 0.0011050759205249237
notifyAll 0.0010526315789473684 1.07880966137193 0.0011355891172336106
wait 0.0010526315789473684 0.9942522733438669 0.0010465813403619652
interface 0.0010526315789473684 0.653926467406664 6.883436499017516E-4
forEach 0.0010526315789473684 2.407945608651872 0.0025346795880546017
spliterator 0.0010526315789473684 2.407945608651872 0.0025346795880546017
Details 0.002105263157894737 0.7550225842780328 0.0015895212300590163
final 0.0010526315789473684 1.3093333199837622 0.0013782455999829075
See 0.0010526315789473684 0.3566749439387324 3.75447309409192E-4
Also 0.0010526315789473684 0.5108256237659907 5.377111829115692E-4
Constant 0.0010526315789473684 1.4271163556401458 0.0015022277427791009
Values 0.0010526315789473684 1.0216512475319812 0.0010754223658231382
Parameters 0.0010526315789473684 0.5978370007556204 6.293021060585478E-4
Returns 0.0010526315789473684 0.9942522733438669 0.0010465813403619652
string 0.002105263157894737 0.4155154439616658 8.7476935570877E-4
not 0.0010526315789473684 0.3424903089467759 3.605161146808167E-4
first 0.0010526315789473684 1.6094379124341003 0.0016941451709832633
matching 0.0010526315789473684 2.0402208285265546 0.0021476008721332154
ora 0.0010526315789473684 2.659260036932778 0.002799221091508187
Nullable 0.0010526315789473684 1.6607312068216509 0.001748138112443843
Will 0.002105263157894737 0.5447271754416719 0.0011467940535614147
produce 0.0010526315789473684 2.659260036932778 0.002799221091508187
duplicates 0.0010526315789473684 2.5257286443082556 0.0026586617308507953
already 0.0010526315789473684 1.8971199848858813 0.001996968405143033
exists 0.0010526315789473684 2.0402208285265546 0.0021476008721332154
null 0.0010526315789473684 1.2039728043259361 0.001267339794027301
may 0.0010526315789473684 1.07880966137193 0.0011355891172336106
chaining 0.0010526315789473684 1.7719568419318754 0.0018652177283493426
Case 0.002105263157894737 1.3470736479666094 0.0028359445220349673
check 0.002105263157894737 1.3093333199837622 0.002756491199965815
true 0.0010526315789473684 1.1086626245216111 0.0011670132889701169
otherwise 0.0010526315789473684 1.2378743560016172 0.0013030256378964392
it 0.002105263157894737 0.47803580094299974 0.0010063911598799994
has 0.0010526315789473684 0.7550225842780328 7.947606150295082E-4
excluded 0.0010526315789473684 2.659260036932778 0.002799221091508187
methods 0.002105263157894737 0.24846135929849972 5.230765458915784E-4
Specified 0.0010526315789473684 0.9675840262617057 0.0010185095013281113
unmodifiable 0.0010526315789473684 2.659260036932778 0.002799221091508187
Overrides 0.0010526315789473684 1.5606477482646683 0.001642787103436493
Note 0.0010526315789473684 1.3093333199837622 0.0013782455999829075
order 0.0010526315789473684 1.2378743560016172 0.0013030256378964392
does 0.0010526315789473684 0.7339691750802005 7.72599131663369E-4
impact 0.0010526315789473684 2.5257286443082556 0.0026586617308507953
equality 0.0010526315789473684 2.659260036932778 0.002799221091508187
per 0.0010526315789473684 1.7147984280919266 0.0018050509769388702
compare 0.0010526315789473684 2.407945608651872 0.0025346795880546017
both 0.0010526315789473684 1.6094379124341003 0.0016941451709832633
have 0.0010526315789473684 0.9416085398584451 9.911668840615212E-4
same 0.0010526315789473684 0.9942522733438669 0.0010465813403619652
content 0.0010526315789473684 0.44628710262841953 4.697758975035995E-4
calculated 0.0010526315789473684 2.659260036932778 0.002799221091508187
Lowercases 0.0010526315789473684 2.659260036932778 0.002799221091508187
Removes 0.0010526315789473684 2.120263536200091 0.0022318563538948327
duplicate 0.0010526315789473684 2.407945608651872 0.0025346795880546017
Settings 0.002105263157894737 1.171182981502945 0.002465648382111463
sensitivity 0.0010526315789473684 2.659260036932778 0.002799221091508187
removed 0.0010526315789473684 1.2378743560016172 0.0013030256378964392
dupes 0.0010526315789473684 2.659260036932778 0.002799221091508187
Copyright 0.0010526315789473684 0.06187540371808745 6.513200391377627E-5
rights 0.0010526315789473684 0.06187540371808745 6.513200391377627E-5
reserved 0.0010526315789473684 0.06187540371808745 6.513200391377627E-5
running 0.002105263157894737 1.9661128563728327 0.004139184960784911
OCI 0.0010526315789473684 2.995732273553991 0.0031534023932147273
Notifications 0.0010526315789473684 2.120263536200091 0.0022318563538948327
Send 0.0010526315789473684 2.5257286443082556 0.0026586617308507953
alerts 0.0010526315789473684 4.605170185988092 0.004847547564197991
messages 0.0010526315789473684 2.8134107167600364 0.0029614849650105644
across 0.0010526315789473684 2.407945608651872 0.0025346795880546017
different 0.0010526315789473684 2.120263536200091 0.0022318563538948327
platforms 0.0010526315789473684 2.5257286443082556 0.0026586617308507953
highly 0.0010526315789473684 3.506557897319982 0.0036911135761262966
available 0.0010526315789473684 1.6607312068216509 0.001748138112443843
low 0.0010526315789473684 2.0402208285265546 0.0021476008721332154
latency 0.0010526315789473684 2.995732273553991 0.0031534023932147273
publish 0.0010526315789473684 3.506557897319982 0.0036911135761262966
subscribe 0.002105263157894737 2.5257286443082556 0.005317323461701591
pub 0.0010526315789473684 4.605170185988092 0.004847547564197991
sub 0.0010526315789473684 2.659260036932778 0.002799221091508187
service 0.002105263157894737 1.6607312068216509 0.003496276224887686
Application 0.002105263157894737 1.3093333199837622 0.002756491199965815
Performance 0.002105263157894737 2.659260036932778 0.005598442183016374
Monitoring 0.002105263157894737 2.407945608651872 0.0050693591761092035
Gain 0.0010526315789473684 3.506557897319982 0.0036911135761262966
end 0.0010526315789473684 2.0402208285265546 0.0021476008721332154
visibility 0.0010526315789473684 2.302585092994046 0.0024237737820989955
into 0.0010526315789473684 0.8915981192837835 9.385243360881931E-4
application 0.002105263157894737 1.3093333199837622 0.002756491199965815
performance 0.002105263157894737 2.659260036932778 0.005598442183016374
diagnose 0.0010526315789473684 4.605170185988092 0.004847547564197991
issues 0.0010526315789473684 2.8134107167600364 0.0029614849650105644
other 0.0010526315789473684 0.8915981192837835 9.385243360881931E-4
clouds 0.0010526315789473684 4.605170185988092 0.004847547564197991
premises 0.002105263157894737 2.659260036932778 0.005598442183016374
Management 0.0010526315789473684 1.6094379124341003 0.0016941451709832633
Service 0.002105263157894737 1.6607312068216509 0.003496276224887686
Discover 0.0010526315789473684 3.506557897319982 0.0036911135761262966
monitor 0.0010526315789473684 2.0402208285265546 0.0021476008721332154
manage 0.002105263157894737 2.207274913189721 0.004646894554083623
environments 0.0010526315789473684 2.995732273553991 0.0031534023932147273
Database 0.002105263157894737 1.8971199848858813 0.003993936810286066
Manage 0.002105263157894737 2.207274913189721 0.004646894554083623
Oracle 0.0010526315789473684 0.8915981192837835 9.385243360881931E-4
Databases 0.0010526315789473684 2.8134107167600364 0.0029614849650105644
deployed 0.002105263157894737 2.995732273553991 0.006306804786429455
unified 0.0010526315789473684 2.995732273553991 0.0031534023932147273
console 0.002105263157894737 3.2188758248682006 0.006776580683933053
Resource 0.002105263157894737 1.6607312068216509 0.003496276224887686
Manager 0.0010526315789473684 2.120263536200091 0.0022318563538948327
Easily 0.0010526315789473684 4.605170185988092 0.004847547564197991
reliably 0.0010526315789473684 4.605170185988092 0.004847547564197991
deploy 0.002105263157894737 2.995732273553991 0.006306804786429455
Cloud 0.002105263157894737 2.302585092994046 0.004847547564197991
resources 0.0010526315789473684 1.9661128563728327 0.0020695924803924553
using 0.0010526315789473684 0.8209805520698303 8.641900548103477E-4
Terraform 0.0010526315789473684 4.605170185988092 0.004847547564197991
based 0.0010526315789473684 1.2729656758128876 0.0013399638692767237
infrastructure 0.002105263157894737 2.5257286443082556 0.005317323461701591
code 0.0010526315789473684 0.5108256237659907 5.377111829115692E-4
Connector 0.0010526315789473684 2.407945608651872 0.0025346795880546017
Hub 0.0010526315789473684 2.659260036932778 0.002799221091508187
Share 0.002105263157894737 2.207274913189721 0.004646894554083623
between 0.0010526315789473684 1.7147984280919266 0.0018050509769388702
services 0.002105263157894737 2.0402208285265546 0.004295201744266431
improved 0.0010526315789473684 2.8134107167600364 0.0029614849650105644
observability 0.0010526315789473684 2.995732273553991 0.0031534023932147273
DevOps 0.0010526315789473684 4.605170185988092 0.004847547564197991
operations 0.002105263157894737 1.6607312068216509 0.003496276224887686
Operations 0.002105263157894737 1.6607312068216509 0.003496276224887686
Insights 0.0010526315789473684 2.8134107167600364 0.0029614849650105644
Empower 0.0010526315789473684 4.605170185988092 0.004847547564197991
IT 0.002105263157894737 0.47803580094299974 0.0010063911598799994
staff 0.0010526315789473684 3.506557897319982 0.0036911135761262966
optimize 0.0010526315789473684 2.995732273553991 0.0031534023932147273
quickly 0.002105263157894737 4.605170185988092 0.009695095128395982
analyzing 0.0010526315789473684 4.605170185988092 0.004847547564197991
patterns 0.0010526315789473684 3.506557897319982 0.0036911135761262966
over 0.0010526315789473684 2.302585092994046 0.0024237737820989955
time 0.0010526315789473684 1.3470736479666094 0.0014179722610174837
SaaS 0.0010526315789473684 2.8134107167600364 0.0029614849650105644
Applications 0.002105263157894737 1.6607312068216509 0.003496276224887686
Fusion 0.0010526315789473684 3.506557897319982 0.0036911135761262966
Documentation 0.0010526315789473684 0.9416085398584451 9.911668840615212E-4
Customers 0.002105263157894737 2.5257286443082556 0.005317323461701591
Enterprise 0.0010526315789473684 2.5257286443082556 0.0026586617308507953
Planning 0.002105263157894737 3.506557897319982 0.007382227152252593
resource 0.002105263157894737 1.6607312068216509 0.003496276224887686
planning 0.002105263157894737 3.506557897319982 0.007382227152252593
ERP 0.0010526315789473684 2.5257286443082556 0.0026586617308507953
solutions 0.002105263157894737 2.5257286443082556 0.005317323461701591
built 0.002105263157894737 2.120263536200091 0.004463712707789665
AI 0.0010526315789473684 2.659260036932778 0.002799221091508187
technologies 0.0010526315789473684 3.506557897319982 0.0036911135761262966
will 0.002105263157894737 0.5447271754416719 0.0011467940535614147
future 0.0010526315789473684 1.8325814637483102 0.0019290331197350634
proof 0.0010526315789473684 3.506557897319982 0.0036911135761262966
your 0.002105263157894737 1.5141277326297755 0.0031876373318521587
business 0.002105263157894737 2.5257286443082556 0.005317323461701591
keep 0.0010526315789473684 2.995732273553991 0.0031534023932147273
pace 0.0010526315789473684 4.605170185988092 0.004847547564197991
change 0.0010526315789473684 0.9162907318741551 9.645165598675317E-4
EPM 0.0010526315789473684 2.995732273553991 0.0031534023932147273
helps 0.0010526315789473684 2.659260036932778 0.002799221091508187
businesses 0.0010526315789473684 2.995732273553991 0.0031534023932147273
model 0.0010526315789473684 1.6094379124341003 0.0016941451709832633
plan 0.0010526315789473684 3.2188758248682006 0.0033882903419665267
finance 0.0010526315789473684 3.506557897319982 0.0036911135761262966
HR 0.0010526315789473684 3.506557897319982 0.0036911135761262966
supply 0.002105263157894737 2.407945608651872 0.0050693591761092035
chain 0.002105263157894737 2.8134107167600364 0.005922969930021129
sales 0.0010526315789473684 2.5257286443082556 0.0026586617308507953
better 0.0010526315789473684 2.407945608651872 0.0025346795880546017
decisions 0.0010526315789473684 2.995732273553991 0.0031534023932147273
Supply 0.002105263157894737 2.407945608651872 0.0050693591761092035
Chain 0.002105263157894737 2.8134107167600364 0.005922969930021129
SCM 0.0010526315789473684 2.995732273553991 0.0031534023932147273
connects 0.0010526315789473684 2.995732273553991 0.0031534023932147273
networks 0.0010526315789473684 2.659260036932778 0.002799221091508187
integrated 0.0010526315789473684 2.659260036932778 0.002799221091508187
suite 0.0010526315789473684 2.5257286443082556 0.0026586617308507953
applications 0.002105263157894737 1.6607312068216509 0.003496276224887686
designed 0.0010526315789473684 1.8971199848858813 0.001996968405143033
outpace 0.0010526315789473684 4.605170185988092 0.004847547564197991
Human 0.002105263157894737 3.2188758248682006 0.006776580683933053
Capital 0.0010526315789473684 3.506557897319982 0.0036911135761262966
HCM 0.0010526315789473684 2.995732273553991 0.0031534023932147273
complete 0.002105263157894737 1.7147984280919266 0.0036101019538777404
cloud 0.002105263157894737 2.302585092994046 0.004847547564197991
native 0.002105263157894737 2.302585092994046 0.004847547564197991
solution 0.002105263157894737 2.407945608651872 0.0050693591761092035
connecting 0.0010526315789473684 3.506557897319982 0.0036911135761262966
every 0.002105263157894737 2.407945608651872 0.0050693591761092035
human 0.002105263157894737 3.2188758248682006 0.006776580683933053
process 0.0010526315789473684 1.9661128563728327 0.0020695924803924553
hire 0.0010526315789473684 4.605170185988092 0.004847547564197991
retire 0.0010526315789473684 4.605170185988092 0.004847547564197991
Advertising 0.0010526315789473684 3.506557897319982 0.0036911135761262966
Customer 0.002105263157894737 2.5257286443082556 0.005317323461701591
Experience 0.0010526315789473684 2.207274913189721 0.0023234472770418116
offers 0.0010526315789473684 2.995732273553991 0.0031534023932147273
connected 0.0010526315789473684 2.120263536200091 0.0022318563538948327
goes 0.0010526315789473684 4.605170185988092 0.004847547564197991
beyond 0.0010526315789473684 4.605170185988092 0.004847547564197991
traditional 0.0010526315789473684 4.605170185988092 0.004847547564197991
CRM 0.0010526315789473684 3.2188758248682006 0.0033882903419665267
help 0.002105263157894737 0.05129329438755048 1.079858829211589E-4
create 0.002105263157894737 0.8915981192837835 0.0018770486721763863
serve 0.0010526315789473684 3.506557897319982 0.0036911135761262966
nurture 0.0010526315789473684 4.605170185988092 0.004847547564197991
lasting 0.0010526315789473684 4.605170185988092 0.004847547564197991
customer 0.002105263157894737 2.5257286443082556 0.005317323461701591
relationships 0.0010526315789473684 3.506557897319982 0.0036911135761262966
Industry 0.002105263157894737 2.5257286443082556 0.005317323461701591
purpose 0.0010526315789473684 2.207274913189721 0.0023234472770418116
deep 0.0010526315789473684 2.995732273553991 0.0031534023932147273
domain 0.0010526315789473684 4.605170185988092 0.004847547564197991
expertise 0.0010526315789473684 4.605170185988092 0.004847547564197991
build 0.002105263157894737 1.9661128563728327 0.004139184960784911
run 0.002105263157894737 1.1086626245216111 0.0023340265779402338
grow 0.0010526315789473684 3.506557897319982 0.0036911135761262966
top 0.0010526315789473684 2.5257286443082556 0.0026586617308507953
bottom 0.0010526315789473684 3.2188758248682006 0.0033882903419665267
Security 0.002105263157894737 1.7719568419318754 0.003730435456698685
Pricing 0.002105263157894737 3.506557897319982 0.007382227152252593
Services 0.002105263157894737 2.0402208285265546 0.004295201744266431
Identity 0.0010526315789473684 1.8971199848858813 0.001996968405143033
Access 0.002105263157894737 0.8675005677047231 0.001826316984641522
user 0.0010526315789473684 1.0216512475319812 0.0010754223658231382
access 0.002105263157894737 0.8675005677047231 0.001826316984641522
entitlements 0.0010526315789473684 4.605170185988092 0.004847547564197991
non 0.0010526315789473684 1.8971199848858813 0.001996968405143033
Zones 0.0010526315789473684 2.995732273553991 0.0031534023932147273
up 0.0010526315789473684 1.4271163556401458 0.0015022277427791009
enforce 0.0010526315789473684 3.506557897319982 0.0036911135761262966
security 0.002105263157894737 1.7719568419318754 0.003730435456698685
policies 0.002105263157894737 2.8134107167600364 0.005922969930021129
secure 0.002105263157894737 2.407945608651872 0.0050693591761092035
compartments 0.0010526315789473684 4.605170185988092 0.004847547564197991
rich 0.0010526315789473684 3.506557897319982 0.0036911135761262966
policy 0.0010526315789473684 1.0216512475319812 0.0010754223658231382
library 0.0010526315789473684 2.407945608651872 0.0025346795880546017
embedded 0.0010526315789473684 3.506557897319982 0.0036911135761262966
best 0.0010526315789473684 1.9661128563728327 0.0020695924803924553
practices 0.0010526315789473684 2.8134107167600364 0.0029614849650105644
Certificates 0.002105263157894737 2.407945608651872 0.0050693591761092035
Secure 0.002105263157894737 2.407945608651872 0.0050693591761092035
Sockets 0.0010526315789473684 2.995732273553991 0.0031534023932147273
Layer 0.0010526315789473684 3.506557897319982 0.0036911135761262966
Transport 0.0010526315789473684 2.5257286443082556 0.0026586617308507953
SSL 0.0010526315789473684 2.207274913189721 0.0023234472770418116
TLS 0.0010526315789473684 2.8134107167600364 0.0029614849650105644
certificates 0.002105263157894737 2.407945608651872 0.0050693591761092035
Guard 0.0010526315789473684 2.5257286443082556 0.0026586617308507953
A 0.002105263157894737 0.16251892949777494 3.421451147321578E-4
posture 0.0010526315789473684 4.605170185988092 0.004847547564197991
tenants 0.0010526315789473684 4.605170185988092 0.004847547564197991
Identify 0.0010526315789473684 2.995732273553991 0.0031534023932147273
remediate 0.0010526315789473684 4.605170185988092 0.004847547564197991
threats 0.0010526315789473684 3.506557897319982 0.0036911135761262966
inconsistencies 0.0010526315789473684 4.605170185988092 0.004847547564197991
Vulnerability 0.0010526315789473684 2.995732273553991 0.0031534023932147273
Scanning 0.0010526315789473684 2.995732273553991 0.0031534023932147273
Assess 0.0010526315789473684 4.605170185988092 0.004847547564197991
hosts 0.0010526315789473684 4.605170185988092 0.004847547564197991
open 0.0010526315789473684 2.207274913189721 0.0023234472770418116
ports 0.0010526315789473684 4.605170185988092 0.004847547564197991
patch 0.0010526315789473684 2.8134107167600364 0.0029614849650105644
unsafe 0.0010526315789473684 3.506557897319982 0.0036911135761262966
packages 0.0010526315789473684 0.9162907318741551 9.645165598675317E-4
Vault 0.0010526315789473684 4.605170185988092 0.004847547564197991
Centrally 0.0010526315789473684 4.605170185988092 0.004847547564197991
maintain 0.0010526315789473684 2.0402208285265546 0.0021476008721332154
control 0.0010526315789473684 1.3470736479666094 0.0014179722610174837
encryption 0.0010526315789473684 4.605170185988092 0.004847547564197991
secret 0.0010526315789473684 3.506557897319982 0.0036911135761262966
credentials 0.0010526315789473684 3.506557897319982 0.0036911135761262966
Bastion 0.0010526315789473684 2.995732273553991 0.0031534023932147273
Provide 0.0010526315789473684 1.3862943611198906 0.0014592572222314637
restricted 0.0010526315789473684 3.506557897319982 0.0036911135761262966
limited 0.0010526315789473684 2.407945608651872 0.0025346795880546017
private 0.0010526315789473684 2.302585092994046 0.0024237737820989955
without 0.0010526315789473684 1.8325814637483102 0.0019290331197350634
jump 0.0010526315789473684 4.605170185988092 0.004847547564197991
host 0.0010526315789473684 2.659260036932778 0.002799221091508187
Web 0.0010526315789473684 0.8209805520698303 8.641900548103477E-4
Firewall 0.0010526315789473684 2.995732273553991 0.0031534023932147273
Protect 0.0010526315789473684 2.5257286443082556 0.0026586617308507953
malicious 0.0010526315789473684 4.605170185988092 0.004847547564197991
unwanted 0.0010526315789473684 4.605170185988092 0.004847547564197991
internet 0.0010526315789473684 2.120263536200091 0.0022318563538948327
traffic 0.0010526315789473684 1.1086626245216111 0.0011670132889701169
threat 0.002105263157894737 2.995732273553991 0.006306804786429455
intelligence 0.002105263157894737 2.5257286443082556 0.005317323461701591
consistent 0.0010526315789473684 3.506557897319982 0.0036911135761262966
rule 0.0010526315789473684 4.605170185988092 0.004847547564197991
enforcement 0.0010526315789473684 4.605170185988092 0.004847547564197991
Threat 0.002105263157894737 2.995732273553991 0.006306804786429455
Intelligence 0.002105263157894737 2.5257286443082556 0.005317323461701591
experts 0.0010526315789473684 3.2188758248682006 0.0033882903419665267
vast 0.0010526315789473684 4.605170185988092 0.004847547564197991
telemetry 0.0010526315789473684 3.506557897319982 0.0036911135761262966
common 0.0010526315789473684 1.7719568419318754 0.0018652177283493426
source 0.0010526315789473684 1.07880966137193 0.0011355891172336106
feeds 0.0010526315789473684 4.605170185988092 0.004847547564197991
partners 0.0010526315789473684 2.8134107167600364 0.0029614849650105644
CrowdStrike 0.0010526315789473684 4.605170185988092 0.004847547564197991
Autonomous 0.0010526315789473684 2.659260036932778 0.002799221091508187
Linux 0.0010526315789473684 2.995732273553991 0.0031534023932147273
Eliminate 0.0010526315789473684 3.506557897319982 0.0036911135761262966
complexity 0.0010526315789473684 3.506557897319982 0.0036911135761262966
error 0.0010526315789473684 1.4696759700589417 0.0015470273369041492
automatic 0.0010526315789473684 4.605170185988092 0.004847547564197991
updates 0.0010526315789473684 2.5257286443082556 0.0026586617308507953
tuning 0.0010526315789473684 4.605170185988092 0.004847547564197991
controls 0.0010526315789473684 1.7147984280919266 0.0018050509769388702
auditing 0.0010526315789473684 4.605170185988092 0.004847547564197991
more 0.0010526315789473684 0.7339691750802005 7.72599131663369E-4
Broker 0.0010526315789473684 2.659260036932778 0.002799221091508187
CASB 0.0010526315789473684 2.995732273553991 0.0031534023932147273
detect 0.0010526315789473684 4.605170185988092 0.004847547564197991
entire 0.0010526315789473684 2.995732273553991 0.0031534023932147273
stack 0.0010526315789473684 2.0402208285265546 0.0021476008721332154
workloads 0.002105263157894737 2.659260036932778 0.005598442183016374
Data 0.002105263157894737 0.5978370007556204 0.0012586042121170956
Safe 0.0010526315789473684 1.3093333199837622 0.0013782455999829075
Simplify 0.0010526315789473684 3.2188758248682006 0.0033882903419665267
single 0.0010526315789473684 1.4696759700589417 0.0015470273369041492
Storage 0.002105263157894737 2.302585092994046 0.004847547564197991
Block 0.002105263157894737 1.8971199848858813 0.003993936810286066
Volumes 0.002105263157894737 3.506557897319982 0.007382227152252593
Reliable 0.0010526315789473684 4.605170185988092 0.004847547564197991
high 0.002105263157894737 2.207274913189721 0.004646894554083623
block 0.002105263157894737 1.8971199848858813 0.003993936810286066
storage 0.002105263157894737 2.302585092994046 0.004847547564197991
File 0.002105263157894737 0.8915981192837835 0.0018770486721763863
Automatically 0.0010526315789473684 2.120263536200091 0.0022318563538948327
scaling 0.0010526315789473684 3.506557897319982 0.0036911135761262966
Network 0.002105263157894737 2.120263536200091 0.004463712707789665
System 0.0010526315789473684 1.2378743560016172 0.0013030256378964392
NFS 0.0010526315789473684 4.605170185988092 0.004847547564197991
multiway 0.0010526315789473684 4.605170185988092 0.004847547564197991
replication 0.0010526315789473684 4.605170185988092 0.004847547564197991
Store 0.0010526315789473684 1.6094379124341003 0.0016941451709832633
type 0.002105263157894737 0.44628710262841953 9.39551795007199E-4
its 0.0010526315789473684 0.8675005677047231 9.13158492320761E-4
format 0.0010526315789473684 1.4696759700589417 0.0015470273369041492
at 0.0010526315789473684 1.4271163556401458 0.0015022277427791009
scale 0.0010526315789473684 2.659260036932778 0.002799221091508187
Archive 0.0010526315789473684 2.5257286443082556 0.0026586617308507953
long 0.0010526315789473684 1.9661128563728327 0.0020695924803924553
term 0.0010526315789473684 3.2188758248682006 0.0033882903419665267
tenth 0.0010526315789473684 4.605170185988092 0.004847547564197991
cost 0.0010526315789473684 2.995732273553991 0.0031534023932147273
object 0.002105263157894737 0.43078291609245434 9.069114022999038E-4
Transfer 0.0010526315789473684 2.302585092994046 0.0024237737820989955
Securely 0.0010526315789473684 3.506557897319982 0.0036911135761262966
move 0.002105263157894737 2.207274913189721 0.004646894554083623
large 0.0010526315789473684 3.2188758248682006 0.0033882903419665267
volumes 0.002105263157894737 3.506557897319982 0.007382227152252593
no 0.0010526315789473684 0.5798184952529422 6.103352581609918E-4
charge 0.0010526315789473684 3.506557897319982 0.0036911135761262966
Gateway 0.0010526315789473684 3.506557897319982 0.0036911135761262966
Bridge 0.0010526315789473684 4.605170185988092 0.004847547564197991
local 0.0010526315789473684 1.8325814637483102 0.0019290331197350634
file 0.002105263157894737 0.8915981192837835 0.0018770486721763863
systems 0.0010526315789473684 2.407945608651872 0.0025346795880546017
VMware 0.0010526315789473684 2.995732273553991 0.0031534023932147273
Try 0.002105263157894737 2.120263536200091 0.004463712707789665
Free 0.002105263157894737 1.8971199848858813 0.003993936810286066
Tier 0.0010526315789473684 2.5257286443082556 0.0026586617308507953
lets 0.0010526315789473684 2.8134107167600364 0.0029614849650105644
anyone 0.0010526315789473684 2.995732273553991 0.0031534023932147273
test 0.002105263157894737 1.1394342831883648 0.0023988090172386628
free 0.002105263157894737 1.8971199848858813 0.003993936810286066
Start 0.002105263157894737 2.0402208285265546 0.004295201744266431
trial 0.0010526315789473684 2.995732273553991 0.0031534023932147273
today 0.0010526315789473684 2.995732273553991 0.0031534023932147273
Solutions 0.002105263157894737 2.5257286443082556 0.005317323461701591
Scenario 0.0010526315789473684 4.605170185988092 0.004847547564197991
On 0.002105263157894737 0.5447271754416719 0.0011467940535614147
Premises 0.002105263157894737 2.659260036932778 0.005598442183016374
Modernization 0.0010526315789473684 3.506557897319982 0.0036911135761262966
Custom 0.002105263157894737 1.8325814637483102 0.0038580662394701267
Third 0.0010526315789473684 2.5257286443082556 0.0026586617308507953
Party 0.0010526315789473684 2.8134107167600364 0.0029614849650105644
ISV 0.0010526315789473684 3.506557897319982 0.0036911135761262966
Native 0.002105263157894737 2.302585092994046 0.004847547564197991
Development 0.002105263157894737 2.207274913189721 0.004646894554083623
Migration 0.0010526315789473684 2.995732273553991 0.0031534023932147273
Backup 0.0010526315789473684 3.506557897319982 0.0036911135761262966
Disaster 0.0010526315789473684 3.506557897319982 0.0036911135761262966
Recovery 0.0010526315789473684 3.506557897319982 0.0036911135761262966
High 0.002105263157894737 2.207274913189721 0.004646894554083623
Computing 0.002105263157894737 2.302585092994046 0.004847547564197991
HPC 0.0010526315789473684 2.407945608651872 0.0025346795880546017
Science 0.0010526315789473684 2.8134107167600364 0.0029614849650105644
Artificial 0.0010526315789473684 3.506557897319982 0.0036911135761262966
Hybrid 0.002105263157894737 2.995732273553991 0.006306804786429455
Strategies 0.0010526315789473684 3.506557897319982 0.0036911135761262966
Multicloud 0.002105263157894737 3.506557897319982 0.007382227152252593
Lakehouse 0.0010526315789473684 3.506557897319982 0.0036911135761262966
Running 0.002105263157894737 1.9661128563728327 0.004139184960784911
Government 0.0010526315789473684 2.995732273553991 0.0031534023932147273
Workloads 0.002105263157894737 2.659260036932778 0.005598442183016374
IDC 0.0010526315789473684 4.605170185988092 0.004847547564197991
Spotlight 0.0010526315789473684 4.605170185988092 0.004847547564197991
Infrastructure 0.002105263157894737 2.5257286443082556 0.005317323461701591
Heterogeneous 0.002105263157894737 4.605170185988092 0.009695095128395982
Learn 0.002105263157894737 2.302585092994046 0.004847547564197991
why 0.002105263157894737 2.302585092994046 0.004847547564197991
calls 0.0010526315789473684 2.407945608651872 0.0025346795880546017
ideal 0.0010526315789473684 4.605170185988092 0.004847547564197991
platform 0.0010526315789473684 1.07880966137193 0.0011355891172336106
heterogeneous 0.002105263157894737 4.605170185988092 0.009695095128395982
report 0.0010526315789473684 2.995732273553991 0.0031534023932147273
Banking 0.0010526315789473684 4.605170185988092 0.004847547564197991
Healthcare 0.0010526315789473684 2.995732273553991 0.0031534023932147273
Life 0.0010526315789473684 3.506557897319982 0.0036911135761262966
Sciences 0.0010526315789473684 3.506557897319982 0.0036911135761262966
Manufacturing 0.0010526315789473684 2.995732273553991 0.0031534023932147273
Retail 0.0010526315789473684 2.659260036932778 0.002799221091508187
Telco 0.0010526315789473684 4.605170185988092 0.004847547564197991
US 0.002105263157894737 2.5257286443082556 0.005317323461701591
Classified 0.0010526315789473684 4.605170185988092 0.004847547564197991
DISA 0.0010526315789473684 3.506557897319982 0.0036911135761262966
IL 0.0010526315789473684 3.506557897319982 0.0036911135761262966
FedRAMP 0.0010526315789473684 2.995732273553991 0.0031534023932147273
JAB 0.0010526315789473684 4.605170185988092 0.004847547564197991
Contractors 0.0010526315789473684 4.605170185988092 0.004847547564197991
Why 0.002105263157894737 2.302585092994046 0.004847547564197991
overview 0.002105263157894737 0.06187540371808745 1.3026400782755254E-4
Explore 0.0010526315789473684 2.5257286443082556 0.0026586617308507953
customers 0.002105263157894737 2.5257286443082556 0.005317323461701591
choosing 0.0010526315789473684 2.995732273553991 0.0031534023932147273
Easier 0.0010526315789473684 3.506557897319982 0.0036911135761262966
Migrate 0.002105263157894737 2.407945608651872 0.0050693591761092035
Move 0.002105263157894737 2.207274913189721 0.004646894554083623
critical 0.0010526315789473684 2.207274913189721 0.0023234472770418116
just 0.0010526315789473684 2.120263536200091 0.0022318563538948327
days 0.0010526315789473684 3.506557897319982 0.0036911135761262966
weeks 0.0010526315789473684 3.506557897319982 0.0036911135761262966
innovations 0.0010526315789473684 3.2188758248682006 0.0033882903419665267
Build 0.002105263157894737 1.9661128563728327 0.004139184960784911
modern 0.0010526315789473684 2.407945608651872 0.0025346795880546017
developer 0.002105263157894737 1.07880966137193 0.0022711782344672212
deployment 0.002105263157894737 2.659260036932778 0.005598442183016374
Reduce 0.0010526315789473684 3.506557897319982 0.0036911135761262966
operational 0.0010526315789473684 4.605170185988092 0.004847547564197991
overhead 0.0010526315789473684 4.605170185988092 0.004847547564197991
automated 0.0010526315789473684 3.506557897319982 0.0036911135761262966
Complete 0.002105263157894737 1.7147984280919266 0.0036101019538777404
Run 0.002105263157894737 1.1086626245216111 0.0023340265779402338
anywhere 0.0010526315789473684 2.8134107167600364 0.0029614849650105644
hybrid 0.002105263157894737 2.995732273553991 0.006306804786429455
multicloud 0.002105263157894737 3.506557897319982 0.007382227152252593
Comprehensive 0.0010526315789473684 2.995732273553991 0.0031534023932147273
Deployment 0.002105263157894737 2.659260036932778 0.005598442183016374
Options 0.0010526315789473684 2.407945608651872 0.0025346795880546017
form 0.0010526315789473684 0.9675840262617057 0.0010185095013281113
specialized 0.0010526315789473684 2.120263536200091 0.0022318563538948327
deployments 0.0010526315789473684 2.995732273553991 0.0031534023932147273
database 0.002105263157894737 1.8971199848858813 0.003993936810286066
monitoring 0.002105263157894737 2.407945608651872 0.0050693591761092035
capabilities 0.0010526315789473684 2.120263536200091 0.0022318563538948327
strategic 0.0010526315789473684 4.605170185988092 0.004847547564197991
partnerships 0.0010526315789473684 4.605170185988092 0.004847547564197991
fit 0.0010526315789473684 2.995732273553991 0.0031534023932147273
organization 0.0010526315789473684 3.506557897319982 0.0036911135761262966
needs 0.0010526315789473684 2.120263536200091 0.0022318563538948327
Azure 0.0010526315789473684 2.659260036932778 0.002799221091508187
Interconnect 0.0010526315789473684 2.995732273553991 0.0031534023932147273
Innovate 0.0010526315789473684 2.995732273553991 0.0031534023932147273
Microsoft 0.0010526315789473684 2.995732273553991 0.0031534023932147273
connection 0.0010526315789473684 1.2039728043259361 0.001267339794027301
Built 0.002105263157894737 2.120263536200091 0.004463712707789665
extra 0.0010526315789473684 2.995732273553991 0.0031534023932147273
Superior 0.0010526315789473684 3.506557897319982 0.0036911135761262966
Price 0.0010526315789473684 2.995732273553991 0.0031534023932147273
Achieve 0.0010526315789473684 2.995732273553991 0.0031534023932147273
consistently 0.0010526315789473684 4.605170185988092 0.004847547564197991
higher 0.0010526315789473684 2.8134107167600364 0.0029614849650105644
costs 0.0010526315789473684 2.659260036932778 0.002799221091508187
Do 0.0010526315789473684 0.9162907318741551 9.645165598675317E-4
Business 0.002105263157894737 2.5257286443082556 0.005317323461701591
SLAs 0.0010526315789473684 4.605170185988092 0.004847547564197991
covering 0.0010526315789473684 4.605170185988092 0.004847547564197991
availability 0.0010526315789473684 2.995732273553991 0.0031534023932147273
manageability 0.0010526315789473684 3.506557897319982 0.0036911135761262966
Compliance 0.002105263157894737 2.995732273553991 0.006306804786429455
Ensure 0.002105263157894737 2.407945608651872 0.0050693591761092035
global 0.0010526315789473684 2.0402208285265546 0.0021476008721332154
regional 0.0010526315789473684 2.995732273553991 0.0031534023932147273
industry 0.002105263157894737 2.5257286443082556 0.005317323461701591
compliance 0.002105263157894737 2.995732273553991 0.006306804786429455
programs 0.0010526315789473684 1.7719568419318754 0.0018652177283493426
Privacy 0.002105263157894737 2.302585092994046 0.004847547564197991
Meet 0.0010526315789473684 3.506557897319982 0.0036911135761262966
privacy 0.002105263157894737 2.302585092994046 0.004847547564197991
transparent 0.0010526315789473684 3.506557897319982 0.0036911135761262966
Competitive 0.0010526315789473684 3.506557897319982 0.0036911135761262966
Find 0.0010526315789473684 1.8325814637483102 0.0019290331197350634
out 0.0010526315789473684 0.9675840262617057 0.0010185095013281113
AWS 0.0010526315789473684 2.995732273553991 0.0031534023932147273
Google 0.0010526315789473684 3.2188758248682006 0.0033882903419665267
Regions 0.002105263157894737 2.659260036932778 0.005598442183016374
worldwide 0.0010526315789473684 2.995732273553991 0.0031534023932147273
regions 0.002105263157894737 2.659260036932778 0.005598442183016374
strong 0.0010526315789473684 2.659260036932778 0.002799221091508187
continuity 0.0010526315789473684 3.506557897319982 0.0036911135761262966
Adoption 0.0010526315789473684 3.506557897319982 0.0036911135761262966
Framework 0.0010526315789473684 2.120263536200091 0.0022318563538948327
Define 0.002105263157894737 1.8325814637483102 0.0038580662394701267
execute 0.0010526315789473684 2.120263536200091 0.0022318563538948327
strategy 0.0010526315789473684 3.506557897319982 0.0036911135761262966
Architecture 0.0010526315789473684 1.8325814637483102 0.0019290331197350634
Center 0.002105263157894737 2.207274913189721 0.004646894554083623
Quickly 0.002105263157894737 4.605170185988092 0.009695095128395982
than 0.0010526315789473684 1.3862943611198906 0.0014592572222314637
cases 0.0010526315789473684 1.6607312068216509 0.001748138112443843
reference 0.0010526315789473684 0.843970070294529 8.883895476784515E-4
architectures 0.0010526315789473684 3.506557897319982 0.0036911135761262966
stacks 0.002105263157894737 4.605170185988092 0.009695095128395982
Successes 0.0010526315789473684 4.605170185988092 0.004847547564197991
Deployed 0.002105263157894737 2.995732273553991 0.006306804786429455
Technical 0.0010526315789473684 2.5257286443082556 0.0026586617308507953
Studies 0.0010526315789473684 4.605170185988092 0.004847547564197991
Quickstart 0.0010526315789473684 4.605170185988092 0.004847547564197991
Stacks 0.002105263157894737 4.605170185988092 0.009695095128395982
MESTEC 0.0010526315789473684 4.605170185988092 0.004847547564197991
lifts 0.0010526315789473684 4.605170185988092 0.004847547564197991
factory 0.0010526315789473684 2.207274913189721 0.0023234472770418116
story 0.0010526315789473684 2.659260036932778 0.002799221091508187
Watch 0.0010526315789473684 3.506557897319982 0.0036911135761262966
video 0.0010526315789473684 2.995732273553991 0.0031534023932147273
TIM 0.0010526315789473684 2.995732273553991 0.0031534023932147273
Brasil 0.0010526315789473684 3.506557897319982 0.0036911135761262966
selects 0.0010526315789473684 2.5257286443082556 0.0026586617308507953
migrate 0.002105263157894737 2.407945608651872 0.0050693591761092035
center 0.002105263157894737 2.207274913189721 0.004646894554083623
Read 0.0010526315789473684 1.2729656758128876 0.0013399638692767237
announcement 0.0010526315789473684 2.995732273553991 0.0031534023932147273
Simple 0.0010526315789473684 1.4271163556401458 0.0015022277427791009
pricing 0.002105263157894737 3.506557897319982 0.007382227152252593
models 0.0010526315789473684 3.912023005428146 0.004117918953082259
compelling 0.0010526315789473684 4.605170185988092 0.004847547564197991
savings 0.0010526315789473684 3.506557897319982 0.0036911135761262966
faster 0.0010526315789473684 2.8134107167600364 0.0029614849650105644
Unit 0.0010526315789473684 3.912023005428146 0.004117918953082259
Only 0.002105263157894737 0.843970070294529 0.001776779095356903
pay 0.0010526315789473684 3.506557897319982 0.0036911135761262966
consumed 0.0010526315789473684 3.506557897319982 0.0036911135761262966
hidden 0.0010526315789473684 3.506557897319982 0.0036911135761262966
Flexibility 0.002105263157894737 2.995732273553991 0.006306804786429455
switch 0.0010526315789473684 2.8134107167600364 0.0029614849650105644
centers 0.0010526315789473684 2.995732273553991 0.0031534023932147273
notice 0.0010526315789473684 4.605170185988092 0.004847547564197991
Universal 0.0010526315789473684 3.2188758248682006 0.0033882903419665267
Credits 0.002105263157894737 3.506557897319982 0.007382227152252593
region 0.0010526315789473684 2.0402208285265546 0.0021476008721332154
debited 0.0010526315789473684 4.605170185988092 0.004847547564197991
course 0.0010526315789473684 4.605170185988092 0.004847547564197991
year 0.0010526315789473684 2.5257286443082556 0.0026586617308507953
giving 0.0010526315789473684 2.995732273553991 0.0031534023932147273
flexibility 0.002105263157894737 2.995732273553991 0.006306804786429455
ramp 0.0010526315789473684 4.605170185988092 0.004847547564197991
Purchase 0.0010526315789473684 4.605170185988092 0.004847547564197991
larger 0.0010526315789473684 4.605170185988092 0.004847547564197991
amounts 0.0010526315789473684 4.605170185988092 0.004847547564197991
volume 0.0010526315789473684 4.605170185988092 0.004847547564197991
discounts 0.0010526315789473684 4.605170185988092 0.004847547564197991
Bring 0.0010526315789473684 4.605170185988092 0.004847547564197991
Your 0.002105263157894737 1.5141277326297755 0.0031876373318521587
Own 0.002105263157894737 2.0402208285265546 0.004295201744266431
License 0.002105263157894737 1.1086626245216111 0.0023340265779402338
BYOL 0.0010526315789473684 4.605170185988092 0.004847547564197991
current 0.0010526315789473684 1.5606477482646683 0.001642787103436493
licenses 0.0010526315789473684 4.605170185988092 0.004847547564197991
corresponding 0.0010526315789473684 1.9661128563728327 0.0020695924803924553
Support 0.002105263157894737 1.1394342831883648 0.0023988090172386628
Rewards 0.002105263157894737 2.5257286443082556 0.005317323461701591
Every 0.002105263157894737 2.407945608651872 0.0050693591761092035
spent 0.0010526315789473684 4.605170185988092 0.004847547564197991
generates 0.0010526315789473684 2.8134107167600364 0.0029614849650105644
reduction 0.0010526315789473684 3.506557897319982 0.0036911135761262966
technology 0.0010526315789473684 1.7147984280919266 0.0018050509769388702
license 0.002105263157894737 1.1086626245216111 0.0023340265779402338
support 0.002105263157894737 1.1394342831883648 0.0023988090172386628
bill 0.0010526315789473684 4.605170185988092 0.004847547564197991
success 0.0010526315789473684 2.995732273553991 0.0031534023932147273
learn 0.002105263157894737 2.302585092994046 0.004847547564197991
companies 0.0010526315789473684 3.506557897319982 0.0036911135761262966
such 0.0010526315789473684 1.5141277326297755 0.0015938186659260794
Zoom 0.0010526315789473684 2.995732273553991 0.0031534023932147273
Mazda 0.0010526315789473684 3.506557897319982 0.0036911135761262966
Eleven 0.0010526315789473684 3.506557897319982 0.0036911135761262966
FedEx 0.0010526315789473684 2.659260036932778 0.002799221091508187
chosen 0.0010526315789473684 3.506557897319982 0.0036911135761262966
computing 0.002105263157894737 2.302585092994046 0.004847547564197991
Design 0.0010526315789473684 2.407945608651872 0.0025346795880546017
implement 0.0010526315789473684 1.7147984280919266 0.0018050509769388702
our 0.0010526315789473684 2.5257286443082556 0.0026586617308507953
catalog 0.002105263157894737 4.605170185988092 0.009695095128395982
diagrams 0.0010526315789473684 4.605170185988092 0.004847547564197991
playbooks 0.0010526315789473684 4.605170185988092 0.004847547564197991
frameworks 0.0010526315789473684 4.605170185988092 0.004847547564197991
Quick 0.0010526315789473684 3.506557897319982 0.0036911135761262966
guides 0.0010526315789473684 3.912023005428146 0.004117918953082259
Certification 0.002105263157894737 2.995732273553991 0.006306804786429455
Demonstrate 0.0010526315789473684 4.605170185988092 0.004847547564197991
knowledge 0.0010526315789473684 4.605170185988092 0.004847547564197991
required 0.0010526315789473684 1.3093333199837622 0.0013782455999829075
specify 0.0010526315789473684 2.302585092994046 0.0024237737820989955
architect 0.0010526315789473684 3.2188758248682006 0.0033882903419665267
earning 0.0010526315789473684 4.605170185988092 0.004847547564197991
Hands 0.0010526315789473684 3.506557897319982 0.0036911135761262966
Labs 0.002105263157894737 3.506557897319982 0.007382227152252593
tools 0.002105263157894737 2.120263536200091 0.004463712707789665
wide 0.0010526315789473684 2.659260036932778 0.002799221091508187
variety 0.0010526315789473684 2.995732273553991 0.0031534023932147273
labs 0.002105263157894737 3.506557897319982 0.007382227152252593
workshops 0.0010526315789473684 4.605170185988092 0.004847547564197991
Tutorials 0.002105263157894737 3.2188758248682006 0.006776580683933053
tutorials 0.002105263157894737 3.2188758248682006 0.006776580683933053
own 0.002105263157894737 2.0402208285265546 0.004295201744266431
tenancy 0.0010526315789473684 4.605170185988092 0.004847547564197991
provided 0.0010526315789473684 1.5141277326297755 0.0015938186659260794
lab 0.0010526315789473684 3.506557897319982 0.0036911135761262966
environment 0.0010526315789473684 1.9661128563728327 0.0020695924803924553
organizations 0.0010526315789473684 2.8134107167600364 0.0029614849650105644
define 0.002105263157894737 1.8325814637483102 0.0038580662394701267
robust 0.0010526315789473684 3.506557897319982 0.0036911135761262966
successful 0.0010526315789473684 2.302585092994046 0.0024237737820989955
migrations 0.0010526315789473684 3.506557897319982 0.0036911135761262966
ensure 0.002105263157894737 2.407945608651872 0.0050693591761092035
GitHub 0.0010526315789473684 2.659260036932778 0.002799221091508187
Deploy 0.002105263157894737 2.995732273553991 0.006306804786429455
minutes 0.0010526315789473684 3.506557897319982 0.0036911135761262966
Developer 0.002105263157894737 1.07880966137193 0.0022711782344672212
Tools 0.002105263157894737 2.120263536200091 0.004463712707789665
development 0.002105263157894737 2.207274913189721 0.004646894554083623
microservices 0.0010526315789473684 3.506557897319982 0.0036911135761262966
containers 0.0010526315789473684 2.8134107167600364 0.0029614849650105644
information 0.0010526315789473684 1.3470736479666094 0.0014179722610174837
about 0.0010526315789473684 1.4696759700589417 0.0015470273369041492
getting 0.0010526315789473684 2.407945608651872 0.0025346795880546017
started 0.002105263157894737 2.8134107167600364 0.005922969930021129
Training 0.002105263157894737 2.659260036932778 0.005598442183016374
Advance 0.0010526315789473684 2.995732273553991 0.0031534023932147273
career 0.0010526315789473684 4.605170185988092 0.004847547564197991
learning 0.0010526315789473684 2.659260036932778 0.002799221091508187
expert 0.0010526315789473684 4.605170185988092 0.004847547564197991
created 0.0010526315789473684 1.9661128563728327 0.0020695924803924553
training 0.002105263157894737 2.659260036932778 0.005598442183016374
globally 0.0010526315789473684 4.605170185988092 0.004847547564197991
recognized 0.0010526315789473684 3.506557897319982 0.0036911135761262966
certification 0.002105263157894737 2.995732273553991 0.006306804786429455
program 0.0010526315789473684 2.120263536200091 0.0022318563538948327
now 0.0010526315789473684 2.407945608651872 0.0025346795880546017
Developers 0.0010526315789473684 1.8971199848858813 0.001996968405143033
APIs 0.0010526315789473684 2.120263536200091 0.0022318563538948327
Guide 0.0010526315789473684 2.407945608651872 0.0025346795880546017
Starts 0.0010526315789473684 3.506557897319982 0.0036911135761262966
Download 0.0010526315789473684 2.659260036932778 0.002799221091508187
template 0.0010526315789473684 2.8134107167600364 0.0029614849650105644
Events 0.002105263157894737 1.5606477482646683 0.003285574206872986
Stay 0.0010526315789473684 2.659260036932778 0.002799221091508187
date 0.0010526315789473684 1.9661128563728327 0.0020695924803924553
participate 0.0010526315789473684 4.605170185988092 0.004847547564197991
events 0.002105263157894737 1.5606477482646683 0.003285574206872986
person 0.0010526315789473684 4.605170185988092 0.004847547564197991
virtually 0.0010526315789473684 4.605170185988092 0.004847547564197991
Newsletters 0.0010526315789473684 4.605170185988092 0.004847547564197991
Subscribe 0.002105263157894737 2.5257286443082556 0.005317323461701591
latest 0.0010526315789473684 2.5257286443082556 0.0026586617308507953
news 0.0010526315789473684 1.9661128563728327 0.0020695924803924553
product 0.0010526315789473684 2.8134107167600364 0.0029614849650105644
releases 0.0010526315789473684 2.995732273553991 0.0031534023932147273
subscriptions 0.0010526315789473684 4.605170185988092 0.004847547564197991
limits 0.0010526315789473684 2.995732273553991 0.0031534023932147273
selection 0.0010526315789473684 2.8134107167600364 0.0029614849650105644
Always 0.0010526315789473684 2.0402208285265546 0.0021476008721332154
like 0.0010526315789473684 1.171182981502945 0.0012328241910557316
Compute 0.0010526315789473684 2.407945608651872 0.0025346795880546017
credits 0.002105263157894737 3.506557897319982 0.007382227152252593
try 0.002105263157894737 2.120263536200091 0.004463712707789665
additional 0.0010526315789473684 2.207274913189721 0.0023234472770418116
Hosting 0.0010526315789473684 4.605170185988092 0.004847547564197991
Delivery 0.0010526315789473684 3.506557897319982 0.0036911135761262966
Policies 0.002105263157894737 2.8134107167600364 0.005922969930021129
details 0.002105263157894737 0.7550225842780328 0.0015895212300590163
One 0.002105263157894737 1.07880966137193 0.0022711782344672212
Console 0.002105263157894737 3.2188758248682006 0.006776580683933053
Login 0.002105263157894737 2.5257286443082556 0.005317323461701591
Search 0.0010526315789473684 2.659260036932778 0.002799221091508187
knowledgebase 0.0010526315789473684 4.605170185988092 0.004847547564197991
engage 0.0010526315789473684 4.605170185988092 0.004847547564197991
resolve 0.0010526315789473684 2.0402208285265546 0.0021476008721332154
right 0.0010526315789473684 2.995732273553991 0.0031534023932147273
Connect 0.0010526315789473684 1.7719568419318754 0.0018652177283493426
Community 0.0010526315789473684 2.8134107167600364 0.0029614849650105644
Directly 0.0010526315789473684 1.8971199848858813 0.001996968405143033
network 0.002105263157894737 2.120263536200091 0.004463712707789665
Collaborate 0.0010526315789473684 4.605170185988092 0.004847547564197991
extensive 0.0010526315789473684 4.605170185988092 0.004847547564197991
peer 0.0010526315789473684 3.506557897319982 0.0036911135761262966
group 0.0010526315789473684 2.120263536200091 0.0022318563538948327
who 0.0010526315789473684 2.302585092994046 0.0024237737820989955
share 0.002105263157894737 2.207274913189721 0.004646894554083623
real 0.0010526315789473684 2.207274913189721 0.0023234472770418116
world 0.0010526315789473684 2.207274913189721 0.0023234472770418116
My 0.0010526315789473684 2.5257286443082556 0.0026586617308507953
For 0.002105263157894737 0.083381608939051 1.755402293453705E-4
prefer 0.0010526315789473684 3.912023005428146 0.004117918953082259
continue 0.0010526315789473684 3.506557897319982 0.0036911135761262966
login 0.002105263157894737 2.5257286443082556 0.005317323461701591
through 0.0010526315789473684 1.2378743560016172 0.0013030256378964392
MOS 0.0010526315789473684 4.605170185988092 0.004847547564197991
Earn 0.0010526315789473684 4.605170185988092 0.004847547564197991
rewards 0.002105263157894737 2.5257286443082556 0.005317323461701591
apply 0.0010526315789473684 2.5257286443082556 0.0026586617308507953
against 0.0010526315789473684 1.4271163556401458 0.0015022277427791009
Telephone 0.0010526315789473684 4.605170185988092 0.004847547564197991
We 0.0010526315789473684 2.120263536200091 0.0022318563538948327
recommend 0.0010526315789473684 4.605170185988092 0.004847547564197991
start 0.002105263157894737 2.0402208285265546 0.004295201744266431
interactions 0.0010526315789473684 3.506557897319982 0.0036911135761262966
online 0.0010526315789473684 3.506557897319982 0.0036911135761262966
but 0.0010526315789473684 0.8209805520698303 8.641900548103477E-4
call 0.0010526315789473684 2.120263536200091 0.0022318563538948327
us 0.002105263157894737 2.5257286443082556 0.005317323461701591
too 0.0010526315789473684 4.605170185988092 0.004847547564197991
Directory 0.0010526315789473684 2.659260036932778 0.002799221091508187
guidance 0.0010526315789473684 3.506557897319982 0.0036911135761262966
implementation 0.0010526315789473684 1.3470736479666094 0.0014179722610174837
collection 0.0010526315789473684 1.4696759700589417 0.0015470273369041492
enablement 0.0010526315789473684 3.506557897319982 0.0036911135761262966
Accelerate 0.0010526315789473684 3.506557897319982 0.0036911135761262966
journey 0.0010526315789473684 4.605170185988092 0.004847547564197991
Marketplace 0.0010526315789473684 4.605170185988092 0.004847547564197991
extend 0.0010526315789473684 2.659260036932778 0.002799221091508187
Started 0.002105263157894737 2.8134107167600364 0.005922969930021129
how 0.002105263157894737 1.2039728043259361 0.002534679588054602
browse 0.0010526315789473684 4.605170185988092 0.004847547564197991
images 0.002105263157894737 2.5257286443082556 0.005317323461701591
Images 0.002105263157894737 2.5257286443082556 0.005317323461701591
How 0.002105263157894737 1.2039728043259361 0.002534679588054602
To 0.002105263157894737 0.17435338714477774 3.670597624100584E-4
launch 0.0010526315789473684 3.506557897319982 0.0036911135761262966
Solution 0.002105263157894737 2.407945608651872 0.0050693591761092035
Create 0.002105263157894737 0.8915981192837835 0.0018770486721763863
Catalog 0.002105263157894737 4.605170185988092 0.009695095128395982
enabling 0.0010526315789473684 3.506557897319982 0.0036911135761262966
catalogs 0.0010526315789473684 4.605170185988092 0.004847547564197991
approved 0.0010526315789473684 4.605170185988092 0.004847547564197991
Image 0.002105263157894737 1.7147984280919266 0.0036101019538777404
image 0.002105263157894737 1.7147984280919266 0.0036101019538777404
imported 0.0010526315789473684 4.605170185988092 0.004847547564197991
Become 0.0010526315789473684 2.995732273553991 0.0031534023932147273
Publisher 0.0010526315789473684 4.605170185988092 0.004847547564197991
Submit 0.0010526315789473684 1.07880966137193 0.0011355891172336106
interest 0.0010526315789473684 2.995732273553991 0.0031534023932147273
publishing 0.0010526315789473684 4.605170185988092 0.004847547564197991
listing 0.0010526315789473684 3.912023005428146 0.004117918953082259
Generic 0.0010526315789473684 2.207274913189721 0.0023234472770418116
