Constant 0.03626943005181347 1.4271163556401458 0.05176069683668922
Field 0.03626943005181347 1.1394342831883648 0.04132663203273862
Values 0.010362694300518135 1.0216512475319812 0.010587059559916904
jsoup 0.05699481865284974 0.0 0.0
Java 0.0051813471502590676 0.010050335853501506 5.207427903368656E-5
HTML 0.0051813471502590676 0.0 0.0
Parser 0.010362694300518135 0.0 0.0
API 0.0051813471502590676 0.0 0.0
Skip 0.010362694300518135 0.06187540371808745 6.411958934516835E-4
navigation 0.010362694300518135 0.06187540371808745 6.411958934516835E-4
links 0.010362694300518135 0.0408219945202552 4.230258499508311E-4
Overview 0.010362694300518135 0.06187540371808745 6.411958934516835E-4
Package 0.010362694300518135 0.06187540371808745 6.411958934516835E-4
Class 0.010362694300518135 0.06187540371808745 6.411958934516835E-4
Use 0.010362694300518135 0.010050335853501506 1.0414855806737312E-4
Tree 0.010362694300518135 0.0408219945202552 4.230258499508311E-4
Deprecated 0.010362694300518135 0.06187540371808745 6.411958934516835E-4
Index 0.010362694300518135 0.06187540371808745 6.411958934516835E-4
Help 0.010362694300518135 0.05129329438755048 5.315367294046682E-4
Contents 0.0051813471502590676 1.1394342831883648 0.005903804576105518
org 0.03626943005181347 0.05129329438755048 0.0018603785529163386
helper 0.010362694300518135 1.1086626245216111 0.011488731860327577
HttpConnection 0.0051813471502590676 1.8971199848858813 0.009829637227387986
Modifier 0.025906735751295335 0.653926467406664 0.016941100191882486
and 0.025906735751295335 0.09431067947124142 0.002443281851586565
Type 0.03626943005181347 0.44628710262841953 0.01618657885180796
Value 0.025906735751295335 0.5447271754416719 0.014112102990716888
public 0.06217616580310881 0.6931471805599453 0.043097234024452556
static 0.05699481865284974 0.5621189181535412 0.032037865801497166
final 0.05699481865284974 1.3093333199837622 0.07462521512860822
String 0.05181347150259067 0.4155154439616658 0.02152929761459408
CONTENT 0.02072538860103627 0.44628710262841953 0.00924947362960455
ENCODING 0.010362694300518135 1.6607312068216509 0.017209649811623325
Content 0.02072538860103627 0.44628710262841953 0.00924947362960455
Encoding 0.010362694300518135 1.6607312068216509 0.017209649811623325
TYPE 0.03626943005181347 0.44628710262841953 0.01618657885180796
DEFAULT 0.0051813471502590676 1.0216512475319812 0.005293529779958452
UA 0.0051813471502590676 2.407945608651872 0.012476402117367212
Mozilla 0.0051813471502590676 2.5257286443082556 0.013086676913514278
Windows 0.0051813471502590676 2.995732273553991 0.015521928878518087
NT 0.0051813471502590676 3.506557897319982 0.018168693768497314
Win 0.0051813471502590676 3.506557897319982 0.018168693768497314
x 0.010362694300518135 1.5606477482646683 0.01617251552605874
AppleWebKit 0.0051813471502590676 3.506557897319982 0.018168693768497314
KHTML 0.0051813471502590676 3.506557897319982 0.018168693768497314
like 0.0051813471502590676 1.171182981502945 0.006068305603642203
Gecko 0.0051813471502590676 3.506557897319982 0.018168693768497314
Chrome 0.0051813471502590676 3.506557897319982 0.018168693768497314
Safari 0.0051813471502590676 3.506557897319982 0.018168693768497314
FORM 0.02072538860103627 0.9675840262617057 0.020053554948429135
URL 0.0051813471502590676 1.1086626245216111 0.005744365930163788
ENCODED 0.0051813471502590676 1.7147984280919266 0.008884965948662832
application 0.0051813471502590676 1.3093333199837622 0.00678411046623711
www 0.0051813471502590676 2.0402208285265546 0.010571092375785258
form 0.02072538860103627 0.9675840262617057 0.020053554948429135
urlencoded 0.0051813471502590676 2.659260036932778 0.013778549414159472
MULTIPART 0.010362694300518135 2.659260036932778 0.027557098828318943
DATA 0.015544041450777202 0.5978370007556204 0.009292803120553686
multipart 0.010362694300518135 2.659260036932778 0.027557098828318943
data 0.015544041450777202 0.5978370007556204 0.009292803120553686
W 0.0051813471502590676 1.2378743560016172 0.006413856766847758
CDom 0.0051813471502590676 2.207274913189721 0.011436657581293893
SourceProperty 0.0051813471502590676 2.995732273553991 0.015521928878518087
jsoupSource 0.0051813471502590676 3.506557897319982 0.018168693768497314
XPathFactoryProperty 0.0051813471502590676 2.995732273553991 0.015521928878518087
javax 0.0051813471502590676 1.3093333199837622 0.00678411046623711
xml 0.0051813471502590676 1.2039728043259361 0.006238201058683607
xpath 0.0051813471502590676 2.302585092994046 0.01193049270981371
XPathFactory 0.0051813471502590676 2.5257286443082556 0.013086676913514278
nodes 0.010362694300518135 0.7550225842780328 0.007824068230860444
Attributes 0.0051813471502590676 0.3566749439387324 0.0018480567043457638
protected 0.0051813471502590676 1.1394342831883648 0.005903804576105518
dataPrefix 0.0051813471502590676 2.120263536200091 0.010985821431088555
DocumentType 0.0051813471502590676 1.8325814637483102 0.009495240744809898
PUBLIC 0.06217616580310881 0.6931471805599453 0.043097234024452556
KEY 0.010362694300518135 0.7985076962177716 0.008274691152515768
SYSTEM 0.010362694300518135 1.2378743560016172 0.012827713533695516
parser 0.010362694300518135 0.0 0.0
HtmlTreeBuilder 0.0051813471502590676 2.659260036932778 0.013778549414159472
int 0.0051813471502590676 1.07880966137193 0.005589687364621399
MaxScopeSearchDepth 0.0051813471502590676 2.995732273553991 0.015521928878518087
Copyright 0.0051813471502590676 0.06187540371808745 3.2059794672584176E-4
Jonathan 0.0051813471502590676 0.0 0.0
Hedley 0.0051813471502590676 0.0 0.0
All 0.0051813471502590676 0.05129329438755048 2.657683647023341E-4
rights 0.0051813471502590676 0.06187540371808745 3.2059794672584176E-4
reserved 0.0051813471502590676 0.06187540371808745 3.2059794672584176E-4
