org 0.024 0.05129329438755048 0.0012310390653012117
jsoup 0.048 0.0 0.0
helper 0.024 1.1086626245216111 0.02660790298851867
Java 0.008 0.010050335853501506 8.040268682801205E-5
HTML 0.008 0.0 0.0
Parser 0.008 0.0 0.0
API 0.008 0.0 0.0
Skip 0.016 0.06187540371808745 9.900064594893993E-4
navigation 0.016 0.06187540371808745 9.900064594893993E-4
links 0.016 0.0408219945202552 6.531519123240832E-4
Overview 0.016 0.06187540371808745 9.900064594893993E-4
Package 0.032 0.06187540371808745 0.0019800129189787986
Class 0.04 0.06187540371808745 0.0024750161487234984
Use 0.024 0.010050335853501506 2.4120806048403615E-4
Tree 0.016 0.0408219945202552 6.531519123240832E-4
Deprecated 0.016 0.06187540371808745 9.900064594893993E-4
Index 0.016 0.06187540371808745 9.900064594893993E-4
Help 0.016 0.05129329438755048 8.206927102008077E-4
NonnullByDefault 0.008 2.302585092994046 0.018420680743952367
containing 0.008 1.171182981502945 0.00936946385202356
classes 0.008 0.7133498878774648 0.005706799103019718
supporting 0.008 1.5606477482646683 0.012485181986117347
the 0.04 0.10536051565782635 0.004214420626313054
core 0.008 1.171182981502945 0.00936946385202356
code 0.008 0.5108256237659907 0.004086604990127926
Summary 0.008 0.6931471805599453 0.005545177444479563
Description 0.008 0.24846135929849972 0.0019876908743879976
ChangeNotifyingArrayList 0.008 1.8971199848858813 0.01517695987908705
E 0.008 0.7765287894989963 0.0062122303159919704
Implementation 0.016 1.3470736479666094 0.02155317836746575
of 0.016 0.1165338162559516 0.0018645410600952258
ArrayList 0.008 1.8325814637483102 0.014660651709986481
that 0.016 0.22314355131420976 0.0035702968210273565
watches 0.008 2.5257286443082556 0.020205829154466046
out 0.008 0.9675840262617057 0.007740672210093646
for 0.024 0.083381608939051 0.002001158614537224
changes 0.008 1.3862943611198906 0.011090354888959125
to 0.024 0.17435338714477774 0.004184481291474666
contents 0.008 1.1394342831883648 0.009115474265506919
DataUtil 0.008 2.5257286443082556 0.020205829154466046
Internal 0.008 1.5141277326297755 0.012113021861038204
static 0.008 0.5621189181535412 0.004496951345228329
utilities 0.008 2.407945608651872 0.019263564869214975
handling 0.008 2.120263536200091 0.01696210828960073
data 0.008 0.5978370007556204 0.0047826960060449635
HttpConnection 0.032 1.8971199848858813 0.0607078395163482
Connection 0.008 1.2039728043259361 0.009631782434607489
KeyVal 0.008 1.7147984280919266 0.013718387424735414
Request 0.008 1.2378743560016172 0.009902994848012938
Response 0.008 1.2729656758128876 0.010183725406503101
Validate 0.008 2.120263536200091 0.01696210828960073
Simple 0.008 1.4271163556401458 0.011416930845121166
validation 0.008 1.7719568419318754 0.014175654735455004
methods 0.008 0.24846135929849972 0.0019876908743879976
W 0.04 1.2378743560016172 0.04951497424006469
CDom 0.016 2.207274913189721 0.03531639861103554
Helper 0.024 1.1086626245216111 0.02660790298851867
class 0.04 0.06187540371808745 0.0024750161487234984
transform 0.008 2.207274913189721 0.01765819930551777
a 0.016 0.16251892949777494 0.002600302871964399
Document 0.016 0.40047756659712536 0.006407641065554006
w 0.04 1.2378743560016172 0.04951497424006469
c 0.016 1.6607312068216509 0.026571699309146414
dom 0.016 1.7719568419318754 0.028351309470910007
integration 0.008 2.659260036932778 0.021274080295462225
with 0.008 0.23572233352106994 0.0018857786681685596
toolsets 0.008 3.2188758248682006 0.025751006598945605
use 0.024 0.010050335853501506 2.4120806048403615E-4
C 0.016 1.6607312068216509 0.026571699309146414
DOM 0.016 1.7719568419318754 0.028351309470910007
CBuilder 0.008 2.5257286443082556 0.020205829154466046
Implements 0.008 0.6931471805599453 0.005545177444479563
conversion 0.008 2.120263536200091 0.01696210828960073
by 0.008 0.27443684570176036 0.002195494765614083
walking 0.008 3.2188758248682006 0.025751006598945605
input 0.008 1.0216512475319812 0.00817320998025585
Copyright 0.008 0.06187540371808745 4.950032297446997E-4
Jonathan 0.008 0.0 0.0
Hedley 0.008 0.0 0.0
All 0.008 0.05129329438755048 4.1034635510040385E-4
rights 0.008 0.06187540371808745 4.950032297446997E-4
reserved 0.008 0.06187540371808745 4.950032297446997E-4
24390243902439025 1.7719568419318754 0.04321845955931403
integration 0.012195121951219513 2.659260036932778 0.03243000045039973
with 0.012195121951219513 0.23572233352106994 0.002874662603915487
toolsets 0.012195121951219513 3.2188758248682006 0.03925458323010001
use 0.024390243902439025 0.010050335853501506 2.451301427683294E-4
C 0.024390243902439025 1.6607312068216509 0.04050563919077197
DOM 0.024390243902439025 1.7719568419318754 0.04321845955931403
CBuilder 0.012195121951219513 2.5257286443082556 0.03080156883302751
Implements 0.012195121951219513 0.6931471805599453 0.008453014397072503
conversion 0.012195121951219513 2.120263536200091 0.025856872392684038
by 0.012195121951219513 0.27443684570176036 0.00334679080124098
walking 0.012195121951219513 3.2188758248682006 0.03925458323010001
input 0.012195121951219513 1.0216512475319812 0.012459161555268064
Copyright 0.012195121951219513 0.06187540371808745 7.545780941230178E-4
Jonathan 0.012195121951219513 0.0 0.0
Hedley 0.012195121951219513 0.0 0.0
All 0.012195121951219513 0.05129329438755048 6.255279803359815E-4
rights 0.012195121951219513 0.06187540371808745 7.545780941230178E-4
reserved 0.012195121951219513 0.06187540371808745 7.545780941230178E-4
