Uses 0.001110494169905608 0.9942522733438669 0.0011041113529637612
of 0.017212659633536923 0.1165338162559516 0.002005856915010827
Class 0.003609106052193226 0.06187540371808745 2.2331489404084866E-4
org 0.013325930038867296 0.05129329438755048 6.835308524715222E-4
jsoup 0.001665741254858412 0.0 0.0
helper 0.001110494169905608 1.1086626245216111 0.0012311633809234995
ChangeNotifyingArrayList 8.32870627429206E-4 1.8971199848858813 0.0015800555121203898
Java 0.026929483620210994 0.010050335853501506 2.706503547444881E-4
HTML 0.00138811771238201 0.0 0.0
Parser 8.32870627429206E-4 0.0 0.0
API 0.006107717934480844 0.0 0.0
Skip 5.55247084952804E-4 0.06187540371808745 3.435613754474595E-5
navigation 5.55247084952804E-4 0.06187540371808745 3.435613754474595E-5
links 5.55247084952804E-4 0.0408219945202552 2.266629345933104E-5
Overview 0.001110494169905608 0.06187540371808745 6.87122750894919E-5
Package 0.018323153803442533 0.06187540371808745 0.0011337525389766164
Use 0.002498611882287618 0.010050335853501506 2.511188858454013E-5
Tree 0.001110494169905608 0.0408219945202552 4.533258691866208E-5
Deprecated 8.32870627429206E-4 0.06187540371808745 5.1534206317118925E-5
Index 8.32870627429206E-4 0.06187540371808745 5.1534206317118925E-5
Help 8.32870627429206E-4 0.05129329438755048 4.272067827947014E-5
No 5.55247084952804E-4 0.5798184952529422 3.219425292909174E-4
usage 2.77623542476402E-4 2.0402208285265546 5.66413333849682E-4
Copyright 5.55247084952804E-4 0.06187540371808745 3.435613754474595E-5
Jonathan 2.77623542476402E-4 0.0 0.0
Hedley 2.77623542476402E-4 0.0 0.0
All 0.001665741254858412 0.05129329438755048 8.544135655894028E-5
rights 5.55247084952804E-4 0.06187540371808745 3.435613754474595E-5
reserved 5.55247084952804E-4 0.06187540371808745 3.435613754474595E-5
he 2.77623542476402E-4 3.506557897319982 9.735030253525769E-4
classes 0.0280399777901166 0.7133498878774648 0.02000231501266628
for 0.03192670738478623 0.083381608939051 0.002662100229869757
creating 0.00138811771238201 1.8971199848858813 0.002633425853533983
user 0.00277623542476402 1.0216512475319812 0.002836344385152641
interfaces 0.016102165463631316 1.0216512475319812 0.016450797433885316
and 0.039700166574125485 0.09431067947124142 0.003744149684727241
painting 5.55247084952804E-4 2.659260036932778 0.001476546383638411
graphics 2.77623542476402E-4 2.207274913189721 6.127914806190231E-4
images 0.001110494169905608 2.5257286443082556 0.002804806934267913
java 0.026929483620210994 0.010050335853501506 2.706503547444881E-4
awt 0.003331482509716824 1.9661128563728327 0.006550070593135478
color 5.55247084952804E-4 2.120263536200091 0.0011772701478068247
Provides 0.029428095502498614 0.843970070294529 0.024836431829877867
spaces 2.77623542476402E-4 2.8134107167600364 7.810690496279947E-4
datatransfer 2.77623542476402E-4 2.5257286443082556 7.012017335669782E-4
transferring 2.77623542476402E-4 3.506557897319982 9.735030253525769E-4
data 0.004719600222098834 0.5978370007556204 0.0028215516415451268
between 0.001943364797334814 1.7147984280919266 0.0033324788996789245
within 5.55247084952804E-4 1.8325814637483102 0.001017535515684792
applications 0.003053858967240422 1.6607312068216509 0.005071638888128306
dnd 2.77623542476402E-4 2.8134107167600364 7.810690496279947E-4
Drag 2.77623542476402E-4 2.659260036932778 7.382731918192055E-4
Drop 2.77623542476402E-4 1.8971199848858813 5.266851707067966E-4
is 0.004997223764575236 0.22314355131420976 0.0011150982575390826
a 0.012770682953914493 0.16251892949777494 0.0020754777226256655
direct 2.77623542476402E-4 2.302585092994046 6.392518303703626E-4
manipulation 2.77623542476402E-4 3.2188758248682006 8.936357092915604E-4
gesture 2.77623542476402E-4 2.995732273553991 8.316858060949448E-4
found 2.77623542476402E-4 1.5141277326297755 4.2035750489444076E-4
in 0.01249305941143809 0.1508228897345837 0.0018842393220589299
many 5.55247084952804E-4 1.7147984280919266 9.521368284796929E-4
Graphical 2.77623542476402E-4 3.912023005428146 0.0010860696850161428
User 0.00277623542476402 1.0216512475319812 0.002836344385152641
Interface 0.004997223764575236 0.653926467406664 0.003267816883209315
systems 5.55247084952804E-4 2.407945608651872 0.0013370047799288573
that 0.00832870627429206 0.22314355131420976 0.001858497095898471
provides 0.029428095502498614 0.843970070294529 0.024836431829877867
mechanism 5.55247084952804E-4 2.0402208285265546 0.001132826667699364
to 0.016102165463631316 0.17435338714477774 0.0028074670889497804
transfer 2.77623542476402E-4 2.302585092994046 6.392518303703626E-4
information 0.001110494169905608 1.3470736479666094 0.0014959174325003992
two 0.001110494169905608 1.4271163556401458 0.0015848043927153203
entities 5.55247084952804E-4 1.9661128563728327 0.0010916784321892464
logically 2.77623542476402E-4 3.912023005428146 0.0010860696850161428
associated 8.32870627429206E-4 1.4271163556401458 0.0011886032945364901
with 0.00555247084952804 0.23572233352106994 0.0013088413854584673
presentation 2.77623542476402E-4 2.120263536200091 5.886350739034124E-4
elements 0.00138811771238201 0.8675005677047231 0.0012041929035323752
the 0.05247084952803998 0.10536051565782635 0.005528355763278507
GUI 2.77623542476402E-4 2.995732273553991 8.316858060949448E-4
event 0.002498611882287618 1.6094379124341003 0.004021360691812022
dealing 0.001665741254858412 2.8134107167600364 0.004686414297767967
different 5.55247084952804E-4 2.120263536200091 0.0011772701478068247
types 0.00277623542476402 1.6094379124341003 0.004468178546457802
events 0.00138811771238201 1.5606477482646683 0.0021663627821552865
fired 5.55247084952804E-4 2.659260036932778 0.001476546383638411
by 0.004719600222098834 0.27443684570176036 0.0012952321979261318
AWT 0.003331482509716824 1.9661128563728327 0.006550070593135478
components 0.002220988339811216 2.120263536200091 0.004709080591227299
font 2.77623542476402E-4 2.120263536200091 5.886350739034124E-4
interface 0.004997223764575236 0.653926467406664 0.003267816883209315
relating 5.55247084952804E-4 3.912023005428146 0.0021721393700322856
fonts 2.77623542476402E-4 3.912023005428146 0.0010860696850161428
geom 2.77623542476402E-4 2.8134107167600364 7.810690496279947E-4
D 2.77623542476402E-4 1.8971199848858813 5.266851707067966E-4
defining 2.77623542476402E-4 2.8134107167600364 7.810690496279947E-4
performing 0.001110494169905608 3.912023005428146 0.004344278740064571
operations 0.00138811771238201 1.6607312068216509 0.0023052904036946847
on 0.002498611882287618 0.5447271754416719 0.0013610617931635333
objects 0.001943364797334814 1.3862943611198906 0.002694075660144152
related 0.00138811771238201 1.8971199848858813 0.002633425853533983
dimensional 2.77623542476402E-4 2.659260036932778 7.382731918192055E-4
geometry 2.77623542476402E-4 3.2188758248682006 8.936357092915604E-4
im 5.55247084952804E-4 2.5257286443082556 0.0014024034671339565
input 0.001110494169905608 1.0216512475319812 0.0011345377540610563
method 0.001110494169905608 0.32850406697203605 3.648018511627275E-4
framework 0.002498611882287618 2.120263536200091 0.005297715665130711
spi 0.00416435313714603 1.7147984280919266 0.007141026213597695
enable 5.55247084952804E-4 1.6094379124341003 8.936357092915604E-4
development 2.77623542476402E-4 2.207274913189721 6.127914806190231E-4
methods 0.00138811771238201 0.24846135929849972 3.448936136847581E-4
can 0.00138811771238201 0.7339691750802005 0.001018835612271239
be 0.001665741254858412 0.47803580094299974 7.962839549300384E-4
used 0.003609106052193226 0.6348782724359695 0.002291343015454637
any 0.001110494169905608 0.5978370007556204 6.638945038929711E-4
runtime 0.00138811771238201 2.207274913189721 0.0030639574030951154
environment 8.32870627429206E-4 1.9661128563728327 0.0016375176482838695
image 0.001943364797334814 1.7147984280919266 0.0033324788996789245
modifying 2.77623542476402E-4 2.8134107167600364 7.810690496279947E-4
renderable 2.77623542476402E-4 2.5257286443082556 7.012017335669782E-4
producing 2.77623542476402E-4 3.2188758248682006 8.936357092915604E-4
rendering 2.77623542476402E-4 2.659260036932778 7.382731918192055E-4
independent 5.55247084952804E-4 2.8134107167600364 0.0015621380992559893
print 0.002498611882287618 2.5257286443082556 0.006310815602102804
general 2.77623542476402E-4 2.5257286443082556 7.012017335669782E-4
printing 5.55247084952804E-4 1.8325814637483102 0.001017535515684792
beans 8.32870627429206E-4 2.5257286443082556 0.0021036052007009347
Contains 0.008051082731815658 0.5798184952529422 0.004668166674718302
developing 2.77623542476402E-4 3.2188758248682006 8.936357092915604E-4
based 0.00138811771238201 1.2729656758128876 0.0017670262018502048
JavaBeans 2.77623542476402E-4 3.2188758248682006 8.936357092915604E-4
architecture 0.001110494169905608 1.8325814637483102 0.002035071031369584
beancontext 2.77623542476402E-4 2.659260036932778 7.382731918192055E-4
bean 2.77623542476402E-4 2.8134107167600364 7.810690496279947E-4
context 2.77623542476402E-4 2.0402208285265546 5.66413333849682E-4
io 2.77623542476402E-4 1.5606477482646683 4.332725564310573E-4
system 0.001110494169905608 1.2378743560016172 0.0013746522554154551
output 5.55247084952804E-4 0.9675840262617057 5.372482100287095E-4
through 5.55247084952804E-4 1.2378743560016172 6.873261277077276E-4
streams 8.32870627429206E-4 2.407945608651872 0.0020055071698932858
serialization 2.77623542476402E-4 1.7719568419318754 4.919369355724252E-4
file 0.00416435313714603 0.8915981192837835 0.003712929425112924
lang 0.003331482509716824 0.653926467406664 0.00217854458880621
are 0.001665741254858412 0.5447271754416719 9.07374528775689E-4
fundamental 2.77623542476402E-4 3.912023005428146 0.0010860696850161428
design 2.77623542476402E-4 2.407945608651872 6.685023899644287E-4
programming 0.003331482509716824 2.8134107167600364 0.009372828595535935
language 0.003331482509716824 1.7719568419318754 0.005903243226869102
annotation 0.002498611882287618 1.8971199848858813 0.0047401665363611695
library 2.77623542476402E-4 2.407945608651872 6.685023899644287E-4
support 0.003331482509716824 1.1394342831883648 0.003796005385413764
facility 2.77623542476402E-4 3.506557897319982 9.735030253525769E-4
instrument 8.32870627429206E-4 2.659260036932778 0.0022148195754576163
services 0.002220988339811216 2.0402208285265546 0.004531306670797456
allow 8.32870627429206E-4 1.2729656758128876 0.001060215721110123
agents 2.77623542476402E-4 3.912023005428146 0.0010860696850161428
programs 2.77623542476402E-4 1.7719568419318754 4.919369355724252E-4
running 2.77623542476402E-4 1.9661128563728327 5.458392160946232E-4
JVM 2.77623542476402E-4 3.912023005428146 0.0010860696850161428
invoke 5.55247084952804E-4 2.5257286443082556 0.0014024034671339565
The 0.05247084952803998 0.10536051565782635 0.005528355763278507
package 0.018323153803442533 0.06187540371808745 0.0011337525389766164
contains 0.008051082731815658 0.5798184952529422 0.004668166674718302
dynamic 0.00138811771238201 2.8134107167600364 0.003905345248139973
provided 2.77623542476402E-4 1.5141277326297755 4.2035750489444076E-4
directly 2.77623542476402E-4 1.8971199848858813 5.266851707067966E-4
core 0.00138811771238201 1.171182981502945 0.00162573984106461
class 0.003609106052193226 0.06187540371808745 2.2331489404084866E-4
libraries 2.77623542476402E-4 3.912023005428146 0.0010860696850161428
virtual 8.32870627429206E-4 1.9661128563728327 0.0016375176482838695
machine 8.32870627429206E-4 2.120263536200091 0.0017659052217102369
management 0.003609106052193226 1.6094379124341003 0.005808632110395142
monitoring 2.77623542476402E-4 2.407945608651872 6.685023899644287E-4
other 8.32870627429206E-4 0.8915981192837835 7.425858850225849E-4
ref 2.77623542476402E-4 2.120263536200091 5.886350739034124E-4
reference 5.55247084952804E-4 0.843970070294529 4.686119213184503E-4
object 0.00277623542476402 0.43078291609245434 0.0011959547920390183
which 0.004719600222098834 0.7550225842780328 0.003563404756448239
limited 2.77623542476402E-4 2.407945608651872 6.685023899644287E-4
degree 5.55247084952804E-4 2.659260036932778 0.001476546383638411
interaction 2.77623542476402E-4 3.506557897319982 9.735030253525769E-4
garbage 5.55247084952804E-4 2.8134107167600364 0.0015621380992559893
collector 2.77623542476402E-4 2.5257286443082556 7.012017335669782E-4
reflect 2.77623542476402E-4 2.5257286443082556 7.012017335669782E-4
obtaining 2.77623542476402E-4 2.995732273553991 8.316858060949448E-4
reflective 2.77623542476402E-4 3.912023005428146 0.0010860696850161428
about 2.77623542476402E-4 1.4696759700589417 4.0801664910020596E-4
math 2.77623542476402E-4 2.659260036932778 7.382731918192055E-4
arbitrary 8.32870627429206E-4 2.407945608651872 0.0020055071698932858
precision 5.55247084952804E-4 3.2188758248682006 0.0017872714185831209
integer 2.77623542476402E-4 2.659260036932778 7.382731918192055E-4
arithmetic 5.55247084952804E-4 3.2188758248682006 0.0017872714185831209
BigInteger 2.77623542476402E-4 2.659260036932778 7.382731918192055E-4
decimal 2.77623542476402E-4 3.2188758248682006 8.936357092915604E-4
BigDecimal 2.77623542476402E-4 2.659260036932778 7.382731918192055E-4
net 8.32870627429206E-4 1.8325814637483102 0.0015263032735271878
implementing 5.55247084952804E-4 2.407945608651872 0.0013370047799288573
networking 5.55247084952804E-4 3.2188758248682006 0.0017872714185831209
nio 0.003331482509716824 2.8134107167600364 0.009372828595535935
Defines 0.004441976679622432 1.8971199848858813 0.008426962731308746
buffers 2.77623542476402E-4 3.912023005428146 0.0010860696850161428
containers 5.55247084952804E-4 2.8134107167600364 0.0015621380992559893
an 0.002220988339811216 0.4620354595965586 0.001026175368343273
overview 0.001110494169905608 0.06187540371808745 6.87122750894919E-5
NIO 0.003331482509716824 2.8134107167600364 0.009372828595535935
packages 5.55247084952804E-4 0.9162907318741551 5.08767757842396E-4
channels 0.001110494169905608 2.659260036932778 0.002953092767276822
represent 2.77623542476402E-4 2.995732273553991 8.316858060949448E-4
connections 2.77623542476402E-4 2.407945608651872 6.685023899644287E-4
capable 2.77623542476402E-4 3.912023005428146 0.0010860696850161428
I 0.002498611882287618 1.3093333199837622 0.0032715157911865243
O 0.002498611882287618 1.3862943611198906 0.0034638115630424805
such 5.55247084952804E-4 1.5141277326297755 8.407150097888815E-4
as 0.001943364797334814 0.32850406697203605 6.38403239534773E-4
files 8.32870627429206E-4 1.8325814637483102 0.0015263032735271878
sockets 5.55247084952804E-4 2.995732273553991 0.0016633716121898896
defines 0.004441976679622432 1.8971199848858813 0.008426962731308746
selectors 2.77623542476402E-4 2.407945608651872 6.685023899644287E-4
multiplexed 2.77623542476402E-4 3.912023005428146 0.0010860696850161428
non 2.77623542476402E-4 1.8971199848858813 5.266851707067966E-4
blocking 2.77623542476402E-4 3.2188758248682006 8.936357092915604E-4
Service 0.003331482509716824 1.6607312068216509 0.0055326969688672435
provider 0.001943364797334814 1.8971199848858813 0.0036867961949475763
charset 8.32870627429206E-4 1.8971199848858813 0.0015800555121203898
charsets 2.77623542476402E-4 3.912023005428146 0.0010860696850161428
decoders 2.77623542476402E-4 3.912023005428146 0.0010860696850161428
encoders 2.77623542476402E-4 3.912023005428146 0.0010860696850161428
translating 2.77623542476402E-4 3.2188758248682006 8.936357092915604E-4
bytes 2.77623542476402E-4 2.302585092994046 6.392518303703626E-4
Unicode 2.77623542476402E-4 2.8134107167600364 7.810690496279947E-4
characters 2.77623542476402E-4 1.9661128563728327 5.458392160946232E-4
access 0.001943364797334814 0.8675005677047231 0.0016858700649453253
attributes 0.001110494169905608 0.3566749439387324 3.9608544579537193E-4
attribute 0.00138811771238201 0.6931471805599453 9.621698786229113E-4
Interfaces 0.016102165463631316 1.0216512475319812 0.016450797433885316
providing 5.55247084952804E-4 2.207274913189721 0.0012255829612380462
rmi 0.005830094392004442 2.302585092994046 0.013424288437777614
RMI 0.005830094392004442 2.302585092994046 0.013424288437777614
activation 8.32870627429206E-4 2.407945608651872 0.0020055071698932858
Object 0.00277623542476402 0.43078291609245434 0.0011959547920390183
Activation 8.32870627429206E-4 2.407945608651872 0.0020055071698932858
dgc 5.55247084952804E-4 2.659260036932778 0.001476546383638411
distributed 2.77623542476402E-4 3.506557897319982 9.735030253525769E-4
collection 5.55247084952804E-4 1.4696759700589417 8.160332982004119E-4
DGC 5.55247084952804E-4 2.659260036932778 0.001476546383638411
registry 8.32870627429206E-4 2.407945608651872 0.0020055071698932858
server 0.001665741254858412 2.120263536200091 0.0035318104434204738
supporting 0.001110494169905608 1.5606477482646683 0.0017330902257242293
side 0.001110494169905608 3.2188758248682006 0.0035745428371662417
security 0.004997223764575236 1.7719568419318754 0.008854864840303652
acl 2.77623542476402E-4 2.659260036932778 7.382731918192055E-4
this 0.010827318156579679 0.3424903089467759 0.0037082515405120102
have 2.77623542476402E-4 0.9416085398584451 2.6141269846153393E-4
been 2.77623542476402E-4 1.4271163556401458 3.962010981788301E-4
superseded 2.77623542476402E-4 3.912023005428146 0.0010860696850161428
cert 5.55247084952804E-4 2.5257286443082556 0.0014024034671339565
parsing 5.55247084952804E-4 1.2729656758128876 7.06810480740082E-4
managing 2.77623542476402E-4 3.912023005428146 0.0010860696850161428
certificates 5.55247084952804E-4 2.407945608651872 0.0013370047799288573
certificate 2.77623542476402E-4 2.659260036932778 7.382731918192055E-4
revocation 2.77623542476402E-4 3.912023005428146 0.0010860696850161428
lists 2.77623542476402E-4 1.7147984280919266 4.7606841423984643E-4
CRLs 2.77623542476402E-4 3.2188758248682006 8.936357092915604E-4
certification 2.77623542476402E-4 2.995732273553991 8.316858060949448E-4
paths 2.77623542476402E-4 2.659260036932778 7.382731918192055E-4
generating 5.55247084952804E-4 2.8134107167600364 0.0015621380992559893
RSA 8.32870627429206E-4 3.912023005428146 0.0032582090550484282
Rivest 2.77623542476402E-4 3.912023005428146 0.0010860696850161428
Shamir 2.77623542476402E-4 3.912023005428146 0.0010860696850161428
Adleman 2.77623542476402E-4 3.912023005428146 0.0010860696850161428
AsymmetricCipher 2.77623542476402E-4 3.912023005428146 0.0010860696850161428
algorithm 0.001110494169905608 2.407945608651872 0.0026740095598577146
keys 8.32870627429206E-4 1.7719568419318754 0.0014758108067172756
defined 0.001665741254858412 1.1394342831883648 0.001898002692706882
Laboratory 2.77623542476402E-4 3.912023005428146 0.0010860696850161428
Technical 2.77623542476402E-4 2.5257286443082556 7.012017335669782E-4
Note 2.77623542476402E-4 1.3093333199837622 3.635017545762805E-4
PKCS 5.55247084952804E-4 2.995732273553991 0.0016633716121898896
DSA 2.77623542476402E-4 3.912023005428146 0.0010860696850161428
Digital 0.001110494169905608 3.2188758248682006 0.0035745428371662417
Signature 2.77623542476402E-4 2.407945608651872 6.685023899644287E-4
Algorithm 0.001110494169905608 2.407945608651872 0.0026740095598577146
NIST 2.77623542476402E-4 3.912023005428146 0.0010860696850161428
s 8.32870627429206E-4 0.5447271754416719 4.536872643878445E-4
FIPS 2.77623542476402E-4 3.912023005428146 0.0010860696850161428
spec 0.00138811771238201 2.5257286443082556 0.0035060086678348912
key 8.32870627429206E-4 0.7985076962177716 6.650536059559453E-4
specifications 0.001110494169905608 1.8325814637483102 0.002035071031369584
parameter 8.32870627429206E-4 2.0402208285265546 0.0016992400015490461
sql 0.001665741254858412 1.6607312068216509 0.0027663484844336218
accessing 0.001110494169905608 2.8134107167600364 0.0031242761985119786
processing 0.003331482509716824 2.120263536200091 0.0070636208868409475
stored 2.77623542476402E-4 2.995732273553991 8.316858060949448E-4
source 8.32870627429206E-4 1.07880966137193 8.985088795435286E-4
usually 2.77623542476402E-4 2.8134107167600364 7.810690496279947E-4
relational 2.77623542476402E-4 2.8134107167600364 7.810690496279947E-4
database 2.77623542476402E-4 1.8971199848858813 5.266851707067966E-4
using 5.55247084952804E-4 0.8209805520698303 4.5584705833971706E-4
JavaTM 0.001665741254858412 3.912023005428146 0.0065164181100968565
text 0.003609106052193226 1.1086626245216111 0.004001280988001373
handling 2.77623542476402E-4 2.120263536200091 5.886350739034124E-4
dates 2.77623542476402E-4 2.995732273553991 8.316858060949448E-4
numbers 2.77623542476402E-4 2.5257286443082556 7.012017335669782E-4
messages 8.32870627429206E-4 2.8134107167600364 0.0023432071488839836
manner 2.77623542476402E-4 3.2188758248682006 8.936357092915604E-4
natural 2.77623542476402E-4 2.995732273553991 8.316858060949448E-4
languages 2.77623542476402E-4 3.912023005428146 0.0010860696850161428
util 0.003886729594669628 1.2729656758128876 0.004947673365180574
collections 2.77623542476402E-4 2.659260036932778 7.382731918192055E-4
legacy 2.77623542476402E-4 3.912023005428146 0.0010860696850161428
model 0.00277623542476402 1.6094379124341003 0.004468178546457802
date 2.77623542476402E-4 1.9661128563728327 5.458392160946232E-4
time 2.77623542476402E-4 1.3470736479666094 3.739793581250998E-4
facilities 0.001110494169905608 3.912023005428146 0.004344278740064571
internationalization 2.77623542476402E-4 3.912023005428146 0.0010860696850161428
miscellaneous 2.77623542476402E-4 3.912023005428146 0.0010860696850161428
utility 0.00138811771238201 2.0402208285265546 0.00283206666924841
string 2.77623542476402E-4 0.4155154439616658 1.1535686950629257E-4
tokenizer 2.77623542476402E-4 3.912023005428146 0.0010860696850161428
random 2.77623542476402E-4 2.659260036932778 7.382731918192055E-4
number 2.77623542476402E-4 1.2378743560016172 3.436630638538638E-4
generator 2.77623542476402E-4 3.912023005428146 0.0010860696850161428
bit 2.77623542476402E-4 2.8134107167600364 7.810690496279947E-4
array 2.77623542476402E-4 1.7719568419318754 4.919369355724252E-4
concurrent 0.001110494169905608 2.5257286443082556 0.002804806934267913
Utility 0.00138811771238201 2.0402208285265546 0.00283206666924841
commonly 2.77623542476402E-4 2.995732273553991 8.316858060949448E-4
useful 5.55247084952804E-4 1.9661128563728327 0.0010916784321892464
atomic 2.77623542476402E-4 2.8134107167600364 7.810690496279947E-4
A 0.012770682953914493 0.16251892949777494 0.0020754777226256655
small 2.77623542476402E-4 1.9661128563728327 5.458392160946232E-4
toolkit 2.77623542476402E-4 2.407945608651872 6.685023899644287E-4
lock 2.77623542476402E-4 2.207274913189721 6.127914806190231E-4
free 2.77623542476402E-4 1.8971199848858813 5.266851707067966E-4
thread 2.77623542476402E-4 2.120263536200091 5.886350739034124E-4
safe 2.77623542476402E-4 1.3093333199837622 3.635017545762805E-4
single 2.77623542476402E-4 1.4696759700589417 4.0801664910020596E-4
variables 2.77623542476402E-4 3.912023005428146 0.0010860696850161428
locks 2.77623542476402E-4 2.5257286443082556 7.012017335669782E-4
locking 2.77623542476402E-4 3.2188758248682006 8.936357092915604E-4
waiting 2.77623542476402E-4 3.2188758248682006 8.936357092915604E-4
conditions 2.77623542476402E-4 3.912023005428146 0.0010860696850161428
distinct 2.77623542476402E-4 3.912023005428146 0.0010860696850161428
from 0.003053858967240422 0.38566248081198473 0.0011777588253558667
built 0.001665741254858412 2.120263536200091 0.0035318104434204738
synchronization 5.55247084952804E-4 2.302585092994046 0.0012785036607407252
monitors 2.77623542476402E-4 2.995732273553991 8.316858060949448E-4
jar 5.55247084952804E-4 2.5257286443082556 0.0014024034671339565
reading 0.001110494169905608 2.659260036932778 0.002953092767276822
writing 0.001110494169905608 2.8134107167600364 0.0031242761985119786
JAR 5.55247084952804E-4 2.5257286443082556 0.0014024034671339565
ARchive 2.77623542476402E-4 2.5257286443082556 7.012017335669782E-4
format 0.00138811771238201 1.4696759700589417 0.0020400832455010295
standard 0.002498611882287618 1.1394342831883648 0.002847004039060323
ZIP 8.32870627429206E-4 2.659260036932778 0.0022148195754576163
optional 2.77623542476402E-4 2.120263536200091 5.886350739034124E-4
manifest 2.77623542476402E-4 2.407945608651872 6.685023899644287E-4
logging 5.55247084952804E-4 1.8971199848858813 0.0010533703414135932
platform 0.001110494169905608 1.07880966137193 0.0011980118393913716
prefs 2.77623542476402E-4 2.8134107167600364 7.810690496279947E-4
This 0.010827318156579679 0.3424903089467759 0.0037082515405120102
allows 0.00138811771238201 1.9661128563728327 0.002729196080473116
store 5.55247084952804E-4 1.6094379124341003 8.936357092915604E-4
retrieve 5.55247084952804E-4 2.5257286443082556 0.0014024034671339565
preference 2.77623542476402E-4 3.2188758248682006 8.936357092915604E-4
configuration 2.77623542476402E-4 2.207274913189721 6.127914806190231E-4
regex 2.77623542476402E-4 2.5257286443082556 7.012017335669782E-4
Classes 0.0280399777901166 0.7133498878774648 0.02000231501266628
matching 2.77623542476402E-4 2.0402208285265546 5.66413333849682E-4
character 2.77623542476402E-4 1.3093333199837622 3.635017545762805E-4
sequences 2.77623542476402E-4 2.407945608651872 6.685023899644287E-4
against 2.77623542476402E-4 1.4271163556401458 3.962010981788301E-4
patterns 2.77623542476402E-4 3.506557897319982 9.735030253525769E-4
specified 0.002220988339811216 0.9675840262617057 0.002148992840114838
regular 2.77623542476402E-4 2.407945608651872 6.685023899644287E-4
expressions 5.55247084952804E-4 3.2188758248682006 0.0017872714185831209
zip 8.32870627429206E-4 2.659260036932778 0.0022148195754576163
GZIP 2.77623542476402E-4 3.912023005428146 0.0010860696850161428
formats 2.77623542476402E-4 3.2188758248682006 8.936357092915604E-4
javax 0.03470294280955025 1.3093333199837622 0.04543771932203505
accessibility 2.77623542476402E-4 1.9661128563728327 5.458392160946232E-4
contract 5.55247084952804E-4 2.8134107167600364 0.0015621380992559893
assistive 2.77623542476402E-4 2.659260036932778 7.382731918192055E-4
technology 2.77623542476402E-4 1.7147984280919266 4.7606841423984643E-4
those 2.77623542476402E-4 1.6607312068216509 4.61058080738937E-4
activity 5.55247084952804E-4 2.407945608651872 0.0013370047799288573
Activity 5.55247084952804E-4 2.407945608651872 0.0013370047799288573
service 0.003331482509716824 1.6607312068216509 0.0055326969688672435
exceptions 0.002220988339811216 2.0402208285265546 0.004531306670797456
thrown 0.00138811771238201 1.8971199848858813 0.002633425853533983
ORB 0.003331482509716824 2.407945608651872 0.008022028679573143
machinery 5.55247084952804E-4 3.912023005428146 0.0021721393700322856
during 8.32870627429206E-4 2.120263536200091 0.0017659052217102369
unmarshalling 8.32870627429206E-4 2.8134107167600364 0.0023432071488839836
Facilities 0.001110494169905608 3.912023005428146 0.004344278740064571
declaring 2.77623542476402E-4 3.912023005428146 0.0010860696850161428
processors 5.55247084952804E-4 3.2188758248682006 0.0017872714185831209
allowing 5.55247084952804E-4 2.407945608651872 0.0013370047799288573
communicate 2.77623542476402E-4 3.912023005428146 0.0010860696850161428
tool 2.77623542476402E-4 2.407945608651872 6.685023899644287E-4
crypto 0.003053858967240422 2.8134107167600364 0.00859175954590794
cryptographic 2.77623542476402E-4 2.8134107167600364 7.810690496279947E-4
Diffie 2.77623542476402E-4 3.912023005428146 0.0010860696850161428
Hellman 2.77623542476402E-4 3.912023005428146 0.0010860696850161428
Laboratories 2.77623542476402E-4 3.912023005428146 0.0010860696850161428
imageio 0.001943364797334814 2.407945608651872 0.004679516729751
main 2.77623542476402E-4 1.2378743560016172 3.436630638538638E-4
Image 0.001943364797334814 1.7147984280919266 0.0033324788996789245
synchronous 2.77623542476402E-4 3.912023005428146 0.0010860696850161428
notification 5.55247084952804E-4 2.407945608651872 0.0013370047799288573
metadata 5.55247084952804E-4 2.5257286443082556 0.0014024034671339565
plugins 5.55247084952804E-4 2.407945608651872 0.0013370047799288573
bmp 5.55247084952804E-4 3.2188758248682006 0.0017872714185831209
containing 5.55247084952804E-4 1.171182981502945 6.50295936425844E-4
public 5.55247084952804E-4 0.6931471805599453 3.8486795144916457E-4
BMP 5.55247084952804E-4 3.2188758248682006 0.0017872714185831209
plug 8.32870627429206E-4 3.912023005428146 0.0032582090550484282
jpeg 5.55247084952804E-4 2.5257286443082556 0.0014024034671339565
JPEG 5.55247084952804E-4 2.5257286443082556 0.0014024034671339565
readers 0.001110494169905608 3.912023005428146 0.004344278740064571
writers 8.32870627429206E-4 3.912023005428146 0.0032582090550484282
transcoders 2.77623542476402E-4 3.912023005428146 0.0010860696850161428
stream 0.001665741254858412 1.3862943611198906 0.002309207708694987
low 2.77623542476402E-4 2.0402208285265546 5.66413333849682E-4
level 2.77623542476402E-4 1.7147984280919266 4.7606841423984643E-4
jws 5.55247084952804E-4 2.8134107167600364 0.0015621380992559893
soap 0.001943364797334814 2.5257286443082556 0.004908412134968848
hierarchies 2.77623542476402E-4 2.120263536200091 5.886350739034124E-4
element 2.77623542476402E-4 0.7339691750802005 2.0376712245424782E-4
type 5.55247084952804E-4 0.44628710262841953 2.4779961278646284E-4
Utilities 2.77623542476402E-4 2.407945608651872 6.685023899644287E-4
assist 2.77623542476402E-4 3.912023005428146 0.0010860696850161428
program 8.32870627429206E-4 2.120263536200091 0.0017659052217102369
Management 0.003609106052193226 1.6094379124341003 0.005808632110395142
Extensions 2.77623542476402E-4 3.912023005428146 0.0010860696850161428
loading 5.55247084952804E-4 2.407945608651872 0.0013370047799288573
implement 5.55247084952804E-4 1.7147984280919266 9.521368284796929E-4
advanced 2.77623542476402E-4 2.302585092994046 6.392518303703626E-4
modelmbean 5.55247084952804E-4 2.659260036932778 0.001476546383638411
definition 0.00138811771238201 2.0402208285265546 0.00283206666924841
ModelMBean 5.55247084952804E-4 2.659260036932778 0.001476546383638411
monitor 5.55247084952804E-4 2.0402208285265546 0.001132826667699364
openmbean 2.77623542476402E-4 2.5257286443082556 7.012017335669782E-4
open 5.55247084952804E-4 2.207274913189721 0.0012255829612380462
Open 5.55247084952804E-4 2.207274913189721 0.0012255829612380462
MBean 0.001110494169905608 2.8134107167600364 0.0031242761985119786
descriptor 2.77623542476402E-4 2.659260036932778 7.382731918192055E-4
relation 5.55247084952804E-4 2.659260036932778 0.001476546383638411
Relation 5.55247084952804E-4 2.659260036932778 0.001476546383638411
remote 0.001665741254858412 2.407945608651872 0.0040110143397865715
JMX 5.55247084952804E-4 2.659260036932778 0.001476546383638411
servers 2.77623542476402E-4 2.5257286443082556 7.012017335669782E-4
connector 5.55247084952804E-4 2.407945608651872 0.0013370047799288573
Remote 0.001665741254858412 2.407945608651872 0.0040110143397865715
uses 0.001110494169905608 0.9942522733438669 0.0011041113529637612
transmit 2.77623542476402E-4 3.912023005428146 0.0010860696850161428
client 8.32870627429206E-4 2.207274913189721 0.0018383744418570692
requests 2.77623542476402E-4 1.5606477482646683 4.332725564310573E-4
timer 5.55247084952804E-4 2.120263536200091 0.0011772701478068247
Timer 5.55247084952804E-4 2.120263536200091 0.0011772701478068247
naming 0.002498611882287618 2.407945608651872 0.006016521509679857
directory 8.32870627429206E-4 2.659260036932778 0.0022148195754576163
Extends 2.77623542476402E-4 0.653926467406664 1.8154538240051753E-4
provide 8.32870627429206E-4 1.3862943611198906 0.0011546038543474935
functionality 2.77623542476402E-4 1.0498221244986776 2.9145533717342523E-4
when 8.32870627429206E-4 0.843970070294529 7.029178819776754E-4
ldap 2.77623542476402E-4 2.8134107167600364 7.810690496279947E-4
LDAPv 2.77623542476402E-4 3.912023005428146 0.0010860696850161428
extended 2.77623542476402E-4 2.207274913189721 6.127914806190231E-4
controls 2.77623542476402E-4 1.7147984280919266 4.7606841423984643E-4
ssl 8.32870627429206E-4 2.207274913189721 0.0018383744418570692
secure 5.55247084952804E-4 2.407945608651872 0.0013370047799288573
socket 2.77623542476402E-4 2.0402208285265546 5.66413333849682E-4
principal 5.55247084952804E-4 2.407945608651872 0.0013370047799288573
Print 0.002498611882287618 2.5257286443082556 0.006310815602102804
describe 2.77623542476402E-4 2.407945608651872 6.685023899644287E-4
how 2.77623542476402E-4 1.2039728043259361 3.342511949822144E-4
they 2.77623542476402E-4 1.2729656758128876 3.53405240370041E-4
collected 2.77623542476402E-4 3.912023005428146 0.0010860696850161428
into 2.77623542476402E-4 0.8915981192837835 2.475286283408616E-4
sets 2.77623542476402E-4 1.6094379124341003 4.468178546457802E-4
specific 0.002498611882287618 1.9661128563728327 0.004912552944851609
listener 2.77623542476402E-4 2.302585092994046 6.392518303703626E-4
APIs 0.004441976679622432 2.120263536200091 0.009418161182454598
IIOP 8.32870627429206E-4 2.995732273553991 0.002495057418284834
CORBA 0.00416435313714603 2.5257286443082556 0.010518026003504674
portability 5.55247084952804E-4 3.912023005428146 0.0021721393700322856
implementations 0.00138811771238201 1.8971199848858813 0.002633425853533983
RMIClientSocketFactory 2.77623542476402E-4 2.659260036932778 7.382731918192055E-4
RMIServerSocketFactory 2.77623542476402E-4 2.659260036932778 7.382731918192055E-4
over 2.77623542476402E-4 2.302585092994046 6.392518303703626E-4
Secure 5.55247084952804E-4 2.407945608651872 0.0013370047799288573
Sockets 5.55247084952804E-4 2.995732273553991 0.0016633716121898896
Layer 8.32870627429206E-4 3.506557897319982 0.002920509076057731
SSL 8.32870627429206E-4 2.207274913189721 0.0018383744418570692
or 0.002220988339811216 0.2613647641344075 5.804880935800278E-4
Transport 2.77623542476402E-4 2.5257286443082556 7.012017335669782E-4
Security 0.004997223764575236 1.7719568419318754 0.008854864840303652
TLS 2.77623542476402E-4 2.8134107167600364 7.810690496279947E-4
protocols 2.77623542476402E-4 2.120263536200091 5.886350739034124E-4
script 2.77623542476402E-4 2.120263536200091 5.886350739034124E-4
scripting 8.32870627429206E-4 1.0216512475319812 8.509033155457923E-4
consists 2.77623542476402E-4 2.207274913189721 6.127914806190231E-4
define 2.77623542476402E-4 1.8325814637483102 5.08767757842396E-4
TM 5.55247084952804E-4 3.912023005428146 0.0021721393700322856
Scripting 8.32870627429206E-4 1.0216512475319812 8.509033155457923E-4
Engines 2.77623542476402E-4 3.912023005428146 0.0010860696850161428
their 2.77623542476402E-4 1.2729656758128876 3.53405240370041E-4
use 0.002498611882287618 0.010050335853501506 2.511188858454013E-5
auth 0.001665741254858412 2.0402208285265546 0.0033984800030980923
authentication 0.001665741254858412 3.2188758248682006 0.005361814255749362
authorization 2.77623542476402E-4 2.8134107167600364 7.810690496279947E-4
callback 2.77623542476402E-4 2.407945608651872 6.685023899644287E-4
necessary 2.77623542476402E-4 2.407945608651872 6.685023899644287E-4
interact 2.77623542476402E-4 3.912023005428146 0.0010860696850161428
order 2.77623542476402E-4 1.2378743560016172 3.436630638538638E-4
including 0.001110494169905608 1.0498221244986776 0.001165821348693701
usernames 2.77623542476402E-4 3.912023005428146 0.0010860696850161428
passwords 2.77623542476402E-4 3.912023005428146 0.0010860696850161428
example 8.32870627429206E-4 1.0498221244986776 8.743660115202756E-4
display 2.77623542476402E-4 2.407945608651872 6.685023899644287E-4
error 2.77623542476402E-4 1.4696759700589417 4.0801664910020596E-4
warning 2.77623542476402E-4 2.659260036932778 7.382731918192055E-4
kerberos 8.32870627429206E-4 3.2188758248682006 0.002680907127874681
Kerberos 8.32870627429206E-4 3.2188758248682006 0.002680907127874681
network 2.77623542476402E-4 2.120263536200091 5.886350739034124E-4
protocol 2.77623542476402E-4 2.0402208285265546 5.66413333849682E-4
login 2.77623542476402E-4 2.5257286443082556 7.012017335669782E-4
pluggable 8.32870627429206E-4 2.302585092994046 0.0019177554911110877
modules 2.77623542476402E-4 3.2188758248682006 8.936357092915604E-4
x 8.32870627429206E-4 1.5606477482646683 0.0012998176692931719
should 2.77623542476402E-4 1.0498221244986776 2.9145533717342523E-4
X 8.32870627429206E-4 1.5606477482646683 0.0012998176692931719
Principal 5.55247084952804E-4 2.407945608651872 0.0013370047799288573
Private 2.77623542476402E-4 2.302585092994046 6.392518303703626E-4
Crendentials 2.77623542476402E-4 3.912023005428146 0.0010860696850161428
Subject 5.55247084952804E-4 1.1394342831883648 6.326675642356274E-4
sasl 5.55247084952804E-4 2.659260036932778 0.001476546383638411
SASL 5.55247084952804E-4 2.659260036932778 0.001476546383638411
sound 0.001665741254858412 2.8134107167600364 0.004686414297767967
midi 0.00138811771238201 2.8134107167600364 0.003905345248139973
sequencing 2.77623542476402E-4 3.912023005428146 0.0010860696850161428
synthesis 2.77623542476402E-4 3.912023005428146 0.0010860696850161428
MIDI 0.00138811771238201 2.8134107167600364 0.003905345248139973
Musical 2.77623542476402E-4 3.2188758248682006 8.936357092915604E-4
Instrument 8.32870627429206E-4 2.659260036932778 0.0022148195754576163
Supplies 5.55247084952804E-4 3.2188758248682006 0.0017872714185831209
providers 5.55247084952804E-4 2.302585092994046 0.0012785036607407252
offering 5.55247084952804E-4 2.5257286443082556 0.0014024034671339565
new 8.32870627429206E-4 0.616186139423817 5.132033365550946E-4
devices 5.55247084952804E-4 2.5257286443082556 0.0014024034671339565
bank 2.77623542476402E-4 3.2188758248682006 8.936357092915604E-4
sampled 8.32870627429206E-4 2.8134107167600364 0.0023432071488839836
capture 2.77623542476402E-4 3.912023005428146 0.0010860696850161428
playback 2.77623542476402E-4 3.912023005428146 0.0010860696850161428
audio 8.32870627429206E-4 3.2188758248682006 0.002680907127874681
abstract 5.55247084952804E-4 1.2729656758128876 7.06810480740082E-4
subclass 2.77623542476402E-4 2.302585092994046 6.392518303703626E-4
converters 2.77623542476402E-4 3.912023005428146 0.0010860696850161428
rowset 0.001110494169905608 1.6607312068216509 0.001844232322955748
Standard 0.002498611882287618 1.1394342831883648 0.002847004039060323
base 2.77623542476402E-4 0.9162907318741551 2.54383878921198E-4
JDBC 2.77623542476402E-4 2.407945608651872 6.685023899644287E-4
RowSet 0.001110494169905608 1.6607312068216509 0.001844232322955748
serial 2.77623542476402E-4 3.2188758248682006 8.936357092915604E-4
serializable 2.77623542476402E-4 1.4271163556401458 3.962010981788301E-4
mappings 5.55247084952804E-4 2.659260036932778 0.001476546383638411
SQL 0.001665741254858412 1.6607312068216509 0.0027663484844336218
third 2.77623542476402E-4 2.5257286443082556 7.012017335669782E-4
party 2.77623542476402E-4 2.8134107167600364 7.810690496279947E-4
vendor 8.32870627429206E-4 2.995732273553991 0.002495057418284834
has 2.77623542476402E-4 0.7550225842780328 2.0961204449695527E-4
its 0.001110494169905608 0.8675005677047231 9.633543228259002E-4
implementation 2.77623542476402E-4 1.3470736479666094 3.739793581250998E-4
swing 0.006385341476957246 1.9661128563728327 0.012554301970176334
set 5.55247084952804E-4 0.4620354595965586 2.5654384208581826E-4
lightweight 2.77623542476402E-4 2.407945608651872 6.685023899644287E-4
all 0.001665741254858412 0.05129329438755048 8.544135655894028E-5
maximum 2.77623542476402E-4 1.9661128563728327 5.458392160946232E-4
possible 5.55247084952804E-4 1.7719568419318754 9.838738711448504E-4
work 2.77623542476402E-4 2.407945608651872 6.685023899644287E-4
same 2.77623542476402E-4 0.9942522733438669 2.760278382409403E-4
platforms 2.77623542476402E-4 2.5257286443082556 7.012017335669782E-4
border 2.77623542476402E-4 2.120263536200091 5.886350739034124E-4
drawing 2.77623542476402E-4 3.2188758248682006 8.936357092915604E-4
specialized 2.77623542476402E-4 2.120263536200091 5.886350739034124E-4
borders 2.77623542476402E-4 2.995732273553991 8.316858060949448E-4
around 2.77623542476402E-4 2.0402208285265546 5.66413333849682E-4
Swing 0.006385341476957246 1.9661128563728327 0.012554301970176334
component 0.001110494169905608 1.4696759700589417 0.0016320665964008239
colorchooser 2.77623542476402E-4 2.5257286443082556 7.012017335669782E-4
JColorChooser 2.77623542476402E-4 2.302585092994046 6.392518303703626E-4
filechooser 2.77623542476402E-4 2.5257286443082556 7.012017335669782E-4
JFileChooser 2.77623542476402E-4 2.302585092994046 6.392518303703626E-4
plaf 0.001665741254858412 2.0402208285265546 0.0033984800030980923
one 5.55247084952804E-4 1.07880966137193 5.990059196956858E-4
look 0.001943364797334814 1.9661128563728327 0.0038208745126623624
feel 0.001665741254858412 2.659260036932778 0.0044296391509152325
capabilities 5.55247084952804E-4 2.120263536200091 0.0011772701478068247
basic 5.55247084952804E-4 1.4696759700589417 8.160332982004119E-4
according 8.32870627429206E-4 2.207274913189721 0.0018383744418570692
Basic 5.55247084952804E-4 1.4696759700589417 8.160332982004119E-4
metal 5.55247084952804E-4 1.9661128563728327 0.0010916784321892464
once 2.77623542476402E-4 2.207274913189721 6.127914806190231E-4
codenamed 2.77623542476402E-4 3.2188758248682006 8.936357092915604E-4
Metal 5.55247084952804E-4 1.9661128563728327 0.0010916784321892464
default 8.32870627429206E-4 1.0216512475319812 8.509033155457923E-4
multi 2.77623542476402E-4 1.8325814637483102 5.08767757842396E-4
combine 2.77623542476402E-4 2.8134107167600364 7.810690496279947E-4
more 5.55247084952804E-4 0.7339691750802005 4.0753424490849564E-4
feels 2.77623542476402E-4 2.659260036932778 7.382731918192055E-4
nimbus 5.55247084952804E-4 2.5257286443082556 0.0014024034671339565
cross 2.77623542476402E-4 2.5257286443082556 7.012017335669782E-4
Nimbus 5.55247084952804E-4 2.5257286443082556 0.0014024034671339565
synth 5.55247084952804E-4 2.5257286443082556 0.0014024034671339565
Synth 5.55247084952804E-4 2.5257286443082556 0.0014024034671339565
skinnable 2.77623542476402E-4 3.2188758248682006 8.936357092915604E-4
delegated 2.77623542476402E-4 3.2188758248682006 8.936357092915604E-4
table 2.77623542476402E-4 1.5606477482646683 4.332725564310573E-4
JTable 2.77623542476402E-4 1.9661128563728327 5.458392160946232E-4
deal 2.77623542476402E-4 2.407945608651872 6.685023899644287E-4
editable 2.77623542476402E-4 2.659260036932778 7.382731918192055E-4
noneditable 2.77623542476402E-4 3.2188758248682006 8.936357092915604E-4
html 0.00138811771238201 0.0 0.0
HTMLEditorKit 2.77623542476402E-4 2.207274913189721 6.127914806190231E-4
editors 8.32870627429206E-4 2.995732273553991 0.002495057418284834
parser 8.32870627429206E-4 0.0 0.0
along 2.77623542476402E-4 3.2188758248682006 8.936357092915604E-4
rtf 2.77623542476402E-4 3.2188758248682006 8.936357092915604E-4
RTFEditorKit 2.77623542476402E-4 2.995732273553991 8.316858060949448E-4
Rich 2.77623542476402E-4 3.506557897319982 9.735030253525769E-4
Text 0.003609106052193226 1.1086626245216111 0.004001280988001373
Format 0.00138811771238201 1.4696759700589417 0.0020400832455010295
tree 0.001110494169905608 0.0408219945202552 4.533258691866208E-5
JTree 2.77623542476402E-4 2.120263536200091 5.886350739034124E-4
undo 5.55247084952804E-4 2.8134107167600364 0.0015621380992559893
Allows 0.00138811771238201 1.9661128563728327 0.002729196080473116
developers 5.55247084952804E-4 1.8971199848858813 0.0010533703414135932
redo 2.77623542476402E-4 3.912023005428146 0.0010860696850161428
tools 5.55247084952804E-4 2.120263536200091 0.0011772701478068247
invoked 5.55247084952804E-4 2.995732273553991 0.0016633716121898896
compilers 2.77623542476402E-4 3.912023005428146 0.0010860696850161428
transaction 0.001110494169905608 2.659260036932778 0.002953092767276822
three 2.77623542476402E-4 2.407945608651872 6.685023899644287E-4
xa 2.77623542476402E-4 3.2188758248682006 8.936357092915604E-4
manager 0.001110494169905608 2.120263536200091 0.0023545402956136495
resource 8.32870627429206E-4 1.6607312068216509 0.0013831742422168109
enlist 2.77623542476402E-4 3.912023005428146 0.0010860696850161428
delist 2.77623542476402E-4 3.912023005428146 0.0010860696850161428
supplied 2.77623542476402E-4 1.5141277326297755 4.2035750489444076E-4
driver 2.77623542476402E-4 2.207274913189721 6.127914806190231E-4
JTA 2.77623542476402E-4 3.912023005428146 0.0010860696850161428
transactions 2.77623542476402E-4 3.912023005428146 0.0010860696850161428
xml 0.0138811771238201 1.2039728043259361 0.016712559749110716
bind 0.001943364797334814 2.5257286443082556 0.004908412134968848
binding 8.32870627429206E-4 2.207274913189721 0.0018383744418570692
marshalling 5.55247084952804E-4 2.8134107167600364 0.0015621380992559893
validation 8.32870627429206E-4 1.7719568419318754 0.0014758108067172756
annotations 2.77623542476402E-4 3.912023005428146 0.0010860696850161428
customizing 2.77623542476402E-4 2.995732273553991 8.316858060949448E-4
XML 0.0138811771238201 1.2039728043259361 0.016712559749110716
Schema 2.77623542476402E-4 2.207274913189721 6.127914806190231E-4
mapping 5.55247084952804E-4 3.2188758248682006 0.0017872714185831209
adapters 2.77623542476402E-4 3.2188758248682006 8.936357092915604E-4
XmlAdapter 2.77623542476402E-4 2.995732273553991 8.316858060949448E-4
sub 2.77623542476402E-4 2.659260036932778 7.382731918192055E-4
JAXB 5.55247084952804E-4 2.407945608651872 0.0013370047799288573
attachment 2.77623542476402E-4 2.8134107167600364 7.810690496279947E-4
implemented 5.55247084952804E-4 1.0498221244986776 5.829106743468505E-4
MIME 5.55247084952804E-4 1.9661128563728327 0.0010916784321892464
processor 2.77623542476402E-4 2.659260036932778 7.382731918192055E-4
enables 2.77623542476402E-4 2.207274913189721 6.127914806190231E-4
interpretation 2.77623542476402E-4 3.912023005428146 0.0010860696850161428
creation 5.55247084952804E-4 3.912023005428146 0.0021721393700322856
optimized 2.77623542476402E-4 2.8134107167600364 7.810690496279947E-4
binary 2.77623542476402E-4 2.120263536200091 5.886350739034124E-4
helpers 5.55247084952804E-4 2.407945608651872 0.0013370047799288573
Provider 0.001943364797334814 1.8971199848858813 0.0036867961949475763
Only 2.77623542476402E-4 0.843970070294529 2.3430596065922516E-4
partial 2.77623542476402E-4 3.2188758248682006 8.936357092915604E-4
some 2.77623542476402E-4 2.0402208285265546 5.66413333849682E-4
Useful 5.55247084952804E-4 1.9661128563728327 0.0010916784321892464
Common 0.001110494169905608 1.7719568419318754 0.001967747742289701
cryptography 2.77623542476402E-4 3.912023005428146 0.0010860696850161428
dom 0.003053858967240422 1.7719568419318754 0.005411306291296676
DOM 0.003053858967240422 1.7719568419318754 0.005411306291296676
dsig 0.00138811771238201 3.2188758248682006 0.004468178546457802
validating 2.77623542476402E-4 2.659260036932778 7.382731918192055E-4
digital 0.001110494169905608 3.2188758248682006 0.0035745428371662417
signatures 5.55247084952804E-4 3.912023005428146 0.0021721393700322856
keyinfo 5.55247084952804E-4 2.995732273553991 0.0016633716121898896
KeyInfo 5.55247084952804E-4 2.995732273553991 0.0016633716121898896
structures 2.77623542476402E-4 3.912023005428146 0.0010860696850161428
Parameter 8.32870627429206E-4 2.0402208285265546 0.0016992400015490461
datatype 2.77623542476402E-4 2.8134107167600364 7.810690496279947E-4
Type 5.55247084952804E-4 0.44628710262841953 2.4779961278646284E-4
Mappings 5.55247084952804E-4 2.659260036932778 0.001476546383638411
namespace 5.55247084952804E-4 2.407945608651872 0.0013370047799288573
Namespace 5.55247084952804E-4 2.407945608651872 0.0013370047799288573
parsers 2.77623542476402E-4 3.2188758248682006 8.936357092915604E-4
documents 5.55247084952804E-4 1.7147984280919266 9.521368284796929E-4
building 2.77623542476402E-4 2.659260036932778 7.382731918192055E-4
SOAP 0.001943364797334814 2.5257286443082556 0.004908412134968848
transform 0.00138811771238201 2.207274913189721 0.0030639574030951154
generic 2.77623542476402E-4 2.207274913189721 6.127914806190231E-4
transformation 0.001665741254858412 2.8134107167600364 0.004686414297767967
instructions 2.77623542476402E-4 3.2188758248682006 8.936357092915604E-4
result 2.77623542476402E-4 1.7719568419318754 4.919369355724252E-4
implements 8.32870627429206E-4 0.6931471805599453 5.773019271737467E-4
sax 0.002498611882287618 2.659260036932778 0.006644458726372849
SAX 0.002498611882287618 2.659260036932778 0.006644458726372849
stax 5.55247084952804E-4 3.2188758248682006 0.0017872714185831209
StAX 5.55247084952804E-4 3.2188758248682006 0.0017872714185831209
URI 2.77623542476402E-4 1.5606477482646683 4.332725564310573E-4
ws 0.003331482509716824 2.8134107167600364 0.009372828595535935
JAX 8.32870627429206E-4 3.912023005428146 0.0032582090550484282
WS 0.003331482509716824 2.8134107167600364 0.009372828595535935
handler 5.55247084952804E-4 2.659260036932778 0.001476546383638411
message 5.55247084952804E-4 2.407945608651872 0.0013370047799288573
handlers 5.55247084952804E-4 3.912023005428146 0.0021721393700322856
http 0.00277623542476402 1.1394342831883648 0.0031633378211781368
HTTP 0.00277623542476402 1.1394342831883648 0.0031633378211781368
SPIs 2.77623542476402E-4 3.912023005428146 0.0010860696850161428
SPI 0.00416435313714603 1.7147984280919266 0.007141026213597695
portable 0.003053858967240422 2.302585092994046 0.007031770134073988
deployment 2.77623542476402E-4 2.659260036932778 7.382731918192055E-4
web 5.55247084952804E-4 0.8209805520698303 4.5584705833971706E-4
e 2.77623542476402E-4 0.7765287894989963 2.1558267337562365E-4
g 2.77623542476402E-4 1.5606477482646683 4.332725564310573E-4
wsaddressing 2.77623542476402E-4 2.8134107167600364 7.810690496279947E-4
Addressing 2.77623542476402E-4 2.659260036932778 7.382731918192055E-4
xpath 5.55247084952804E-4 2.302585092994046 0.0012785036607407252
neutral 2.77623542476402E-4 3.2188758248682006 8.936357092915604E-4
evaluation 5.55247084952804E-4 3.912023005428146 0.0021721393700322856
XPath 5.55247084952804E-4 2.302585092994046 0.0012785036607407252
ietf 2.77623542476402E-4 2.8134107167600364 7.810690496279947E-4
jgss 2.77623542476402E-4 2.8134107167600364 7.810690496279947E-4
presents 2.77623542476402E-4 3.2188758248682006 8.936357092915604E-4
application 2.77623542476402E-4 1.3093333199837622 3.635017545762805E-4
make 2.77623542476402E-4 1.5606477482646683 4.332725564310573E-4
like 5.55247084952804E-4 1.171182981502945 6.50295936425844E-4
integrity 2.77623542476402E-4 3.2188758248682006 8.936357092915604E-4
confidentiality 2.77623542476402E-4 3.912023005428146 0.0010860696850161428
variety 2.77623542476402E-4 2.995732273553991 8.316858060949448E-4
underlying 2.77623542476402E-4 2.207274913189721 6.127914806190231E-4
mechanisms 2.77623542476402E-4 2.8134107167600364 7.810690496279947E-4
unified 2.77623542476402E-4 2.995732273553991 8.316858060949448E-4
omg 0.01249305941143809 2.5257286443082556 0.03155407801051402
OMG 0.01249305941143809 2.5257286443082556 0.03155407801051402
so 2.77623542476402E-4 1.3093333199837622 3.635017545762805E-4
programmer 2.77623542476402E-4 2.995732273553991 8.316858060949448E-4
it 8.32870627429206E-4 0.47803580094299974 3.981419774650192E-4
fully 2.77623542476402E-4 2.5257286443082556 7.012017335669782E-4
functional 2.77623542476402E-4 3.912023005428146 0.0010860696850161428
Request 0.001110494169905608 1.2378743560016172 0.0013746522554154551
Broker 0.001110494169905608 2.659260036932778 0.002953092767276822
additions 2.77623542476402E-4 3.912023005428146 0.0010860696850161428
existing 2.77623542476402E-4 1.2729656758128876 3.53405240370041E-4
tm 5.55247084952804E-4 3.912023005428146 0.0021721393700322856
Edition 5.55247084952804E-4 2.659260036932778 0.001476546383638411
These 2.77623542476402E-4 1.5141277326297755 4.2035750489444076E-4
changes 2.77623542476402E-4 1.3862943611198906 3.8486795144916457E-4
occurred 2.77623542476402E-4 3.2188758248682006 8.936357092915604E-4
recent 2.77623542476402E-4 3.912023005428146 0.0010860696850161428
revisions 2.77623542476402E-4 3.912023005428146 0.0010860696850161428
were 2.77623542476402E-4 2.0402208285265546 5.66413333849682E-4
added 2.77623542476402E-4 1.6607312068216509 4.61058080738937E-4
derived 2.77623542476402E-4 2.5257286443082556 7.012017335669782E-4
corresponding 2.77623542476402E-4 1.9661128563728327 5.458392160946232E-4
backward 2.77623542476402E-4 3.912023005428146 0.0010860696850161428
compatibility 2.77623542476402E-4 1.6607312068216509 4.61058080738937E-4
avoids 2.77623542476402E-4 3.2188758248682006 8.936357092915604E-4
breaking 2.77623542476402E-4 3.912023005428146 0.0010860696850161428
JCK 2.77623542476402E-4 3.912023005428146 0.0010860696850161428
tests 2.77623542476402E-4 1.9661128563728327 5.458392160946232E-4
value 0.001110494169905608 0.5447271754416719 6.04916352517126E-4
updates 2.77623542476402E-4 2.5257286443082556 7.012017335669782E-4
DynAnyPackage 5.55247084952804E-4 3.2188758248682006 0.0017872714185831209
DynAny 5.55247084952804E-4 2.659260036932778 0.001476546383638411
InvalidValue 2.77623542476402E-4 2.995732273553991 8.316858060949448E-4
Invalid 2.77623542476402E-4 1.3862943611198906 3.8486795144916457E-4
InvalidSeq 2.77623542476402E-4 2.995732273553991 8.316858060949448E-4
TypeMismatch 2.77623542476402E-4 2.995732273553991 8.316858060949448E-4
ORBPackage 2.77623542476402E-4 3.2188758248682006 8.936357092915604E-4
exception 8.32870627429206E-4 1.4271163556401458 0.0011886032945364901
InvalidName 2.77623542476402E-4 2.995732273553991 8.316858060949448E-4
resolve 2.77623542476402E-4 2.0402208285265546 5.66413333849682E-4
initial 2.77623542476402E-4 2.407945608651872 6.685023899644287E-4
references 2.77623542476402E-4 2.5257286443082556 7.012017335669782E-4
InconsistentTypeCode 2.77623542476402E-4 2.995732273553991 8.316858060949448E-4
Dynamic 0.00138811771238201 2.8134107167600364 0.003905345248139973
Any 0.001110494169905608 0.5978370007556204 6.638945038929711E-4
layer 8.32870627429206E-4 3.506557897319982 0.002920509076057731
makes 2.77623542476402E-4 1.8971199848858813 5.266851707067966E-4
code 5.55247084952804E-4 0.5108256237659907 2.8363443851526414E-4
generated 5.55247084952804E-4 1.7719568419318754 9.838738711448504E-4
run 2.77623542476402E-4 1.1086626245216111 3.077908452308749E-4
another 2.77623542476402E-4 1.6607312068216509 4.61058080738937E-4
TypeCodePackage 2.77623542476402E-4 3.2188758248682006 8.936357092915604E-4
BadKind 2.77623542476402E-4 2.995732273553991 8.316858060949448E-4
Bounds 2.77623542476402E-4 2.407945608651872 6.685023899644287E-4
TypeCode 2.77623542476402E-4 2.407945608651872 6.685023899644287E-4
CosNaming 0.00138811771238201 2.8134107167600364 0.003905345248139973
IDL 5.55247084952804E-4 3.2188758248682006 0.0017872714185831209
NamingContextExtPackage 2.77623542476402E-4 2.8134107167600364 7.810690496279947E-4
following 2.77623542476402E-4 1.7147984280919266 4.7606841423984643E-4
NamingContextExt 2.77623542476402E-4 2.995732273553991 8.316858060949448E-4
NamingContextPackage 2.77623542476402E-4 2.8134107167600364 7.810690496279947E-4
Exception 8.32870627429206E-4 1.4271163556401458 0.0011886032945364901
module 0.001665741254858412 3.2188758248682006 0.005361814255749362
Portable 0.003053858967240422 2.302585092994046 0.007031770134073988
Interceptor 5.55247084952804E-4 2.659260036932778 0.001476546383638411
specification 0.001943364797334814 1.6607312068216509 0.0032274065651725584
cgi 0.003331482509716824 3.912023005428146 0.013032836220193713
bin 0.001665741254858412 3.912023005428146 0.0065164181100968565
doc 0.001665741254858412 1.8325814637483102 0.0030526065470543756
ptc 5.55247084952804E-4 3.912023005428146 0.0021721393700322856
section 0.00138811771238201 2.207274913189721 0.0030639574030951154
DynamicAny 0.00138811771238201 2.8134107167600364 0.003905345248139973
traversal 2.77623542476402E-4 1.8325814637483102 5.08767757842396E-4
at 2.77623542476402E-4 1.4271163556401458 3.962010981788301E-4
extraction 2.77623542476402E-4 3.912023005428146 0.0010860696850161428
primitive 2.77623542476402E-4 3.2188758248682006 8.936357092915604E-4
constituents 2.77623542476402E-4 3.912023005428146 0.0010860696850161428
DynAnyFactoryPackage 2.77623542476402E-4 3.2188758248682006 8.936357092915604E-4
DynAnyFactory 2.77623542476402E-4 2.659260036932778 7.382731918192055E-4
Architecture 0.001110494169905608 1.8325814637483102 0.002035071031369584
Specification 0.001943364797334814 1.6607312068216509 0.0032274065651725584
formal 0.001110494169905608 3.912023005428146 0.004344278740064571
IOP 0.001665741254858412 2.995732273553991 0.004990114836569668
document 8.32870627429206E-4 0.40047756659712536 3.335460021630694E-4
CodecFactoryPackage 2.77623542476402E-4 3.2188758248682006 8.936357092915604E-4
CodeFactory 2.77623542476402E-4 3.912023005428146 0.0010860696850161428
part 2.77623542476402E-4 1.7147984280919266 4.7606841423984643E-4
Interceptors 2.77623542476402E-4 3.2188758248682006 8.936357092915604E-4
CodecPackage 2.77623542476402E-4 3.2188758248682006 8.936357092915604E-4
Codec 2.77623542476402E-4 2.995732273553991 8.316858060949448E-4
Messaging 8.32870627429206E-4 3.2188758248682006 0.002680907127874681
PortableInterceptor 8.32870627429206E-4 2.8134107167600364 0.0023432071488839836
register 2.77623542476402E-4 2.302585092994046 6.392518303703626E-4
hooks 2.77623542476402E-4 3.912023005428146 0.0010860696850161428
intercept 2.77623542476402E-4 3.912023005428146 0.0010860696850161428
normal 2.77623542476402E-4 2.8134107167600364 7.810690496279947E-4
flow 2.77623542476402E-4 3.912023005428146 0.0010860696850161428
execution 2.77623542476402E-4 3.2188758248682006 8.936357092915604E-4
ORBInitInfoPackage 2.77623542476402E-4 3.2188758248682006 8.936357092915604E-4
typedefs 2.77623542476402E-4 3.912023005428146 0.0010860696850161428
ORBInitInfo 2.77623542476402E-4 2.995732273553991 8.316858060949448E-4
local 2.77623542476402E-4 1.8325814637483102 5.08767757842396E-4
PortableServer 0.001665741254858412 2.8134107167600364 0.004686414297767967
making 5.55247084952804E-4 2.8134107167600364 0.0015621380992559893
your 5.55247084952804E-4 1.5141277326297755 8.407150097888815E-4
across 5.55247084952804E-4 2.407945608651872 0.0013370047799288573
multivendor 5.55247084952804E-4 3.912023005428146 0.0021721393700322856
ORBs 5.55247084952804E-4 3.2188758248682006 0.0017872714185831209
CurrentPackage 2.77623542476402E-4 3.2188758248682006 8.936357092915604E-4
identity 2.77623542476402E-4 1.8971199848858813 5.266851707067966E-4
was 2.77623542476402E-4 1.3862943611198906 3.8486795144916457E-4
POAManagerPackage 2.77623542476402E-4 2.8134107167600364 7.810690496279947E-4
Encapsulates 2.77623542476402E-4 2.659260036932778 7.382731918192055E-4
state 2.77623542476402E-4 1.6607312068216509 4.61058080738937E-4
POAs 2.77623542476402E-4 3.2188758248682006 8.936357092915604E-4
POAPackage 2.77623542476402E-4 2.8134107167600364 7.810690496279947E-4
programmers 2.77623542476402E-4 3.912023005428146 0.0010860696850161428
construct 2.77623542476402E-4 2.995732273553991 8.316858060949448E-4
products 2.77623542476402E-4 2.995732273553991 8.316858060949448E-4
ServantLocatorPackage 2.77623542476402E-4 3.2188758248682006 8.936357092915604E-4
locating 2.77623542476402E-4 3.912023005428146 0.0010860696850161428
servant 2.77623542476402E-4 2.659260036932778 7.382731918192055E-4
SendingContext 2.77623542476402E-4 3.2188758248682006 8.936357092915604E-4
stub 2.77623542476402E-4 2.407945608651872 6.685023899644287E-4
Stubs 2.77623542476402E-4 2.8134107167600364 7.810690496279947E-4
occur 2.77623542476402E-4 2.120263536200091 5.886350739034124E-4
w 0.001110494169905608 1.2378743560016172 0.0013746522554154551
c 0.001110494169905608 1.6607312068216509 0.001844232322955748
Document 8.32870627429206E-4 0.40047756659712536 3.335460021630694E-4
Model 0.00277623542476402 1.6094379124341003 0.004468178546457802
Processing 0.003331482509716824 2.120263536200091 0.0070636208868409475
bootstrap 2.77623542476402E-4 2.8134107167600364 7.810690496279947E-4
ls 2.77623542476402E-4 2.8134107167600364 7.810690496279947E-4
ext 2.77623542476402E-4 2.8134107167600364 7.810690496279947E-4
conformant 2.77623542476402E-4 3.912023005428146 0.0010860696850161428
drivers 2.77623542476402E-4 3.912023005428146 0.0010860696850161428
won 2.77623542476402E-4 3.912023005428146 0.0010860696850161428
t 2.77623542476402E-4 1.2729656758128876 3.53405240370041E-4
necessarily 2.77623542476402E-4 3.912023005428146 0.0010860696850161428
bootstrapping 2.77623542476402E-4 3.912023005428146 0.0010860696850161428
Platform 0.001110494169905608 1.07880966137193 0.0011980118393913716
Ed 2.77623542476402E-4 1.2729656758128876 3.53405240370041E-4
Prev 2.77623542476402E-4 1.2729656758128876 3.53405240370041E-4
Next 2.77623542476402E-4 1.171182981502945 3.25147968212922E-4
Frames 5.55247084952804E-4 1.3470736479666094 7.479587162501996E-4
Submit 2.77623542476402E-4 1.07880966137193 2.995029598478429E-4
bug 2.77623542476402E-4 1.1086626245216111 3.077908452308749E-4
feature 2.77623542476402E-4 1.1394342831883648 3.163337821178137E-4
For 0.03192670738478623 0.083381608939051 0.002662100229869757
further 2.77623542476402E-4 0.9416085398584451 2.6141269846153393E-4
developer 5.55247084952804E-4 1.07880966137193 5.990059196956858E-4
documentation 0.001110494169905608 0.9416085398584451 0.0010456507938461357
see 5.55247084952804E-4 0.3566749439387324 1.9804272289768597E-4
SE 2.77623542476402E-4 1.1086626245216111 3.077908452308749E-4
Documentation 0.001110494169905608 0.9416085398584451 0.0010456507938461357
That 0.00832870627429206 0.22314355131420976 0.001858497095898471
detailed 2.77623542476402E-4 1.0498221244986776 2.9145533717342523E-4
targeted 2.77623542476402E-4 1.171182981502945 3.25147968212922E-4
descriptions 2.77623542476402E-4 1.0498221244986776 2.9145533717342523E-4
conceptual 2.77623542476402E-4 1.171182981502945 3.25147968212922E-4
overviews 2.77623542476402E-4 1.171182981502945 3.25147968212922E-4
definitions 2.77623542476402E-4 0.7765287894989963 2.1558267337562365E-4
terms 5.55247084952804E-4 1.0216512475319812 5.672688770305282E-4
workarounds 2.77623542476402E-4 1.171182981502945 3.25147968212922E-4
working 2.77623542476402E-4 0.9942522733438669 2.760278382409403E-4
examples 2.77623542476402E-4 0.7985076962177716 2.2168453531864845E-4
Oracle 2.77623542476402E-4 0.8915981192837835 2.475286283408616E-4
affiliates 2.77623542476402E-4 1.171182981502945 3.25147968212922E-4
subject 5.55247084952804E-4 1.1394342831883648 6.326675642356274E-4
license 2.77623542476402E-4 1.1086626245216111 3.077908452308749E-4
Also 2.77623542476402E-4 0.5108256237659907 1.4181721925763207E-4
redistribution 2.77623542476402E-4 1.171182981502945 3.25147968212922E-4
policy 2.77623542476402E-4 1.0216512475319812 2.836344385152641E-4
page 5.55247084952804E-4 0.843970070294529 4.686119213184503E-4
tracks 2.77623542476402E-4 1.07880966137193 2.995029598478429E-4
traffic 2.77623542476402E-4 1.1086626245216111 3.077908452308749E-4
but 2.77623542476402E-4 0.8209805520698303 2.2792352916985853E-4
does 2.77623542476402E-4 0.7339691750802005 2.0376712245424782E-4
not 2.77623542476402E-4 0.3424903089467759 9.508337283364129E-5
change 2.77623542476402E-4 0.9162907318741551 2.54383878921198E-4
content 2.77623542476402E-4 0.44628710262841953 1.2389980639323142E-4
way 2.77623542476402E-4 1.1086626245216111 3.077908452308749E-4
bution 0.001076426264800861 1.171182981502945 0.0012606921221775512
policy 0.001076426264800861 1.0216512475319812 0.0010997322363099904
page 0.001076426264800861 0.843970070294529 9.0847155037086E-4
tracks 0.001076426264800861 1.07880966137193 0.0011612590542216684
traffic 0.001076426264800861 1.1086626245216111 0.0011933935678381173
but 0.001076426264800861 0.8209805520698303 8.837250291386763E-4
does 0.001076426264800861 0.7339691750802005 7.900636976105495E-4
not 0.001076426264800861 0.3424903089467759 3.686655639900709E-4
change 0.001076426264800861 0.9162907318741551 9.863194099829441E-4
content 0.001076426264800861 0.44628710262841953 4.803951589111082E-4
way 0.001076426264800861 1.1086626245216111 0.0011933935678381173
