HttpStatusException 9.846673231115486E-4 1.6607312068216509 0.0016352677518288866
jsoup 7.033338022225348E-4 0.0 0.0
Java 0.04951469967646645 0.010050335853501506 4.976393614337501E-4
HTML 8.440005626670418E-4 0.0 0.0
Parser 2.813335208890139E-4 0.0 0.0
API 0.0015473343648895765 0.0 0.0
Skip 2.813335208890139E-4 0.06187540371808745 1.7407625184438725E-5
navigation 2.813335208890139E-4 0.06187540371808745 1.7407625184438725E-5
links 2.813335208890139E-4 0.0408219945202552 1.1484595448095428E-5
Overview 4.220002813335209E-4 0.06187540371808745 2.611143777665809E-5
Package 8.440005626670418E-4 0.06187540371808745 5.222287555331618E-5
Class 0.003376002250668167 0.06187540371808745 2.088915022132647E-4
Use 0.00928400618933746 0.010050335853501506 9.330738026882816E-5
Tree 5.626670417780279E-4 0.0408219945202552 2.2969190896190856E-5
Deprecated 0.004501336334224223 0.06187540371808745 2.785220029510196E-4
Index 4.220002813335209E-4 0.06187540371808745 2.611143777665809E-5
Help 4.220002813335209E-4 0.05129329438755048 2.164578466206941E-5
org 0.003516669011112674 0.05129329438755048 1.8038153885057844E-4
java 0.04951469967646645 0.010050335853501506 4.976393614337501E-4
lang 0.006330004220002813 0.653926467406664 0.004139357298255715
Object 0.002532001688001125 0.43078291609245434 0.0010907430707081415
Throwable 4.220002813335209E-4 1.9661128563728327 8.297001785227878E-4
Exception 5.626670417780279E-4 1.4271163556401458 8.029913381010807E-4
io 0.0011253340835560557 1.5606477482646683 0.0017562501035472424
IOException 4.220002813335209E-4 1.4696759700589417 6.202036728339887E-4
All 9.846673231115486E-4 0.05129329438755048 5.0506830878161955E-5
Implemented 4.220002813335209E-4 1.0498221244986776 4.4302523188859654E-4
Interfaces 1.4066676044450696E-4 1.0216512475319812 1.4371237129441288E-4
Serializable 1.4066676044450696E-4 1.4271163556401458 2.0074783452527018E-4
public 9.846673231115486E-4 0.6931471805599453 6.825193788042786E-4
class 0.003376002250668167 0.06187540371808745 2.088915022132647E-4
extends 1.4066676044450696E-4 0.653926467406664 9.19857177390159E-5
Signals 1.4066676044450696E-4 2.8134107167600364 3.9575337132649266E-4
that 0.003657335771557181 0.22314355131420976 8.161108924137647E-4
a 0.00647067098044732 0.16251892949777494 0.0010516065208746163
HTTP 4.220002813335209E-4 1.1394342831883648 4.8084158806654866E-4
request 1.4066676044450696E-4 1.2378743560016172 1.7412777549607783E-4
resulted 1.4066676044450696E-4 2.5257286443082556 3.5528606615673874E-4
in 0.004782669855113237 0.1508228897345837 7.21336088194661E-4
not 0.004360669573779716 0.3424903089467759 0.0014934870695386205
OK 1.4066676044450696E-4 2.0402208285265546 2.869912545402384E-4
response 1.4066676044450696E-4 1.2729656758128876 1.7906395777365135E-4
See 0.0023913349275566185 0.3566749439387324 8.529292512249896E-4
Also 2.813335208890139E-4 0.5108256237659907 1.437123712944129E-4
Serialized 1.4066676044450696E-4 2.302585092994046 3.2389718567928626E-4
Form 2.813335208890139E-4 0.9675840262617057 2.7221382086417377E-4
Constructor 0.0016880011253340836 0.6733445532637655 0.001136606363646812
Summary 2.813335208890139E-4 0.6931471805599453 1.9500553680122247E-4
Constructors 5.626670417780279E-4 0.8915981192837835 5.016728762322597E-4
Description 0.0011253340835560557 0.24846135929849972 2.7960203606526904E-4
String 0.015754677169784778 0.4155154439616658 0.006546311678675842
message 2.813335208890139E-4 2.407945608651872 6.774358161912707E-4
int 0.03249402166268111 1.07880966137193 0.035054864506529164
statusCode 2.813335208890139E-4 2.8134107167600364 7.915067426529853E-4
url 9.846673231115486E-4 1.1086626245216111 0.0010916638587215187
Method 0.011394007596005064 0.32850406697203605 0.003742977834397935
Modifier 1.4066676044450696E-4 0.653926467406664 9.19857177390159E-5
and 0.006189337459558306 0.09431067947124142 5.83720621287751E-4
Type 0.0021100014066676043 0.44628710262841953 9.416664143235748E-4
getStatusCode 4.220002813335209E-4 3.2188758248682006 0.0013583665036720498
getUrl 4.220002813335209E-4 3.2188758248682006 0.0013583665036720498
Methods 0.0011253340835560557 0.24846135929849972 2.7960203606526904E-4
inherited 2.813335208890139E-4 0.9942522733438669 2.797164927117364E-4
from 9.846673231115486E-4 0.38566248081198473 3.79749242605696E-4
addSuppressed 1.4066676044450696E-4 3.506557897319982 4.932561397271039E-4
fillInStackTrace 1.4066676044450696E-4 3.912023005428146 5.502916029579612E-4
getCause 1.4066676044450696E-4 3.912023005428146 5.502916029579612E-4
getLocalizedMessage 1.4066676044450696E-4 3.912023005428146 5.502916029579612E-4
getMessage 1.4066676044450696E-4 3.912023005428146 5.502916029579612E-4
getStackTrace 1.4066676044450696E-4 3.912023005428146 5.502916029579612E-4
getSuppressed 1.4066676044450696E-4 3.912023005428146 5.502916029579612E-4
initCause 1.4066676044450696E-4 3.912023005428146 5.502916029579612E-4
printStackTrace 4.220002813335209E-4 3.912023005428146 0.0016508748088738835
setStackTrace 1.4066676044450696E-4 3.912023005428146 5.502916029579612E-4
toString 8.440005626670418E-4 0.9675840262617057 8.166414625925214E-4
clone 1.4066676044450696E-4 0.8209805520698303 1.154846746476059E-4
equals 2.813335208890139E-4 0.9942522733438669 2.797164927117364E-4
finalize 1.4066676044450696E-4 1.07880966137193 1.5175266020142495E-4
getClass 1.4066676044450696E-4 1.07880966137193 1.5175266020142495E-4
hashCode 2.813335208890139E-4 0.9942522733438669 2.797164927117364E-4
notify 1.4066676044450696E-4 1.0498221244986776 1.4767507729619885E-4
notifyAll 1.4066676044450696E-4 1.07880966137193 1.5175266020142495E-4
wait 9.846673231115486E-4 0.9942522733438669 9.790077244910772E-4
Details 9.846673231115486E-4 0.7550225842780328 7.434460669498142E-4
Copyright 2.813335208890139E-4 0.06187540371808745 1.7407625184438725E-5
Jonathan 1.4066676044450696E-4 0.0 0.0
Hedley 1.4066676044450696E-4 0.0 0.0
rights 2.813335208890139E-4 0.06187540371808745 1.7407625184438725E-5
reserved 2.813335208890139E-4 0.06187540371808745 1.7407625184438725E-5
This 0.0101280067520045 0.3424903089467759 0.0034687441615090537
works 1.4066676044450696E-4 3.2188758248682006 4.527888345573499E-4
with 0.0023913349275566185 0.23572233352106994 5.636910493540849E-4
the 0.02278801519201013 0.10536051565782635 0.0024009570314485677
deprecated 0.004501336334224223 0.06187540371808745 2.785220029510196E-4
interface 2.813335208890139E-4 0.653926467406664 1.839714354780318E-4
javax 0.020115346743564497 1.3093333199837622 0.026337693734375865
security 0.003376002250668167 1.7719568419318754 0.005982130286448869
auth 1.4066676044450696E-4 2.0402208285265546 2.869912545402384E-4
Policy 7.033338022225348E-4 1.0216512475319812 7.185618564720644E-4
as 0.03390068926712618 0.32850406697203605 0.011136514297406202
of 0.040512027008018 0.1165338162559516 0.004721021111508519
JDK 0.019693346462230976 3.2188758248682006 0.06339043683802899
version 0.018708679139119427 1.9661128563728327 0.03678337458117693
Replaced 0.02785201856801238 3.2188758248682006 0.08965218924235528
by 0.03010268673512449 0.27443684570176036 0.008261286394735787
has 0.0014066676044450696 0.7550225842780328 0.0010620658099283061
method 0.011394007596005064 0.32850406697203605 0.003742977834397935
PermissionCollection 2.813335208890139E-4 2.659260036932778 7.481389891497476E-4
getPermissions 1.4066676044450696E-4 3.912023005428146 5.502916029579612E-4
ProtectionDomain 4.220002813335209E-4 2.659260036932778 0.0011222084837246215
pd 1.4066676044450696E-4 3.912023005428146 5.502916029579612E-4
constructor 0.0016880011253340836 0.6733445532637655 0.001136606363646812
CodeSource 1.4066676044450696E-4 2.995732273553991 4.213999540798974E-4
cs 1.4066676044450696E-4 3.912023005428146 5.502916029579612E-4
permissions 1.4066676044450696E-4 2.659260036932778 3.740694945748738E-4
ClassLoader 0.0014066676044450696 2.995732273553991 0.004213999540798975
loader 7.033338022225348E-4 3.2188758248682006 0.0022639441727867497
Principal 0.0016880011253340836 2.407945608651872 0.004064614897147625
principals 1.4066676044450696E-4 3.912023005428146 5.502916029579612E-4
These 4.220002813335209E-4 1.5141277326297755 6.389623291446514E-4
two 2.813335208890139E-4 1.4271163556401458 4.0149566905054037E-4
APIs 1.4066676044450696E-4 2.120263536200091 2.9825060292588143E-4
provide 1.4066676044450696E-4 1.3862943611198906 1.9500553680122247E-4
callers 1.4066676044450696E-4 3.912023005428146 5.502916029579612E-4
means 1.4066676044450696E-4 1.8325814637483102 2.5778329775612746E-4
to 0.007877338584892389 0.17435338714477774 0.0013734406639622383
query 2.813335208890139E-4 1.6607312068216509 4.672193576653962E-4
for 0.004079336052890702 0.083381608939051 3.4014160349310436E-4
based 2.813335208890139E-4 1.2729656758128876 3.581279155473027E-4
Permission 2.813335208890139E-4 2.659260036932778 7.481389891497476E-4
entries 1.4066676044450696E-4 2.407945608651872 3.3871790809563535E-4
omg 0.003376002250668167 2.5257286443082556 0.00852686558776173
CORBA 0.004360669573779716 2.5257286443082556 0.0110138680508589
PrincipalHolder 1.4066676044450696E-4 2.995732273553991 4.213999540798974E-4
Signer 1.4066676044450696E-4 2.995732273553991 4.213999540798974E-4
is 0.008721339147559432 0.22314355131420976 0.0019461105896020545
no 0.008018005345336896 0.5798184952529422 0.004648987794263286
longer 0.0014066676044450696 3.2188758248682006 0.004527888345573499
used 0.0028133352088901393 0.6348782724359695 0.001786125397203459
Its 8.440005626670418E-4 0.8675005677047231 7.321709672567645E-4
functionality 1.4066676044450696E-4 1.0498221244986776 1.4767507729619885E-4
been 0.0012660008440005626 1.4271163556401458 0.0018067305107274316
replaced 0.02785201856801238 3.2188758248682006 0.08965218924235528
KeyStore 1.4066676044450696E-4 2.659260036932778 3.740694945748738E-4
cert 1.4066676044450696E-4 2.5257286443082556 3.5528606615673874E-4
package 8.440005626670418E-4 0.06187540371808745 5.222287555331618E-5
xml 0.003094668729779153 1.2039728043259361 0.0037258969890519894
soap 0.0016880011253340836 2.5257286443082556 0.004263432793880865
SOAPElementFactory 5.626670417780279E-4 2.995732273553991 0.0016855998163195897
SOAPFactory 5.626670417780279E-4 2.995732273553991 0.0016855998163195897
creating 1.4066676044450696E-4 1.8971199848858813 2.6686172244842895E-4
SOAPElements 1.4066676044450696E-4 3.912023005428146 5.502916029579612E-4
StringBufferInputStream 1.4066676044450696E-4 2.659260036932778 3.740694945748738E-4
does 0.0015473343648895765 0.7339691750802005 0.0011356957273712485
properly 9.846673231115486E-4 3.912023005428146 0.0038520412207057276
convert 0.0012660008440005626 2.5257286443082556 0.003197574595410648
characters 0.0011253340835560557 1.9661128563728327 0.002212533809394101
into 0.0015473343648895765 0.8915981192837835 0.001379600409638714
bytes 9.846673231115486E-4 2.302585092994046 0.0022672802997550034
As 0.03390068926712618 0.32850406697203605 0.011136514297406202
preferred 0.0015473343648895765 2.407945608651872 0.0037258969890519886
way 0.0018286678857785904 1.1086626245216111 0.0020273757376256776
create 0.0022506681671121114 0.8915981192837835 0.002006691504929039
stream 0.0015473343648895765 1.3862943611198906 0.002145060904813447
string 0.015754677169784778 0.4155154439616658 0.006546311678675842
via 0.0016880011253340836 1.8971199848858813 0.0032023406693811474
StringReader 1.4066676044450696E-4 2.995732273553991 4.213999540798974E-4
swing 0.011956674637783092 1.9661128563728327 0.023508171724812323
text 0.0016880011253340836 1.1086626245216111 0.0018714237578083181
TableView 2.813335208890139E-4 2.995732273553991 8.427999081597948E-4
TableCell 1.4066676044450696E-4 3.2188758248682006 4.527888345573499E-4
A 0.00647067098044732 0.16251892949777494 0.0010516065208746163
table 8.440005626670418E-4 1.5606477482646683 0.001317187577660432
cell 1.4066676044450696E-4 2.659260036932778 3.740694945748738E-4
can 8.440005626670418E-4 0.7339691750802005 6.194703967479537E-4
now 5.626670417780279E-4 2.407945608651872 0.0013548716323825414
be 0.003798002532001688 0.47803580094299974 0.001815581182368968
any 0.0018286678857785904 0.5978370007556204 0.001093245324211994
View 5.626670417780279E-4 1.4271163556401458 8.029913381010807E-4
implementation 4.220002813335209E-4 1.3470736479666094 5.684654584188815E-4
Exceptions 5.626670417780279E-4 2.0402208285265546 0.0011479650181609536
rmi 0.006189337459558306 2.302585092994046 0.014251476169888594
RMISecurityException 4.220002813335209E-4 2.995732273553991 0.0012641998622396923
SecurityException 2.813335208890139E-4 2.995732273553991 8.427999081597948E-4
instead 0.006752004501336334 1.6607312068216509 0.011213264583969509
Application 1.4066676044450696E-4 1.3093333199837622 1.8417967646416685E-4
code 8.440005626670418E-4 0.5108256237659907 4.311371138832388E-4
should 0.0019693346462230973 1.0498221244986776 0.002067451082146784
never 5.626670417780279E-4 3.2188758248682006 0.0018111553382293996
directly 7.033338022225348E-4 1.8971199848858813 0.0013343086122421448
reference 0.0011253340835560557 0.843970070294529 9.497482856036337E-4
this 0.0101280067520045 0.3424903089467759 0.0034687441615090537
RMISecurityManager 1.4066676044450696E-4 2.995732273553991 4.213999540798974E-4
throws 1.4066676044450696E-4 1.6094379124341003 2.2639441727867495E-4
subclass 1.4066676044450696E-4 2.302585092994046 3.2389718567928626E-4
ServerRuntimeException 2.813335208890139E-4 2.995732273553991 8.427999081597948E-4
replacement 0.005908003938669293 2.302585092994046 0.013603681798530023
server 0.00506400337600225 2.120263536200091 0.01073702170533173
SkeletonMismatchException 2.813335208890139E-4 2.995732273553991 8.427999081597948E-4
Skeletons 2.813335208890139E-4 3.912023005428146 0.0011005832059159224
are 0.0016880011253340836 0.5447271754416719 9.19500085145599E-4
required 2.813335208890139E-4 1.3093333199837622 3.683593529283337E-4
remote 0.0021100014066676043 2.407945608651872 0.00508076862143453
calls 7.033338022225348E-4 2.407945608651872 0.0016935895404781769
platform 0.007596005064003376 1.07880966137193 0.008194643650876948
v 0.006330004220002813 1.3470736479666094 0.00852698187628322
greater 2.813335208890139E-4 2.8134107167600364 7.915067426529853E-4
SkeletonNotFoundException 1.4066676044450696E-4 2.995732273553991 4.213999540798974E-4
Annotation 5.626670417780279E-4 1.8971199848858813 0.0010674468897937158
Types 1.4066676044450696E-4 1.6094379124341003 2.2639441727867495E-4
jws 5.626670417780279E-4 2.8134107167600364 0.0015830134853059706
InitParam 1.4066676044450696E-4 2.995732273553991 4.213999540798974E-4
JSR 5.626670417780279E-4 3.2188758248682006 0.0018111553382293996
SOAPMessageHandler 1.4066676044450696E-4 2.995732273553991 4.213999540798974E-4
SOAPMessageHandlers 1.4066676044450696E-4 2.995732273553991 4.213999540798974E-4
Fields 1.4066676044450696E-4 1.1086626245216111 1.5595197981735985E-4
Field 8.440005626670418E-4 1.1394342831883648 9.616831761330973E-4
management 0.004501336334224223 1.6094379124341003 0.0072446213529175985
openmbean 1.4066676044450696E-4 2.5257286443082556 3.5528606615673874E-4
OpenType 1.4066676044450696E-4 2.659260036932778 3.740694945748738E-4
ALLOWED 2.813335208890139E-4 1.3862943611198906 3.9001107360244494E-4
CLASSNAMES 2.813335208890139E-4 2.8134107167600364 7.915067426529853E-4
LIST 0.0022506681671121114 0.653926467406664 0.0014717714838242545
monitor 0.004360669573779716 2.0402208285265546 0.008896728890747389
Monitor 0.004360669573779716 2.0402208285265546 0.008896728890747389
alreadyNotified 1.4066676044450696E-4 3.2188758248682006 4.527888345573499E-4
equivalent 5.626670417780279E-4 2.659260036932778 0.0014962779782994953
alreadyNotifieds 1.4066676044450696E-4 3.2188758248682006 4.527888345573499E-4
JViewport 4.220002813335209E-4 2.207274913189721 9.314706343464852E-4
backingStore 1.4066676044450696E-4 3.912023005428146 5.502916029579612E-4
plaf 0.004923336615557744 2.0402208285265546 0.010044693908908343
basic 0.00464200309466873 1.4696759700589417 0.006822240401173875
BasicDesktopPaneUI 7.033338022225348E-4 2.659260036932778 0.001870347472874369
closeKey 1.4066676044450696E-4 3.912023005428146 5.502916029579612E-4
sql 0.003657335771557181 1.6607312068216509 0.00607385164965015
rowset 2.813335208890139E-4 1.6607312068216509 4.672193576653962E-4
CachedRowSet 1.4066676044450696E-4 2.120263536200091 2.9825060292588143E-4
COMMIT 1.4066676044450696E-4 3.2188758248682006 4.527888345573499E-4
ON 0.0022506681671121114 0.5447271754416719 0.0012260001135274653
ACCEPT 1.4066676044450696E-4 3.2188758248682006 4.527888345573499E-4
CHANGES 4.220002813335209E-4 1.3862943611198906 5.850166104036674E-4
Because 5.626670417780279E-4 2.5257286443082556 0.001421144264626955
field 8.440005626670418E-4 1.1394342831883648 9.616831761330973E-4
final 1.4066676044450696E-4 1.3093333199837622 1.8417967646416685E-4
it 0.004079336052890702 0.47803580094299974 0.0019500686773592617
part 1.4066676044450696E-4 1.7147984280919266 2.4121513969502413E-4
an 0.0021100014066676043 0.4620354595965586 9.748954696790518E-4
its 8.440005626670418E-4 0.8675005677047231 7.321709672567645E-4
value 0.0012660008440005626 0.5447271754416719 6.896250638591992E-4
changed 1.4066676044450696E-4 2.0402208285265546 2.869912545402384E-4
awt 0.01899001266000844 1.9661128563728327 0.03733650803352545
Frame 0.0022506681671121114 2.207274913189721 0.0049678433831812545
CROSSHAIR 2.813335208890139E-4 3.912023005428146 0.0011005832059159224
CURSOR 0.006330004220002813 2.407945608651872 0.01524230586430359
Cursor 0.006330004220002813 2.407945608651872 0.01524230586430359
dbgTag 1.4066676044450696E-4 3.912023005428146 5.502916029579612E-4
No 0.008018005345336896 0.5798184952529422 0.004648987794263286
DEFAULT 0.0011253340835560557 1.0216512475319812 0.001149698970355303
JRootPane 5.626670417780279E-4 2.207274913189721 0.0012419608457953136
defaultPressAction 1.4066676044450696E-4 3.912023005428146 5.502916029579612E-4
defaultReleaseAction 1.4066676044450696E-4 3.912023005428146 5.502916029579612E-4
BasicSplitPaneUI 0.002532001688001125 2.659260036932778 0.006733250902347728
dividerResizeToggleKey 1.4066676044450696E-4 3.912023005428146 5.502916029579612E-4
BasicToolBarUI 5.626670417780279E-4 2.995732273553991 0.0016855998163195897
downKey 4.220002813335209E-4 3.912023005428146 0.0016508748088738835
BasicTabbedPaneUI 5.626670417780279E-4 2.659260036932778 0.0014962779782994953
E 5.626670417780279E-4 0.7765287894989963 4.3692715684287315E-4
RESIZE 0.002672668448445632 3.2188758248682006 0.008602987856589648
endKey 1.4066676044450696E-4 3.912023005428146 5.502916029579612E-4
util 0.003516669011112674 1.2729656758128876 0.004476598944341284
logging 1.4066676044450696E-4 1.8971199848858813 2.6686172244842895E-4
Logger 0.0012660008440005626 2.5257286443082556 0.003197574595410648
global 5.626670417780279E-4 2.0402208285265546 0.0011479650181609536
Initialization 5.626670417780279E-4 2.995732273553991 0.0016855998163195897
prone 8.440005626670418E-4 3.912023005428146 0.003301749617747767
deadlocks 5.626670417780279E-4 3.912023005428146 0.0022011664118318447
The 0.02278801519201013 0.10536051565782635 0.0024009570314485677
must 1.4066676044450696E-4 1.1086626245216111 1.5595197981735985E-4
initialized 1.4066676044450696E-4 2.8134107167600364 3.9575337132649266E-4
initialization 5.626670417780279E-4 2.995732273553991 0.0016855998163195897
which 0.0018286678857785904 0.7550225842780328 0.0013806855529067978
may 9.846673231115486E-4 1.07880966137193 0.0010622686214099746
cause 1.4066676044450696E-4 2.407945608651872 3.3871790809563535E-4
LogManager 1.4066676044450696E-4 2.659260036932778 3.740694945748738E-4
In 0.004782669855113237 0.1508228897345837 7.21336088194661E-4
such 4.220002813335209E-4 1.5141277326297755 6.389623291446514E-4
cases 1.4066676044450696E-4 1.6607312068216509 2.336096788326981E-4
each 1.4066676044450696E-4 1.5606477482646683 2.195312629434053E-4
other 5.626670417780279E-4 0.8915981192837835 5.016728762322597E-4
complete 1.4066676044450696E-4 1.7147984280919266 2.4121513969502413E-4
get 0.0015473343648895765 0.6733445532637655 0.0010418891666762443
logger 0.0012660008440005626 2.5257286443082556 0.003197574595410648
object 0.002532001688001125 0.43078291609245434 0.0010907430707081415
call 0.0019693346462230973 2.120263536200091 0.004175508440962339
getGlobal 2.813335208890139E-4 3.912023005428146 0.0011005832059159224
For 0.004079336052890702 0.083381608939051 3.4014160349310436E-4
compatibility 1.4066676044450696E-4 1.6607312068216509 2.336096788326981E-4
old 1.4066676044450696E-4 3.2188758248682006 4.527888345573499E-4
versions 1.4066676044450696E-4 2.8134107167600364 3.9575337132649266E-4
where 1.4066676044450696E-4 1.4271163556401458 2.0074783452527018E-4
available 1.4066676044450696E-4 1.6607312068216509 2.336096788326981E-4
use 0.00928400618933746 0.010050335853501506 9.330738026882816E-5
getLogger 2.813335208890139E-4 3.912023005428146 0.0011005832059159224
GLOBAL 5.626670417780279E-4 2.0402208285265546 0.0011479650181609536
LOGGER 0.0012660008440005626 2.5257286443082556 0.003197574595410648
NAME 0.0014066676044450696 0.6931471805599453 9.750276840061123E-4
or 0.0021100014066676043 0.2613647641344075 5.514800199769464E-4
HAND 2.813335208890139E-4 3.506557897319982 9.865122794542078E-4
homeKey 1.4066676044450696E-4 3.912023005428146 5.502916029579612E-4
net 0.0018286678857785904 1.8325814637483102 0.003351182870829657
HttpURLConnection 1.4066676044450696E-4 2.995732273553991 4.213999540798974E-4
SERVER 0.00506400337600225 2.120263536200091 0.01073702170533173
ERROR 2.813335208890139E-4 1.4696759700589417 4.1346911522265907E-4
misplaced 1.4066676044450696E-4 3.912023005428146 5.502916029579612E-4
shouldn 1.4066676044450696E-4 3.912023005428146 5.502916029579612E-4
t 1.4066676044450696E-4 1.2729656758128876 1.7906395777365135E-4
have 8.440005626670418E-4 0.9416085398584451 7.947181374526193E-4
existed 1.4066676044450696E-4 3.912023005428146 5.502916029579612E-4
SecurityManager 0.0012660008440005626 2.995732273553991 0.0037925995867190768
inCheck 1.4066676044450696E-4 3.912023005428146 5.502916029579612E-4
type 0.0021100014066676043 0.44628710262841953 9.416664143235748E-4
checking 0.0011253340835560557 2.995732273553991 0.0033711996326391794
recommended 0.0023913349275566185 2.5257286443082556 0.0060398631246645585
It 0.004079336052890702 0.47803580094299974 0.0019500686773592617
checkPermission 0.0012660008440005626 3.912023005428146 0.00495262442662165
keyboardDownRightListener 1.4066676044450696E-4 3.912023005428146 5.502916029579612E-4
keyboardEndListener 1.4066676044450696E-4 3.912023005428146 5.502916029579612E-4
keyboardHomeListener 1.4066676044450696E-4 3.912023005428146 5.502916029579612E-4
keyboardResizeToggleListener 1.4066676044450696E-4 3.912023005428146 5.502916029579612E-4
keyboardUpLeftListener 1.4066676044450696E-4 3.912023005428146 5.502916029579612E-4
leftKey 4.220002813335209E-4 3.912023005428146 0.0016508748088738835
maximizeKey 1.4066676044450696E-4 3.912023005428146 5.502916029579612E-4
minimizeKey 1.4066676044450696E-4 3.912023005428146 5.502916029579612E-4
MOVE 5.626670417780279E-4 2.207274913189721 0.0012419608457953136
N 2.813335208890139E-4 2.302585092994046 6.477943713585725E-4
navigateKey 2.813335208890139E-4 3.912023005428146 0.0011005832059159224
NE 2.813335208890139E-4 3.912023005428146 0.0011005832059159224
NW 2.813335208890139E-4 3.912023005428146 0.0011005832059159224
BasicInternalFrameUI 1.4066676044450696E-4 2.659260036932778 3.740694945748738E-4
openMenuKey 1.4066676044450696E-4 3.912023005428146 5.502916029579612E-4
datatransfer 5.626670417780279E-4 2.5257286443082556 0.001421144264626955
DataFlavor 8.440005626670418E-4 2.659260036932778 0.002244416967449243
plainTextFlavor 2.813335208890139E-4 3.912023005428146 0.0011005832059159224
getReaderForText 1.4066676044450696E-4 3.912023005428146 5.502916029579612E-4
Transferable 2.813335208890139E-4 2.5257286443082556 7.105721323134775E-4
getTransferData 1.4066676044450696E-4 3.912023005428146 5.502916029579612E-4
predefined 1.4066676044450696E-4 3.912023005428146 5.502916029579612E-4
getPredefinedCursor 1.4066676044450696E-4 3.912023005428146 5.502916029579612E-4
html 8.440005626670418E-4 0.0 0.0
FormView 5.626670417780279E-4 2.659260036932778 0.0014962779782994953
RESET 1.4066676044450696E-4 3.2188758248682006 4.527888345573499E-4
comes 2.813335208890139E-4 3.2188758248682006 9.055776691146998E-4
UIManager 4.220002813335209E-4 2.120263536200091 8.947518087776443E-4
property 5.626670417780279E-4 1.8325814637483102 0.0010311331910245098
resetButtonText 1.4066676044450696E-4 3.912023005428146 5.502916029579612E-4
TableColumn 4.220002813335209E-4 2.659260036932778 0.0011222084837246215
resizedPostingDisableCount 1.4066676044450696E-4 3.912023005428146 5.502916029579612E-4
rightKey 4.220002813335209E-4 3.912023005428146 0.0016508748088738835
S 0.0019693346462230973 0.5447271754416719 0.001072750099336532
SE 0.0011253340835560557 1.1086626245216111 0.0012476158385388788
imageio 2.813335208890139E-4 2.407945608651872 6.774358161912707E-4
spi 2.813335208890139E-4 1.7147984280919266 4.8243027939004826E-4
ImageReaderSpi 1.4066676044450696E-4 2.995732273553991 4.213999540798974E-4
STANDARD 5.626670417780279E-4 1.1394342831883648 6.411221174220648E-4
INPUT 2.813335208890139E-4 1.0216512475319812 2.8742474258882576E-4
TYPE 0.0021100014066676043 0.44628710262841953 9.416664143235748E-4
Instead 0.006752004501336334 1.6607312068216509 0.011213264583969509
using 0.0011253340835560557 0.8209805520698303 9.238773971808472E-4
array 4.220002813335209E-4 1.7719568419318754 7.477662858061087E-4
ImageInputStream 1.4066676044450696E-4 2.995732273553991 4.213999540798974E-4
ImageWriterSpi 1.4066676044450696E-4 2.995732273553991 4.213999540798974E-4
OUTPUT 1.4066676044450696E-4 0.9675840262617057 1.3610691043208689E-4
ImageOutputStream 1.4066676044450696E-4 2.995732273553991 4.213999540798974E-4
SUBMIT 2.813335208890139E-4 1.07880966137193 3.035053204028499E-4
submitButtonText 1.4066676044450696E-4 3.912023005428146 5.502916029579612E-4
Character 0.0018286678857785904 1.3093333199837622 0.002394335794034169
UnicodeBlock 8.440005626670418E-4 2.659260036932778 0.002244416967449243
SURROGATES 7.033338022225348E-4 3.912023005428146 0.0027514580147898057
AREA 2.813335208890139E-4 2.302585092994046 6.477943713585725E-4
J 7.033338022225348E-4 2.120263536200091 0.0014912530146294072
HIGH 2.813335208890139E-4 2.207274913189721 6.209804228976568E-4
PRIVATE 4.220002813335209E-4 2.302585092994046 9.716915570378588E-4
USE 0.00928400618933746 0.010050335853501506 9.330738026882816E-5
LOW 1.4066676044450696E-4 2.0402208285265546 2.869912545402384E-4
new 0.002672668448445632 0.616186139423817 0.0016468612532075568
constants 2.813335208890139E-4 2.207274913189721 6.209804228976568E-4
match 1.4066676044450696E-4 2.120263536200091 2.9825060292588143E-4
block 1.4066676044450696E-4 1.8971199848858813 2.6686172244842895E-4
definitions 2.813335208890139E-4 0.7765287894989963 2.1846357842143657E-4
Unicode 4.220002813335209E-4 2.8134107167600364 0.001187260113979478
Standard 5.626670417780279E-4 1.1394342831883648 6.411221174220648E-4
char 0.0015473343648895765 2.407945608651872 0.0037258969890519886
methods 0.0011253340835560557 0.24846135929849972 2.7960203606526904E-4
return 8.440005626670418E-4 1.3470736479666094 0.001136930916837763
SW 2.813335208890139E-4 3.912023005428146 0.0011005832059159224
TEXT 0.0016880011253340836 1.1086626245216111 0.0018714237578083181
upKey 4.220002813335209E-4 3.912023005428146 0.0016508748088738835
W 2.813335208890139E-4 1.2378743560016172 3.4825555099215566E-4
WAIT 9.846673231115486E-4 0.9942522733438669 9.790077244910772E-4
Component 0.007455338303558869 1.4696759700589417 0.010956931553400466
action 2.813335208890139E-4 2.0402208285265546 5.739825090804768E-4
Event 0.0028133352088901393 1.6094379124341003 0.004527888345573499
register 1.4066676044450696E-4 2.302585092994046 3.2389718567928626E-4
component 0.007455338303558869 1.4696759700589417 0.010956931553400466
ActionListener 1.4066676044450696E-4 2.0402208285265546 2.869912545402384E-4
on 0.0022506681671121114 0.5447271754416719 0.0012260001135274653
fires 1.4066676044450696E-4 2.659260036932778 3.740694945748738E-4
events 1.4066676044450696E-4 1.5606477482646683 2.195312629434053E-4
List 0.0022506681671121114 0.653926467406664 0.0014717714838242545
addItem 2.813335208890139E-4 3.2188758248682006 9.055776691146998E-4
add 2.813335208890139E-4 1.171182981502945 3.294930317915164E-4
CardLayout 1.4066676044450696E-4 2.659260036932778 3.740694945748738E-4
addLayoutComponent 5.626670417780279E-4 3.2188758248682006 0.0018111553382293996
BorderLayout 1.4066676044450696E-4 2.659260036932778 3.740694945748738E-4
allowsMultipleSelections 1.4066676044450696E-4 3.2188758248682006 4.527888345573499E-4
isMultipleMode 1.4066676044450696E-4 3.2188758248682006 4.527888345573499E-4
ThreadGroup 8.440005626670418E-4 2.659260036932778 0.002244416967449243
allowThreadSuspension 1.4066676044450696E-4 3.2188758248682006 4.527888345573499E-4
boolean 0.004501336334224223 0.653926467406664 0.002943542967648509
definition 2.813335208890139E-4 2.0402208285265546 5.739825090804768E-4
depends 2.813335208890139E-4 3.2188758248682006 9.055776691146998E-4
suspend 0.0021100014066676043 3.2188758248682006 0.006791832518360248
Further 4.220002813335209E-4 0.9416085398584451 3.9735906872630965E-4
behavior 8.440005626670418E-4 2.407945608651872 0.0020323074485738123
was 5.626670417780279E-4 1.3862943611198906 7.800221472048899E-4
specified 1.4066676044450696E-4 0.9675840262617057 1.3610691043208689E-4
TextArea 9.846673231115486E-4 2.407945608651872 0.002371025356669447
appendText 1.4066676044450696E-4 2.8134107167600364 3.9575337132649266E-4
append 1.4066676044450696E-4 2.8134107167600364 3.9575337132649266E-4
Window 0.0011253340835560557 1.9661128563728327 0.002212533809394101
applyResourceBundle 2.813335208890139E-4 3.2188758248682006 9.055776691146998E-4
ResourceBundle 2.813335208890139E-4 2.659260036932778 7.481389891497476E-4
applyComponentOrientation 2.813335208890139E-4 3.2188758248682006 9.055776691146998E-4
bounds 1.4066676044450696E-4 2.407945608651872 3.3871790809563535E-4
getBounds 2.813335208890139E-4 3.912023005428146 0.0011005832059159224
checkMulticast 1.4066676044450696E-4 3.912023005428146 5.502916029579612E-4
InetAddress 2.813335208890139E-4 2.995732273553991 8.427999081597948E-4
byte 0.002532001688001125 2.407945608651872 0.006096922345721436
classDepth 1.4066676044450696E-4 3.912023005428146 5.502916029579612E-4
classLoaderDepth 1.4066676044450696E-4 3.912023005428146 5.502916029579612E-4
clear 1.4066676044450696E-4 2.120263536200091 2.9825060292588143E-4
removeAll 1.4066676044450696E-4 2.8134107167600364 3.9575337132649266E-4
image 2.813335208890139E-4 1.7147984280919266 4.8243027939004826E-4
renderable 2.813335208890139E-4 2.5257286443082556 7.105721323134775E-4
RenderContext 2.813335208890139E-4 2.995732273553991 8.427999081597948E-4
concetenateTransform 1.4066676044450696E-4 3.912023005428146 5.502916029579612E-4
AffineTransform 5.626670417780279E-4 2.659260036932778 0.0014962779782994953
concatenateTransform 1.4066676044450696E-4 3.912023005428146 5.502916029579612E-4
Container 0.0014066676044450696 2.0402208285265546 0.002869912545402384
countComponents 1.4066676044450696E-4 3.912023005428146 5.502916029579612E-4
getComponentCount 1.4066676044450696E-4 3.912023005428146 5.502916029579612E-4
Menu 2.813335208890139E-4 2.120263536200091 5.965012058517629E-4
countItems 4.220002813335209E-4 3.912023005428146 0.0016508748088738835
getItemCount 4.220002813335209E-4 3.912023005428146 0.0016508748088738835
Choice 1.4066676044450696E-4 2.407945608651872 3.3871790809563535E-4
MenuBar 1.4066676044450696E-4 2.659260036932778 3.740694945748738E-4
countMenus 1.4066676044450696E-4 3.912023005428146 5.502916029579612E-4
getMenuCount 1.4066676044450696E-4 3.912023005428146 5.502916029579612E-4
Thread 0.006330004220002813 2.120263536200091 0.013421277131664662
countStackFrames 1.4066676044450696E-4 3.912023005428146 5.502916029579612E-4
results 2.813335208890139E-4 2.8134107167600364 7.915067426529853E-4
were 5.626670417780279E-4 2.0402208285265546 0.0011479650181609536
well 1.4066676044450696E-4 1.7719568419318754 2.492554286020362E-4
defined 1.4066676044450696E-4 1.1394342831883648 1.602805293555162E-4
ORB 0.0012660008440005626 2.407945608651872 0.003048461172860718
dyn 9.846673231115486E-4 3.912023005428146 0.0038520412207057276
TypeCode 8.440005626670418E-4 2.407945608651872 0.0020323074485738123
DynAnyFactory 9.846673231115486E-4 2.659260036932778 0.002618486462024116
Any 0.0018286678857785904 0.5978370007556204 0.001093245324211994
enum 1.4066676044450696E-4 1.5141277326297755 2.1298744304821713E-4
sequence 8.440005626670418E-4 2.120263536200091 0.0017895036175552886
struct 1.4066676044450696E-4 2.995732273553991 4.213999540798974E-4
union 1.4066676044450696E-4 2.8134107167600364 3.9575337132649266E-4
recursive 2.813335208890139E-4 3.912023005428146 0.0011005832059159224
tc 4.220002813335209E-4 3.912023005428146 0.0016508748088738835
combination 1.4066676044450696E-4 3.912023005428146 5.502916029579612E-4
Name 0.0014066676044450696 0.6931471805599453 9.750276840061123E-4
createElement 4.220002813335209E-4 3.2188758248682006 0.0013583665036720498
localName 2.813335208890139E-4 3.912023005428146 0.0011005832059159224
prefix 1.4066676044450696E-4 2.659260036932778 3.740694945748738E-4
uri 5.626670417780279E-4 1.5606477482646683 8.781250517736212E-4
createKeyboardDownRightListener 1.4066676044450696E-4 3.912023005428146 5.502916029579612E-4
createKeyboardEndListener 1.4066676044450696E-4 3.912023005428146 5.502916029579612E-4
createKeyboardHomeListener 1.4066676044450696E-4 3.912023005428146 5.502916029579612E-4
createKeyboardResizeToggleListener 1.4066676044450696E-4 3.912023005428146 5.502916029579612E-4
createKeyboardUpLeftListener 1.4066676044450696E-4 3.912023005428146 5.502916029579612E-4
JTable 4.220002813335209E-4 1.9661128563728327 8.297001785227878E-4
createScrollPaneForTable 1.4066676044450696E-4 3.912023005428146 5.502916029579612E-4
Swing 0.011956674637783092 1.9661128563728327 0.023508171724812323
JScrollPane 5.626670417780279E-4 2.5257286443082556 0.001421144264626955
aTable 1.4066676044450696E-4 3.912023005428146 5.502916029579612E-4
createTableCell 1.4066676044450696E-4 3.912023005428146 5.502916029579612E-4
Element 4.220002813335209E-4 0.7339691750802005 3.0973519837397686E-4
Table 8.440005626670418E-4 1.5606477482646683 0.001317187577660432
cells 1.4066676044450696E-4 2.995732273553991 4.213999540798974E-4
arbitrary 2.813335208890139E-4 2.407945608651872 6.774358161912707E-4
produced 1.4066676044450696E-4 3.2188758248682006 4.527888345573499E-4
ViewFactory 1.4066676044450696E-4 2.995732273553991 4.213999540798974E-4
rather 1.4066676044450696E-4 2.120263536200091 2.9825060292588143E-4
than 1.4066676044450696E-4 1.3862943611198906 1.9500553680122247E-4
bind 0.0012660008440005626 2.5257286443082556 0.003197574595410648
JAXBContext 1.4066676044450696E-4 2.995732273553991 4.213999540798974E-4
createValidator 1.4066676044450696E-4 3.912023005428146 5.502916029579612E-4
since 0.0014066676044450696 1.8971199848858813 0.0026686172244842895
JAXB 0.0012660008440005626 2.407945608651872 0.003048461172860718
currentClassLoader 1.4066676044450696E-4 3.912023005428146 5.502916029579612E-4
currentLoadedClass 1.4066676044450696E-4 3.912023005428146 5.502916029579612E-4
URLDecoder 1.4066676044450696E-4 2.995732273553991 4.213999540798974E-4
decode 2.813335208890139E-4 3.912023005428146 0.0011005832059159224
resulting 7.033338022225348E-4 2.8134107167600364 0.001978766856632463
vary 2.813335208890139E-4 2.8134107167600364 7.915067426529853E-4
depending 2.813335208890139E-4 3.2188758248682006 9.055776691146998E-4
s 0.0019693346462230973 0.5447271754416719 0.001072750099336532
default 0.0011253340835560557 1.0216512475319812 0.001149698970355303
encoding 0.0011253340835560557 1.6607312068216509 0.0018688774306615849
specify 2.813335208890139E-4 2.302585092994046 6.477943713585725E-4
defineClass 2.813335208890139E-4 3.912023005428146 0.0011005832059159224
delItem 1.4066676044450696E-4 3.912023005428146 5.502916029579612E-4
remove 2.813335208890139E-4 1.4271163556401458 4.0149566905054037E-4
delItems 1.4066676044450696E-4 3.912023005428146 5.502916029579612E-4
Not 0.004360669573779716 0.3424903089467759 0.0014934870695386205
future 1.4066676044450696E-4 1.8325814637483102 2.5778329775612746E-4
expected 1.4066676044450696E-4 2.207274913189721 3.104902114488284E-4
retained 1.4066676044450696E-4 3.912023005428146 5.502916029579612E-4
only 1.4066676044450696E-4 0.843970070294529 1.1871853570045421E-4
private 4.220002813335209E-4 2.302585092994046 9.716915570378588E-4
deliverEvent 2.813335208890139E-4 3.912023005428146 0.0011005832059159224
dispatchEvent 8.440005626670418E-4 3.912023005428146 0.003301749617747767
AWTEvent 8.440005626670418E-4 2.659260036932778 0.002244416967449243
e 5.626670417780279E-4 0.7765287894989963 4.3692715684287315E-4
MBeanServer 9.846673231115486E-4 2.659260036932778 0.002618486462024116
deserialize 5.626670417780279E-4 3.912023005428146 0.0022011664118318447
ObjectName 0.0028133352088901393 2.659260036932778 0.007481389891497476
getClassLoaderFor 1.4066676044450696E-4 3.912023005428146 5.502916029579612E-4
obtain 9.846673231115486E-4 2.120263536200091 0.0020877542204811696
appropriate 4.220002813335209E-4 2.120263536200091 8.947518087776443E-4
deserialization 2.813335208890139E-4 3.912023005428146 0.0011005832059159224
getClassLoaderRepository 1.4066676044450696E-4 3.912023005428146 5.502916029579612E-4
repository 1.4066676044450696E-4 2.995732273553991 4.213999540798974E-4
getClassLoader 1.4066676044450696E-4 3.912023005428146 5.502916029579612E-4
destroy 2.813335208890139E-4 3.912023005428146 0.0011005832059159224
originally 1.4066676044450696E-4 3.912023005428146 5.502916029579612E-4
designed 1.4066676044450696E-4 1.8971199848858813 2.6686172244842895E-4
thread 0.006330004220002813 2.120263536200091 0.013421277131664662
without 1.4066676044450696E-4 1.8325814637483102 2.5778329775612746E-4
cleanup 1.4066676044450696E-4 3.912023005428146 5.502916029579612E-4
monitors 4.220002813335209E-4 2.995732273553991 0.0012641998622396923
held 2.813335208890139E-4 3.2188758248682006 9.055776691146998E-4
would 5.626670417780279E-4 2.0402208285265546 0.0011479650181609536
remained 1.4066676044450696E-4 3.912023005428146 5.502916029579612E-4
locked 2.813335208890139E-4 3.2188758248682006 9.055776691146998E-4
However 1.4066676044450696E-4 2.407945608651872 3.3871790809563535E-4
implemented 4.220002813335209E-4 1.0498221244986776 4.4302523188859654E-4
If 0.0014066676044450696 0.616186139423817 8.667690806355563E-4
if 0.0014066676044450696 0.616186139423817 8.667690806355563E-4
deadlock 0.0012660008440005626 3.912023005428146 0.00495262442662165
much 1.4066676044450696E-4 3.2188758248682006 4.527888345573499E-4
manner 1.4066676044450696E-4 3.2188758248682006 4.527888345573499E-4
target 0.0011253340835560557 2.407945608651872 0.002709743264765083
lock 5.626670417780279E-4 2.207274913189721 0.0012419608457953136
protecting 2.813335208890139E-4 3.912023005428146 0.0011005832059159224
critical 2.813335208890139E-4 2.207274913189721 6.209804228976568E-4
system 4.220002813335209E-4 1.2378743560016172 5.223833264882334E-4
resource 7.033338022225348E-4 1.6607312068216509 0.0011680483941634906
when 4.220002813335209E-4 0.843970070294529 3.5615560710136265E-4
destroyed 1.4066676044450696E-4 3.912023005428146 5.502916029579612E-4
could 2.813335208890139E-4 2.407945608651872 6.774358161912707E-4
ever 2.813335208890139E-4 3.912023005428146 0.0011005832059159224
access 4.220002813335209E-4 0.8675005677047231 3.6608548362838223E-4
again 1.4066676044450696E-4 3.2188758248682006 4.527888345573499E-4
another 1.4066676044450696E-4 1.6607312068216509 2.336096788326981E-4
attempted 1.4066676044450696E-4 3.2188758248682006 4.527888345573499E-4
result 8.440005626670418E-4 1.7719568419318754 0.0014955325716122173
Such 4.220002813335209E-4 1.5141277326297755 6.389623291446514E-4
typically 2.813335208890139E-4 1.8971199848858813 5.337234448968579E-4
manifest 2.813335208890139E-4 2.407945608651872 6.774358161912707E-4
themselves 2.813335208890139E-4 2.8134107167600364 7.915067426529853E-4
frozen 2.813335208890139E-4 3.912023005428146 0.0011005832059159224
processes 2.813335208890139E-4 2.5257286443082556 7.105721323134775E-4
more 8.440005626670418E-4 0.7339691750802005 6.194703967479537E-4
information 7.033338022225348E-4 1.3470736479666094 9.474424306981357E-4
see 0.0023913349275566185 0.3566749439387324 8.529292512249896E-4
Why 7.033338022225348E-4 2.302585092994046 0.0016194859283964313
stop 0.0019693346462230973 2.8134107167600364 0.0055405471985708965
resume 0.0012660008440005626 3.912023005428146 0.00495262442662165
MenuItem 4.220002813335209E-4 2.659260036932778 0.0011222084837246215
disable 4.220002813335209E-4 2.302585092994046 9.716915570378588E-4
setEnabled 0.0011253340835560557 3.506557897319982 0.003946049117816831
JComponent 0.0012660008440005626 2.207274913189721 0.0027944119030394554
disableResizedPosting 1.4066676044450696E-4 3.912023005428146 5.502916029579612E-4
FocusManager 2.813335208890139E-4 2.302585092994046 6.477943713585725E-4
disableSwingFocusManager 1.4066676044450696E-4 3.912023005428146 5.502916029579612E-4
KeyboardFocusManager 4.220002813335209E-4 2.5257286443082556 0.0010658581984702162
setDefaultFocusTraversalPolicy 1.4066676044450696E-4 3.912023005428146 5.502916029579612E-4
FocusTraversalPolicy 5.626670417780279E-4 2.407945608651872 0.0013548716323825414
Skeleton 2.813335208890139E-4 2.995732273553991 8.427999081597948E-4
dispatch 1.4066676044450696E-4 2.659260036932778 3.740694945748738E-4
Remote 0.0021100014066676043 2.407945608651872 0.00508076862143453
RemoteCall 0.0014066676044450696 2.995732273553991 0.004213999540798975
long 8.440005626670418E-4 1.9661128563728327 0.0016594003570455755
done 7.033338022225348E-4 2.659260036932778 0.001870347472874369
RemoteRef 7.033338022225348E-4 2.659260036932778 0.001870347472874369
style 4.220002813335209E-4 1.6607312068216509 7.008290364980943E-4
stubs 4.220002813335209E-4 2.8134107167600364 0.001187260113979478
newCall 5.626670417780279E-4 3.912023005428146 0.0022011664118318447
invoke 0.0011253340835560557 2.5257286443082556 0.00284228852925391
stub 7.033338022225348E-4 2.407945608651872 0.0016935895404781769
uses 0.0014066676044450696 0.9942522733438669 0.0013985824635586819
single 4.220002813335209E-4 1.4696759700589417 6.202036728339887E-4
carry 4.220002813335209E-4 3.912023005428146 0.0016508748088738835
out 5.626670417780279E-4 0.9675840262617057 5.444276417283475E-4
parameter 4.220002813335209E-4 2.0402208285265546 8.609737636207152E-4
marshalling 4.220002813335209E-4 2.8134107167600364 0.001187260113979478
executing 4.220002813335209E-4 2.659260036932778 0.0011222084837246215
unmarshalling 4.220002813335209E-4 2.8134107167600364 0.001187260113979478
metal 4.220002813335209E-4 1.9661128563728327 8.297001785227878E-4
MetalComboBoxUI 2.813335208890139E-4 2.995732273553991 8.427999081597948E-4
editablePropertyChanged 1.4066676044450696E-4 3.912023005428146 5.502916029579612E-4
PropertyChangeEvent 1.4066676044450696E-4 2.5257286443082556 3.5528606615673874E-4
enable 7.033338022225348E-4 1.6094379124341003 0.0011319720863933748
enableResizedPosting 1.4066676044450696E-4 3.912023005428146 5.502916029579612E-4
URLEncoder 1.4066676044450696E-4 2.995732273553991 4.213999540798974E-4
encode 2.813335208890139E-4 3.2188758248682006 9.055776691146998E-4
SignatureSpi 2.813335208890139E-4 2.659260036932778 7.481389891497476E-4
engineGetParameter 1.4066676044450696E-4 3.912023005428146 5.502916029579612E-4
engineSetParameter 2.813335208890139E-4 3.912023005428146 0.0011005832059159224
inconsistent 2.813335208890139E-4 3.912023005428146 0.0011005832059159224
contract 1.4066676044450696E-4 2.8134107167600364 3.9575337132649266E-4
isMimeTypeEqual 1.4066676044450696E-4 3.912023005428146 5.502916029579612E-4
ServerRequest 7.033338022225348E-4 2.659260036932778 0.001870347472874369
except 1.4066676044450696E-4 2.407945608651872 3.3871790809563535E-4
set 0.0019693346462230973 0.4620354595965586 9.099024383671149E-4
exception 5.626670417780279E-4 1.4271163556401458 8.029913381010807E-4
executeCall 1.4066676044450696E-4 3.912023005428146 5.502916029579612E-4
extract 1.4066676044450696E-4 2.5257286443082556 3.5528606615673874E-4
SwingUtilities 1.4066676044450696E-4 2.5257286443082556 3.5528606615673874E-4
findFocusOwner 1.4066676044450696E-4 3.912023005428146 5.502916029579612E-4
getFocusOwner 1.4066676044450696E-4 3.912023005428146 5.502916029579612E-4
current 1.4066676044450696E-4 1.5606477482646683 2.195312629434053E-4
resolve 1.4066676044450696E-4 2.0402208285265546 2.869912545402384E-4
initial 1.4066676044450696E-4 2.407945608651872 3.3871790809563535E-4
references 1.4066676044450696E-4 2.5257286443082556 3.5528606615673874E-4
Security 0.003376002250668167 1.7719568419318754 0.005982130286448869
getAlgorithmProperty 1.4066676044450696E-4 3.912023005428146 5.502916029579612E-4
proprietary 1.4066676044450696E-4 3.912023005428146 5.502916029579612E-4
master 1.4066676044450696E-4 3.506557897319982 4.932561397271039E-4
file 2.813335208890139E-4 0.8915981192837835 2.5083643811612985E-4
SUN 1.4066676044450696E-4 2.8134107167600364 3.9575337132649266E-4
Cryptographic 1.4066676044450696E-4 2.8134107167600364 3.9575337132649266E-4
Service 1.4066676044450696E-4 1.6607312068216509 2.336096788326981E-4
Provider 2.813335208890139E-4 1.8971199848858813 5.337234448968579E-4
order 1.4066676044450696E-4 1.2378743560016172 1.7412777549607783E-4
determine 1.4066676044450696E-4 1.8325814637483102 2.5778329775612746E-4
how 1.4066676044450696E-4 1.2039728043259361 1.693589540478177E-4
parse 5.626670417780279E-4 1.4696759700589417 8.269382304453181E-4
algorithm 2.813335208890139E-4 2.407945608651872 6.774358161912707E-4
specific 4.220002813335209E-4 1.9661128563728327 8.297001785227878E-4
parameters 1.4066676044450696E-4 0.5978370007556204 8.409579417015339E-5
provider 2.813335208890139E-4 1.8971199848858813 5.337234448968579E-4
independent 2.813335208890139E-4 2.8134107167600364 7.915067426529853E-4
AlgorithmParameters 1.4066676044450696E-4 2.659260036932778 3.740694945748738E-4
KeyFactory 1.4066676044450696E-4 2.995732273553991 4.213999540798974E-4
engine 1.4066676044450696E-4 2.995732273553991 4.213999540798974E-4
classes 5.626670417780279E-4 0.7133498878774648 4.01378471164701E-4
introduced 1.4066676044450696E-4 3.2188758248682006 4.527888345573499E-4
ResultSet 5.626670417780279E-4 2.302585092994046 0.001295588742717145
getBigDecimal 7.033338022225348E-4 3.912023005428146 0.0027514580147898057
CallableStatement 1.4066676044450696E-4 2.995732273553991 4.213999540798974E-4
parameterIndex 1.4066676044450696E-4 3.912023005428146 5.502916029579612E-4
parameterName 1.4066676044450696E-4 3.912023005428146 5.502916029579612E-4
Polygon 2.813335208890139E-4 2.659260036932778 7.481389891497476E-4
getBoundingBox 1.4066676044450696E-4 3.912023005428146 5.502916029579612E-4
getBytes 2.813335208890139E-4 3.912023005428146 0.0011005832059159224
do 7.033338022225348E-4 0.9162907318741551 6.444582443903187E-4
charset 9.846673231115486E-4 1.8971199848858813 0.0018680320571390022
Graphics 1.4066676044450696E-4 2.207274913189721 3.104902114488284E-4
getClipRect 1.4066676044450696E-4 3.912023005428146 5.502916029579612E-4
getClipBounds 1.4066676044450696E-4 3.912023005428146 5.502916029579612E-4
JMenuBar 7.033338022225348E-4 2.302585092994046 0.0016194859283964313
getComponentAtIndex 2.813335208890139E-4 3.912023005428146 0.0011005832059159224
getComponent 2.813335208890139E-4 3.912023005428146 0.0011005832059159224
i 2.813335208890139E-4 1.3093333199837622 3.683593529283337E-4
JPopupMenu 1.4066676044450696E-4 2.302585092994046 3.2389718567928626E-4
CheckboxGroup 2.813335208890139E-4 2.995732273553991 8.427999081597948E-4
getCurrent 1.4066676044450696E-4 3.912023005428146 5.502916029579612E-4
getSelectedCheckbox 1.4066676044450696E-4 3.912023005428146 5.502916029579612E-4
getCursorType 1.4066676044450696E-4 3.912023005428146 5.502916029579612E-4
getCursor 1.4066676044450696E-4 3.912023005428146 5.502916029579612E-4
Time 0.0011253340835560557 1.3470736479666094 0.0015159078891170171
getDate 2.813335208890139E-4 3.912023005428146 0.0011005832059159224
Date 0.006189337459558306 1.9661128563728327 0.012168935951667553
Calendar 0.004923336615557744 2.5257286443082556 0.012435012315485857
DAY 7.033338022225348E-4 2.8134107167600364 0.001978766856632463
OF 0.040512027008018 0.1165338162559516 0.004721021111508519
MONTH 0.0018286678857785904 2.5257286443082556 0.004618718860037604
getDay 2.813335208890139E-4 3.912023005428146 0.0011005832059159224
WEEK 1.4066676044450696E-4 3.912023005428146 5.502916029579612E-4
URLConnection 5.626670417780279E-4 2.659260036932778 0.0014962779782994953
getDefaultRequestProperty 1.4066676044450696E-4 3.912023005428146 5.502916029579612E-4
instance 8.440005626670418E-4 1.7719568419318754 0.0014955325716122173
getRequestProperty 1.4066676044450696E-4 3.912023005428146 5.502916029579612E-4
after 2.813335208890139E-4 1.5606477482646683 4.390625258868106E-4
obtained 2.813335208890139E-4 2.8134107167600364 7.915067426529853E-4
LogStream 0.0012660008440005626 2.995732273553991 0.0037925995867190768
getDefaultStream 1.4066676044450696E-4 3.912023005428146 5.502916029579612E-4
StringMonitorMBean 5.626670417780279E-4 2.995732273553991 0.0016855998163195897
getDerivedGauge 0.0016880011253340836 3.912023005428146 0.006603499235495534
JMX 0.0028133352088901393 2.659260036932778 0.007481389891497476
CounterMonitor 0.0011253340835560557 2.995732273553991 0.0033711996326391794
StringMonitor 5.626670417780279E-4 2.995732273553991 0.0016855998163195897
GaugeMonitorMBean 5.626670417780279E-4 2.995732273553991 0.0016855998163195897
GaugeMonitor 5.626670417780279E-4 2.995732273553991 0.0016855998163195897
CounterMonitorMBean 0.0011253340835560557 2.995732273553991 0.0033711996326391794
getDerivedGaugeTimeStamp 0.0016880011253340836 3.912023005428146 0.006603499235495534
getDividerBorderSize 1.4066676044450696E-4 3.912023005428146 5.502916029579612E-4
border 1.4066676044450696E-4 2.120263536200091 2.9825060292588143E-4
divider 1.4066676044450696E-4 2.995732273553991 4.213999540798974E-4
Validator 8.440005626670418E-4 2.407945608651872 0.0020323074485738123
getEventHandler 1.4066676044450696E-4 3.912023005428146 5.502916029579612E-4
Toolkit 4.220002813335209E-4 2.407945608651872 0.0010161537242869062
getFontList 1.4066676044450696E-4 3.912023005428146 5.502916029579612E-4
GraphicsEnvironment 2.813335208890139E-4 2.995732273553991 8.427999081597948E-4
getAvailableFontFamilyNames 1.4066676044450696E-4 3.912023005428146 5.502916029579612E-4
LabelView 1.4066676044450696E-4 2.995732273553991 4.213999540798974E-4
getFontMetrics 2.813335208890139E-4 3.912023005428146 0.0011005832059159224
FontMetrics 2.813335208890139E-4 2.995732273553991 8.427999081597948E-4
glyph 1.4066676044450696E-4 3.912023005428146 5.502916029579612E-4
rendering 2.813335208890139E-4 2.659260036932778 7.481389891497476E-4
running 4.220002813335209E-4 1.9661128563728327 8.297001785227878E-4
Font 5.626670417780279E-4 2.120263536200091 0.0011930024117035257
getLineMetrics 1.4066676044450696E-4 3.912023005428146 5.502916029579612E-4
getFontPeer 1.4066676044450696E-4 3.912023005428146 5.502916029579612E-4
getAllFonts 1.4066676044450696E-4 3.912023005428146 5.502916029579612E-4
getHours 2.813335208890139E-4 3.912023005428146 0.0011005832059159224
HOUR 2.813335208890139E-4 3.2188758248682006 9.055776691146998E-4
getInCheck 1.4066676044450696E-4 3.912023005428146 5.502916029579612E-4
getInputStream 1.4066676044450696E-4 3.912023005428146 5.502916029579612E-4
KeyStroke 1.4066676044450696E-4 2.302585092994046 3.2389718567928626E-4
getKeyStroke 2.813335208890139E-4 3.912023005428146 0.0011005832059159224
AbstractButton 2.813335208890139E-4 2.407945608651872 6.774358161912707E-4
getLabel 1.4066676044450696E-4 3.912023005428146 5.502916029579612E-4
getText 4.220002813335209E-4 3.912023005428146 0.0016508748088738835
Scrollbar 7.033338022225348E-4 2.302585092994046 0.0016194859283964313
getLineIncrement 1.4066676044450696E-4 3.912023005428146 5.502916029579612E-4
getUnitIncrement 1.4066676044450696E-4 3.912023005428146 5.502916029579612E-4
Runtime 4.220002813335209E-4 2.207274913189721 9.314706343464852E-4
getLocalizedInputStream 1.4066676044450696E-4 3.912023005428146 5.502916029579612E-4
InputStream 7.033338022225348E-4 1.5141277326297755 0.0010649372152410855
translate 2.813335208890139E-4 3.912023005428146 0.0011005832059159224
local 2.813335208890139E-4 1.8325814637483102 5.155665955122549E-4
character 0.0018286678857785904 1.3093333199837622 0.002394335794034169
InputStreamReader 4.220002813335209E-4 2.995732273553991 0.0012641998622396923
BufferedReader 8.440005626670418E-4 2.995732273553991 0.0025283997244793847
getLocalizedOutputStream 1.4066676044450696E-4 3.912023005428146 5.502916029579612E-4
OutputStream 8.440005626670418E-4 2.659260036932778 0.002244416967449243
OutputStreamWriter 1.4066676044450696E-4 2.995732273553991 4.213999540798974E-4
BufferedWriter 1.4066676044450696E-4 2.995732273553991 4.213999540798974E-4
PrintWriter 1.4066676044450696E-4 2.5257286443082556 3.5528606615673874E-4
DriverManager 2.813335208890139E-4 2.8134107167600364 7.915067426529853E-4
getLogStream 1.4066676044450696E-4 3.912023005428146 5.502916029579612E-4
getMaxDecent 1.4066676044450696E-4 3.912023005428146 5.502916029579612E-4
getMaxDescent 1.4066676044450696E-4 3.912023005428146 5.502916029579612E-4
JInternalFrame 2.813335208890139E-4 2.302585092994046 6.477943713585725E-4
getMenuBar 2.813335208890139E-4 3.912023005428146 0.0011005832059159224
getJMenuBar 2.813335208890139E-4 3.912023005428146 0.0011005832059159224
getMinutes 2.813335208890139E-4 3.912023005428146 0.0011005832059159224
MINUTE 2.813335208890139E-4 3.912023005428146 0.0011005832059159224
getMonth 2.813335208890139E-4 3.912023005428146 0.0011005832059159224
getNextFocusableComponent 1.4066676044450696E-4 3.912023005428146 5.502916029579612E-4
MonitorMBean 5.626670417780279E-4 2.659260036932778 0.0014962779782994953
getObservedObject 2.813335208890139E-4 3.912023005428146 0.0011005832059159224
getObservedObjects 2.813335208890139E-4 3.912023005428146 0.0011005832059159224
Operation 7.033338022225348E-4 1.6094379124341003 0.0011319720863933748
getOperation 1.4066676044450696E-4 3.912023005428146 5.502916029579612E-4
getOperations 1.4066676044450696E-4 3.912023005428146 5.502916029579612E-4
ComponentOrientation 2.813335208890139E-4 2.659260036932778 7.481389891497476E-4
getOrientation 2.813335208890139E-4 3.912023005428146 0.0011005832059159224
Locale 1.4066676044450696E-4 2.407945608651872 3.3871790809563535E-4
getOutputStream 2.813335208890139E-4 3.912023005428146 0.0011005832059159224
getPageIncrement 1.4066676044450696E-4 3.912023005428146 5.502916029579612E-4
getBlockIncrement 1.4066676044450696E-4 3.912023005428146 5.502916029579612E-4
Signature 2.813335208890139E-4 2.407945608651872 6.774358161912707E-4
getParameter 1.4066676044450696E-4 3.912023005428146 5.502916029579612E-4
getPeer 4.220002813335209E-4 3.912023005428146 0.0016508748088738835
programs 4.220002813335209E-4 1.7719568419318754 7.477662858061087E-4
manipulate 2.813335208890139E-4 2.302585092994046 6.477943713585725E-4
peers 2.813335208890139E-4 3.912023005428146 0.0011005832059159224
isDisplayable 1.4066676044450696E-4 3.912023005428146 5.502916029579612E-4
MenuComponent 2.813335208890139E-4 2.659260036932778 7.481389891497476E-4
getProperty 1.4066676044450696E-4 3.912023005428146 5.502916029579612E-4
getResultStream 1.4066676044450696E-4 3.912023005428146 5.502916029579612E-4
getSeconds 2.813335208890139E-4 3.912023005428146 0.0011005832059159224
SECOND 2.813335208890139E-4 2.8134107167600364 7.915067426529853E-4
LoaderHandler 4.220002813335209E-4 2.995732273553991 0.0012641998622396923
getSecurityContext 2.813335208890139E-4 3.912023005428146 0.0011005832059159224
RMIClassLoader 2.813335208890139E-4 2.995732273553991 8.427999081597948E-4
RMI 0.006189337459558306 2.302585092994046 0.014251476169888594
context 1.4066676044450696E-4 2.0402208285265546 2.869912545402384E-4
JList 2.813335208890139E-4 2.120263536200091 5.965012058517629E-4
getSelectedValues 1.4066676044450696E-4 3.912023005428146 5.502916029579612E-4
getSelectedValuesList 1.4066676044450696E-4 3.912023005428146 5.502916029579612E-4
JPasswordField 2.813335208890139E-4 2.659260036932778 7.481389891497476E-4
getPassword 2.813335208890139E-4 3.912023005428146 0.0011005832059159224
getThreshold 5.626670417780279E-4 3.912023005428146 0.0022011664118318447
getTimezoneOffset 1.4066676044450696E-4 3.912023005428146 5.502916029579612E-4
ZONE 1.4066676044450696E-4 3.912023005428146 5.502916029579612E-4
OFFSET 2.813335208890139E-4 2.8134107167600364 7.915067426529853E-4
DST 1.4066676044450696E-4 3.912023005428146 5.502916029579612E-4
DatagramSocketImpl 2.813335208890139E-4 2.995732273553991 8.427999081597948E-4
getTTL 2.813335208890139E-4 3.912023005428146 0.0011005832059159224
getTimeToLive 4.220002813335209E-4 3.912023005428146 0.0016508748088738835
MulticastSocket 4.220002813335209E-4 2.995732273553991 0.0012641998622396923
returns 2.813335208890139E-4 0.9942522733438669 2.797164927117364E-4
getUnicodeStream 4.220002813335209E-4 3.912023005428146 0.0016508748088738835
getCharacterStream 4.220002813335209E-4 3.912023005428146 0.0016508748088738835
place 4.220002813335209E-4 2.995732273553991 0.0012641998622396923
ScrollPaneLayout 1.4066676044450696E-4 2.120263536200091 2.9825060292588143E-4
getViewportBorderBounds 2.813335208890139E-4 3.912023005428146 0.0011005832059159224
getVisible 1.4066676044450696E-4 3.912023005428146 5.502916029579612E-4
getVisibleAmount 1.4066676044450696E-4 3.912023005428146 5.502916029579612E-4
getYear 2.813335208890139E-4 3.912023005428146 0.0011005832059159224
YEAR 0.0015473343648895765 2.5257286443082556 0.003908146727724126
gotFocus 1.4066676044450696E-4 3.912023005428146 5.502916029579612E-4
processFocusEvent 2.813335208890139E-4 3.912023005428146 0.0011005832059159224
FocusEvent 2.813335208890139E-4 2.995732273553991 8.427999081597948E-4
handleEvent 1.4066676044450696E-4 3.912023005428146 5.502916029579612E-4
processEvent 1.4066676044450696E-4 3.912023005428146 5.502916029579612E-4
Dialog 2.813335208890139E-4 2.207274913189721 6.209804228976568E-4
hide 5.626670417780279E-4 3.912023005428146 0.0022011664118318447
setVisible 9.846673231115486E-4 3.2188758248682006 0.003169521841901449
inClass 1.4066676044450696E-4 3.912023005428146 5.502916029579612E-4
inClassLoader 1.4066676044450696E-4 3.912023005428146 5.502916029579612E-4
insert 2.813335208890139E-4 2.5257286443082556 7.105721323134775E-4
HTMLEditorKit 1.4066676044450696E-4 2.207274913189721 3.104902114488284E-4
InsertHTMLTextAction 1.4066676044450696E-4 2.659260036932778 3.740694945748738E-4
insertAtBoundry 1.4066676044450696E-4 3.912023005428146 5.502916029579612E-4
JEditorPane 1.4066676044450696E-4 2.207274913189721 3.104902114488284E-4
HTMLDocument 1.4066676044450696E-4 2.659260036932778 3.740694945748738E-4
Tag 2.813335208890139E-4 0.843970070294529 2.3743707140090842E-4
insertAtBoundary 1.4066676044450696E-4 3.912023005428146 5.502916029579612E-4
insertText 1.4066676044450696E-4 3.912023005428146 5.502916029579612E-4
insets 1.4066676044450696E-4 2.659260036932778 3.740694945748738E-4
getInsets 1.4066676044450696E-4 3.912023005428146 5.502916029579612E-4
inside 4.220002813335209E-4 3.2188758248682006 0.0013583665036720498
contains 5.626670417780279E-4 0.5798184952529422 3.2624475749216047E-4
Rectangle 5.626670417780279E-4 2.659260036932778 0.0014962779782994953
DynamicImplementation 1.4066676044450696E-4 2.995732273553991 4.213999540798974E-4
Portable 4.220002813335209E-4 2.302585092994046 9.716915570378588E-4
Adapter 1.4066676044450696E-4 2.659260036932778 3.740694945748738E-4
isBackingStoreEnabled 1.4066676044450696E-4 3.912023005428146 5.502916029579612E-4
getScrollMode 1.4066676044450696E-4 3.912023005428146 5.502916029579612E-4
isFocusManagerEnabled 1.4066676044450696E-4 3.912023005428146 5.502916029579612E-4
getDefaultFocusTraversalPolicy 1.4066676044450696E-4 3.912023005428146 5.502916029579612E-4
isFocusTraversable 1.4066676044450696E-4 3.912023005428146 5.502916029579612E-4
isFocusable 1.4066676044450696E-4 3.912023005428146 5.502916029579612E-4
isJavaLetter 1.4066676044450696E-4 3.912023005428146 5.502916029579612E-4
isJavaIdentifierStart 1.4066676044450696E-4 3.912023005428146 5.502916029579612E-4
isJavaLetterOrDigit 1.4066676044450696E-4 3.912023005428146 5.502916029579612E-4
isJavaIdentifierPart 1.4066676044450696E-4 3.912023005428146 5.502916029579612E-4
isManagingFocus 1.4066676044450696E-4 3.912023005428146 5.502916029579612E-4
setFocusTraversalKeys 1.4066676044450696E-4 3.912023005428146 5.502916029579612E-4
Set 0.0019693346462230973 0.4620354595965586 9.099024383671149E-4
setFocusCycleRoot 1.4066676044450696E-4 3.912023005428146 5.502916029579612E-4
isSelected 1.4066676044450696E-4 3.912023005428146 5.502916029579612E-4
isIndexSelected 1.4066676044450696E-4 3.912023005428146 5.502916029579612E-4
isSpace 1.4066676044450696E-4 3.912023005428146 5.502916029579612E-4
isWhitespace 1.4066676044450696E-4 3.2188758248682006 4.527888345573499E-4
dgc 1.4066676044450696E-4 2.659260036932778 3.740694945748738E-4
VMID 1.4066676044450696E-4 2.995732273553991 4.213999540798974E-4
isUnique 1.4066676044450696E-4 3.912023005428146 5.502916029579612E-4
Unmarshaller 5.626670417780279E-4 2.659260036932778 0.0014962779782994953
isValidating 1.4066676044450696E-4 3.912023005428146 5.502916029579612E-4
please 2.813335208890139E-4 1.8971199848858813 5.337234448968579E-4
getSchema 1.4066676044450696E-4 3.912023005428146 5.502916029579612E-4
keyDown 1.4066676044450696E-4 3.912023005428146 5.502916029579612E-4
processKeyEvent 2.813335208890139E-4 3.912023005428146 0.0011005832059159224
KeyEvent 5.626670417780279E-4 2.995732273553991 0.0016855998163195897
keyUp 1.4066676044450696E-4 3.912023005428146 5.502916029579612E-4
ScrollPane 1.4066676044450696E-4 2.659260036932778 3.740694945748738E-4
layout 4.220002813335209E-4 2.659260036932778 0.0011222084837246215
doLayout 5.626670417780279E-4 3.912023005428146 0.0022011664118318447
loadClass 5.626670417780279E-4 3.912023005428146 0.0022011664118318447
URL 9.846673231115486E-4 1.1086626245216111 0.0010916638587215187
locate 2.813335208890139E-4 3.912023005428146 0.0011005832059159224
getComponentAt 2.813335208890139E-4 3.912023005428146 0.0011005832059159224
location 1.4066676044450696E-4 1.7147984280919266 2.4121513969502413E-4
getLocation 1.4066676044450696E-4 3.912023005428146 5.502916029579612E-4
log 1.4066676044450696E-4 2.5257286443082556 3.5528606615673874E-4
lostFocus 1.4066676044450696E-4 3.912023005428146 5.502916029579612E-4
minimumSize 0.0011253340835560557 3.912023005428146 0.0044023328236636895
getMinimumSize 0.0011253340835560557 3.912023005428146 0.0044023328236636895
TextField 7.033338022225348E-4 2.659260036932778 0.001870347472874369
modelToView 1.4066676044450696E-4 3.912023005428146 5.502916029579612E-4
Shape 2.813335208890139E-4 2.659260036932778 7.481389891497476E-4
mouseDown 1.4066676044450696E-4 3.912023005428146 5.502916029579612E-4
processMouseEvent 5.626670417780279E-4 3.912023005428146 0.0022011664118318447
MouseEvent 8.440005626670418E-4 2.995732273553991 0.0025283997244793847
mouseDrag 1.4066676044450696E-4 3.912023005428146 5.502916029579612E-4
processMouseMotionEvent 2.813335208890139E-4 3.912023005428146 0.0011005832059159224
mouseEnter 1.4066676044450696E-4 3.912023005428146 5.502916029579612E-4
mouseExit 1.4066676044450696E-4 3.912023005428146 5.502916029579612E-4
mouseMove 1.4066676044450696E-4 3.912023005428146 5.502916029579612E-4
mouseUp 1.4066676044450696E-4 3.912023005428146 5.502916029579612E-4
move 5.626670417780279E-4 2.207274913189721 0.0012419608457953136
setLocation 2.813335208890139E-4 3.912023005428146 0.0011005832059159224
name 0.0014066676044450696 0.6931471805599453 9.750276840061123E-4
RemoteObject 1.4066676044450696E-4 2.995732273553991 4.213999540798974E-4
XMLOutputFactory 2.813335208890139E-4 2.995732273553991 8.427999081597948E-4
newInstance 7.033338022225348E-4 3.2188758248682006 0.0022639441727867497
because 5.626670417780279E-4 2.5257286443082556 0.001421144264626955
XMLInputFactory 4.220002813335209E-4 2.659260036932778 0.0011222084837246215
wrong 1.4066676044450696E-4 3.2188758248682006 4.527888345573499E-4
newFactory 7.033338022225348E-4 3.912023005428146 0.0027514580147898057
XMLEventFactory 2.813335208890139E-4 2.995732273553991 8.427999081597948E-4
maintain 2.813335208890139E-4 2.0402208285265546 5.739825090804768E-4
consistency 2.813335208890139E-4 3.912023005428146 0.0011005832059159224
corresponding 2.813335208890139E-4 1.9661128563728327 5.531334523485252E-4
defines 2.813335208890139E-4 1.8971199848858813 5.337234448968579E-4
changes 4.220002813335209E-4 1.3862943611198906 5.850166104036674E-4
nextFocus 1.4066676044450696E-4 3.912023005428146 5.502916029579612E-4
transferFocus 1.4066676044450696E-4 3.912023005428146 5.502916029579612E-4
normalizeMimeType 2.813335208890139E-4 3.912023005428146 0.0011005832059159224
activation 2.813335208890139E-4 2.407945608651872 6.774358161912707E-4
ActivationDataFlavor 2.813335208890139E-4 2.659260036932778 7.481389891497476E-4
normalizeMimeTypeParameter 2.813335208890139E-4 3.912023005428146 0.0011005832059159224
tree 5.626670417780279E-4 0.0408219945202552 2.2969190896190856E-5
DefaultTreeSelectionModel 1.4066676044450696E-4 2.5257286443082556 3.5528606615673874E-4
notifyPathChange 1.4066676044450696E-4 3.912023005428146 5.502916029579612E-4
Vector 1.4066676044450696E-4 2.5257286443082556 3.5528606615673874E-4
TreePath 1.4066676044450696E-4 2.659260036932778 3.740694945748738E-4
op 1.4066676044450696E-4 3.2188758248682006 4.527888345573499E-4
operation 7.033338022225348E-4 1.6094379124341003 0.0011319720863933748
params 1.4066676044450696E-4 3.2188758248682006 4.527888345573499E-4
NVList 1.4066676044450696E-4 2.659260036932778 3.740694945748738E-4
arguments 1.4066676044450696E-4 2.5257286443082556 3.5528606615673874E-4
DateFormat 5.626670417780279E-4 2.659260036932778 0.0014962779782994953
parseLevel 1.4066676044450696E-4 3.912023005428146 5.502916029579612E-4
MenuContainer 1.4066676044450696E-4 2.8134107167600364 3.9575337132649266E-4
postEvent 5.626670417780279E-4 3.912023005428146 0.0022011664118318447
preConcetenateTransform 1.4066676044450696E-4 3.912023005428146 5.502916029579612E-4
preConcatenateTransform 1.4066676044450696E-4 3.912023005428146 5.502916029579612E-4
preferredSize 0.0011253340835560557 3.912023005428146 0.0044023328236636895
getPreferredSize 0.0011253340835560557 3.912023005428146 0.0044023328236636895
portable 4.220002813335209E-4 2.302585092994046 9.716915570378588E-4
read 4.220002813335209E-4 1.2729656758128876 5.371918733209541E-4
ObjectInputStream 1.4066676044450696E-4 2.659260036932778 3.740694945748738E-4
readLine 4.220002813335209E-4 3.912023005428146 0.0016508748088738835
DataInputStream 7.033338022225348E-4 2.995732273553991 0.0021069997703994873
details 9.846673231115486E-4 0.7550225842780328 7.434460669498142E-4
alternatives 1.4066676044450696E-4 3.912023005428146 5.502916029579612E-4
lines 2.813335208890139E-4 2.659260036932778 7.481389891497476E-4
Programs 4.220002813335209E-4 1.7719568419318754 7.477662858061087E-4
converted 1.4066676044450696E-4 3.2188758248682006 4.527888345573499E-4
replacing 1.4066676044450696E-4 3.912023005428146 5.502916029579612E-4
form 2.813335208890139E-4 0.9675840262617057 2.7221382086417377E-4
d 2.813335208890139E-4 1.8971199848858813 5.337234448968579E-4
registry 5.626670417780279E-4 2.407945608651872 0.0013548716323825414
RegistryHandler 5.626670417780279E-4 2.995732273553991 0.0016855998163195897
registryImpl 1.4066676044450696E-4 3.912023005428146 5.502916029579612E-4
registryStub 1.4066676044450696E-4 3.912023005428146 5.502916029579612E-4
releaseInputStream 1.4066676044450696E-4 3.912023005428146 5.502916029579612E-4
releaseOutputStream 1.4066676044450696E-4 3.912023005428146 5.502916029579612E-4
removeListeners 1.4066676044450696E-4 3.912023005428146 5.502916029579612E-4
replaceText 1.4066676044450696E-4 3.912023005428146 5.502916029579612E-4
replaceRange 1.4066676044450696E-4 3.912023005428146 5.502916029579612E-4
requestDefaultFocus 1.4066676044450696E-4 3.912023005428146 5.502916029579612E-4
getDefaultComponent 1.4066676044450696E-4 3.912023005428146 5.502916029579612E-4
requestFocus 1.4066676044450696E-4 3.912023005428146 5.502916029579612E-4
reshape 5.626670417780279E-4 3.912023005428146 0.0022011664118318447
setBounds 5.626670417780279E-4 3.912023005428146 0.0022011664118318447
Moves 1.4066676044450696E-4 2.120263536200091 2.9825060292588143E-4
resizes 1.4066676044450696E-4 3.2188758248682006 4.527888345573499E-4
resize 0.002672668448445632 3.2188758248682006 0.008602987856589648
Dimension 2.813335208890139E-4 2.659260036932778 7.481389891497476E-4
setSize 4.220002813335209E-4 3.912023005428146 0.0016508748088738835
exists 1.4066676044450696E-4 2.0402208285265546 2.869912545402384E-4
solely 2.813335208890139E-4 3.2188758248682006 9.055776691146998E-4
conjunction 1.4066676044450696E-4 3.2188758248682006 4.527888345573499E-4
both 1.4066676044450696E-4 1.6094379124341003 2.2639441727867495E-4
they 1.4066676044450696E-4 1.2729656758128876 1.7906395777365135E-4
inherently 0.0011253340835560557 3.912023005428146 0.0044023328236636895
System 4.220002813335209E-4 1.2378743560016172 5.223833264882334E-4
runFinalizersOnExit 2.813335208890139E-4 3.912023005428146 0.0011005832059159224
unsafe 7.033338022225348E-4 3.506557897319982 0.0024662806986355196
finalizers 2.813335208890139E-4 3.912023005428146 0.0011005832059159224
being 4.220002813335209E-4 2.207274913189721 9.314706343464852E-4
called 2.813335208890139E-4 1.7719568419318754 4.985108572040724E-4
live 2.813335208890139E-4 3.2188758248682006 9.055776691146998E-4
objects 8.440005626670418E-4 1.3862943611198906 0.0011700332208073349
while 4.220002813335209E-4 1.9661128563728327 8.297001785227878E-4
threads 4.220002813335209E-4 2.302585092994046 9.716915570378588E-4
concurrently 2.813335208890139E-4 3.2188758248682006 9.055776691146998E-4
manipulating 2.813335208890139E-4 2.407945608651872 6.774358161912707E-4
those 2.813335208890139E-4 1.6607312068216509 4.672193576653962E-4
erratic 2.813335208890139E-4 3.912023005428146 0.0011005832059159224
Properties 2.813335208890139E-4 1.7719568419318754 4.985108572040724E-4
save 2.813335208890139E-4 2.659260036932778 7.481389891497476E-4
throw 2.813335208890139E-4 2.659260036932778 7.481389891497476E-4
I 2.813335208890139E-4 1.3093333199837622 3.683593529283337E-4
O 1.4066676044450696E-4 1.3862943611198906 1.9500553680122247E-4
error 2.813335208890139E-4 1.4696759700589417 4.1346911522265907E-4
occurs 1.4066676044450696E-4 1.6607312068216509 2.336096788326981E-4
saving 1.4066676044450696E-4 3.2188758248682006 4.527888345573499E-4
list 0.0022506681671121114 0.653926467406664 0.0014717714838242545
properties 2.813335208890139E-4 1.7719568419318754 4.985108572040724E-4
store 1.4066676044450696E-4 1.6094379124341003 2.2639441727867495E-4
comments 1.4066676044450696E-4 3.2188758248682006 4.527888345573499E-4
storeToXML 1.4066676044450696E-4 3.912023005428146 5.502916029579612E-4
os 1.4066676044450696E-4 2.8134107167600364 3.9575337132649266E-4
comment 1.4066676044450696E-4 1.7719568419318754 2.492554286020362E-4
send 2.813335208890139E-4 2.5257286443082556 7.105721323134775E-4
DatagramPacket 1.4066676044450696E-4 2.995732273553991 4.213999540798974E-4
following 1.4066676044450696E-4 1.7147984280919266 2.4121513969502413E-4
ttl 4.220002813335209E-4 3.2188758248682006 0.0013583665036720498
mcastSocket 5.626670417780279E-4 3.912023005428146 0.0022011664118318447
setTimeToLive 5.626670417780279E-4 3.912023005428146 0.0022011664118318447
newttl 1.4066676044450696E-4 3.912023005428146 5.502916029579612E-4
p 1.4066676044450696E-4 2.120263536200091 2.9825060292588143E-4
setBackingStoreEnabled 1.4066676044450696E-4 3.912023005428146 5.502916029579612E-4
setScrollMode 1.4066676044450696E-4 3.912023005428146 5.502916029579612E-4
setCurrent 1.4066676044450696E-4 3.912023005428146 5.502916029579612E-4
Checkbox 2.813335208890139E-4 2.659260036932778 7.481389891497476E-4
setSelectedCheckbox 1.4066676044450696E-4 3.912023005428146 5.502916029579612E-4
setCursor 2.813335208890139E-4 3.912023005428146 0.0011005832059159224
setDate 2.813335208890139E-4 3.912023005428146 0.0011005832059159224
date 0.006189337459558306 1.9661128563728327 0.012168935951667553
setDefaultRequestProperty 1.4066676044450696E-4 3.912023005428146 5.502916029579612E-4
setRequestProperty 1.4066676044450696E-4 3.912023005428146 5.502916029579612E-4
Invoking 1.4066676044450696E-4 3.2188758248682006 4.527888345573499E-4
will 1.4066676044450696E-4 0.5447271754416719 7.662500709546658E-5
effect 2.813335208890139E-4 2.8134107167600364 7.915067426529853E-4
setDefaultStream 1.4066676044450696E-4 3.912023005428146 5.502916029579612E-4
PrintStream 2.813335208890139E-4 2.659260036932778 7.481389891497476E-4
setEchoCharacter 1.4066676044450696E-4 3.912023005428146 5.502916029579612E-4
setEchoChar 1.4066676044450696E-4 3.912023005428146 5.502916029579612E-4
setEventHandler 1.4066676044450696E-4 3.912023005428146 5.502916029579612E-4
ValidationEventHandler 1.4066676044450696E-4 2.995732273553991 4.213999540798974E-4
setHours 2.813335208890139E-4 3.912023005428146 0.0011005832059159224
hours 1.4066676044450696E-4 3.2188758248682006 4.527888345573499E-4
setLabel 1.4066676044450696E-4 3.912023005428146 5.502916029579612E-4
setText 1.4066676044450696E-4 3.912023005428146 5.502916029579612E-4
setLineIncrement 1.4066676044450696E-4 3.912023005428146 5.502916029579612E-4
setUnitIncrement 1.4066676044450696E-4 3.912023005428146 5.502916029579612E-4
setLogStream 1.4066676044450696E-4 3.912023005428146 5.502916029579612E-4
ValueExp 2.813335208890139E-4 2.659260036932778 7.481389891497476E-4
setMBeanServer 4.220002813335209E-4 3.912023005428146 0.0016508748088738835
needed 2.813335208890139E-4 2.659260036932778 7.481389891497476E-4
MBean 2.813335208890139E-4 2.8134107167600364 7.915067426529853E-4
evaluated 1.4066676044450696E-4 3.2188758248682006 4.527888345573499E-4
QueryEval 2.813335208890139E-4 2.995732273553991 8.427999081597948E-4
getMBeanServer 2.813335208890139E-4 3.912023005428146 0.0011005832059159224
StringValueExp 1.4066676044450696E-4 2.659260036932778 3.740694945748738E-4
AttributeValueExp 2.813335208890139E-4 2.659260036932778 7.481389891497476E-4
Server 0.00506400337600225 2.120263536200091 0.01073702170533173
attribute 1.4066676044450696E-4 0.6931471805599453 9.750276840061124E-5
setMenuBar 2.813335208890139E-4 3.912023005428146 0.0011005832059159224
setJMenuBar 2.813335208890139E-4 3.912023005428146 0.0011005832059159224
m 1.4066676044450696E-4 1.8971199848858813 2.6686172244842895E-4
menu 2.813335208890139E-4 2.120263536200091 5.965012058517629E-4
setMinutes 2.813335208890139E-4 3.912023005428146 0.0011005832059159224
minutes 1.4066676044450696E-4 3.506557897319982 4.932561397271039E-4
event 0.0028133352088901393 1.6094379124341003 0.004527888345573499
setModifiers 1.4066676044450696E-4 3.912023005428146 5.502916029579612E-4
setMonth 2.813335208890139E-4 3.912023005428146 0.0011005832059159224
month 0.0018286678857785904 2.5257286443082556 0.004618718860037604
setMultipleSelections 1.4066676044450696E-4 3.912023005428146 5.502916029579612E-4
setMultipleMode 1.4066676044450696E-4 3.912023005428146 5.502916029579612E-4
setNextFocusableComponent 1.4066676044450696E-4 3.912023005428146 5.502916029579612E-4
setObservedObject 2.813335208890139E-4 3.912023005428146 0.0011005832059159224
addObservedObject 2.813335208890139E-4 3.2188758248682006 9.055776691146998E-4
setOutputStream 1.4066676044450696E-4 3.912023005428146 5.502916029579612E-4
setPageIncrement 1.4066676044450696E-4 3.912023005428146 5.502916029579612E-4
setBlockIncrement 1.4066676044450696E-4 3.912023005428146 5.502916029579612E-4
setParameter 2.813335208890139E-4 3.912023005428146 0.0011005832059159224
setProperty 1.4066676044450696E-4 3.912023005428146 5.502916029579612E-4
RemoteStub 4.220002813335209E-4 2.995732273553991 0.0012641998622396923
setRef 2.813335208890139E-4 3.912023005428146 0.0011005832059159224
RemoteStubs 1.4066676044450696E-4 3.912023005428146 5.502916029579612E-4
created 2.813335208890139E-4 1.9661128563728327 5.531334523485252E-4
setSeconds 2.813335208890139E-4 3.912023005428146 0.0011005832059159224
seconds 1.4066676044450696E-4 2.995732273553991 4.213999540798974E-4
setThreshold 2.813335208890139E-4 3.912023005428146 0.0011005832059159224
Number 5.626670417780279E-4 1.2378743560016172 6.965111019843113E-4
setInitThreshold 2.813335208890139E-4 3.912023005428146 0.0011005832059159224
setTTL 2.813335208890139E-4 3.912023005428146 0.0011005832059159224
PreparedStatement 1.4066676044450696E-4 2.659260036932778 3.740694945748738E-4
setUnicodeStream 2.813335208890139E-4 3.912023005428146 0.0011005832059159224
BaseRowSet 1.4066676044450696E-4 2.407945608651872 3.3871790809563535E-4
URLStreamHandler 1.4066676044450696E-4 2.995732273553991 4.213999540798974E-4
setURL 2.813335208890139E-4 3.912023005428146 0.0011005832059159224
setValidating 1.4066676044450696E-4 3.912023005428146 5.502916029579612E-4
setSchema 1.4066676044450696E-4 3.912023005428146 5.502916029579612E-4
validation 1.4066676044450696E-4 1.7719568419318754 2.492554286020362E-4
Schema 1.4066676044450696E-4 2.207274913189721 3.104902114488284E-4
setYear 2.813335208890139E-4 3.912023005428146 0.0011005832059159224
year 0.0015473343648895765 2.5257286443082556 0.003908146727724126
show 5.626670417780279E-4 2.407945608651872 0.0013548716323825414
size 1.4066676044450696E-4 1.3862943611198906 1.9500553680122247E-4
getSize 1.4066676044450696E-4 3.912023005428146 5.502916029579612E-4
sizeColumnsToFit 1.4066676044450696E-4 3.912023005428146 5.502916029579612E-4
Stopping 1.4066676044450696E-4 3.912023005428146 5.502916029579612E-4
causes 1.4066676044450696E-4 2.8134107167600364 3.9575337132649266E-4
unlock 1.4066676044450696E-4 3.912023005428146 5.502916029579612E-4
all 9.846673231115486E-4 0.05129329438755048 5.0506830878161955E-5
natural 1.4066676044450696E-4 2.995732273553991 4.213999540798974E-4
consequence 1.4066676044450696E-4 3.912023005428146 5.502916029579612E-4
unchecked 1.4066676044450696E-4 3.2188758248682006 4.527888345573499E-4
ThreadDeath 1.4066676044450696E-4 2.995732273553991 4.213999540798974E-4
propagating 1.4066676044450696E-4 3.912023005428146 5.502916029579612E-4
up 1.4066676044450696E-4 1.4271163556401458 2.0074783452527018E-4
stack 1.4066676044450696E-4 2.0402208285265546 2.869912545402384E-4
previously 1.4066676044450696E-4 2.120263536200091 2.9825060292588143E-4
protected 1.4066676044450696E-4 1.1394342831883648 1.602805293555162E-4
these 4.220002813335209E-4 1.5141277326297755 6.389623291446514E-4
state 1.4066676044450696E-4 1.6607312068216509 2.336096788326981E-4
damaged 1.4066676044450696E-4 3.912023005428146 5.502916029579612E-4
become 1.4066676044450696E-4 2.995732273553991 4.213999540798974E-4
visible 1.4066676044450696E-4 2.8134107167600364 3.9575337132649266E-4
potentially 1.4066676044450696E-4 2.995732273553991 4.213999540798974E-4
Many 1.4066676044450696E-4 1.7147984280919266 2.4121513969502413E-4
simply 1.4066676044450696E-4 2.8134107167600364 3.9575337132649266E-4
modifies 1.4066676044450696E-4 3.912023005428146 5.502916029579612E-4
some 1.4066676044450696E-4 2.0402208285265546 2.869912545402384E-4
variable 5.626670417780279E-4 2.8134107167600364 0.0015830134853059706
indicate 1.4066676044450696E-4 2.407945608651872 3.3871790809563535E-4
check 1.4066676044450696E-4 1.3093333199837622 1.8417967646416685E-4
regularly 1.4066676044450696E-4 3.912023005428146 5.502916029579612E-4
run 1.4066676044450696E-4 1.1086626245216111 1.5595197981735985E-4
orderly 1.4066676044450696E-4 3.912023005428146 5.502916029579612E-4
fashion 1.4066676044450696E-4 3.2188758248682006 4.527888345573499E-4
indicates 1.4066676044450696E-4 2.302585092994046 3.2389718567928626E-4
waits 1.4066676044450696E-4 3.2188758248682006 4.527888345573499E-4
periods 1.4066676044450696E-4 3.912023005428146 5.502916029579612E-4
condition 1.4066676044450696E-4 2.659260036932778 3.740694945748738E-4
example 2.813335208890139E-4 1.0498221244986776 2.953501545923977E-4
interrupt 2.813335208890139E-4 3.2188758248682006 9.055776691146998E-4
An 0.0021100014066676043 0.4620354595965586 9.748954696790518E-4
additional 1.4066676044450696E-4 2.207274913189721 3.104902114488284E-4
danger 1.4066676044450696E-4 3.912023005428146 5.502916029579612E-4
generate 1.4066676044450696E-4 3.2188758248682006 4.527888345573499E-4
exceptions 5.626670417780279E-4 2.0402208285265546 0.0011479650181609536
unprepared 1.4066676044450696E-4 3.912023005428146 5.502916029579612E-4
handle 1.4066676044450696E-4 2.407945608651872 3.3871790809563535E-4
including 1.4066676044450696E-4 1.0498221244986776 1.4767507729619885E-4
checked 1.4066676044450696E-4 3.2188758248682006 4.527888345573499E-4
possibly 1.4066676044450696E-4 3.2188758248682006 4.527888345573499E-4
holds 1.4066676044450696E-4 2.407945608651872 3.3871790809563535E-4
suspended 1.4066676044450696E-4 3.912023005428146 5.502916029579612E-4
until 1.4066676044450696E-4 1.7719568419318754 2.492554286020362E-4
resumed 1.4066676044450696E-4 3.912023005428146 5.502916029579612E-4
attempts 1.4066676044450696E-4 3.2188758248682006 4.527888345573499E-4
prior 1.4066676044450696E-4 3.912023005428146 5.502916029579612E-4
calling 2.813335208890139E-4 2.8134107167600364 7.915067426529853E-4
toGMTString 1.4066676044450696E-4 3.912023005428146 5.502916029579612E-4
format 4.220002813335209E-4 1.4696759700589417 6.202036728339887E-4
GMT 1.4066676044450696E-4 3.912023005428146 5.502916029579612E-4
TimeZone 2.813335208890139E-4 2.659260036932778 7.481389891497476E-4
toLocaleString 1.4066676044450696E-4 3.912023005428146 5.502916029579612E-4
ByteArrayOutputStream 1.4066676044450696E-4 2.995732273553991 4.213999540798974E-4
enc 1.4066676044450696E-4 3.912023005428146 5.502916029579612E-4
takes 2.813335208890139E-4 3.2188758248682006 9.055776691146998E-4
argument 1.4066676044450696E-4 2.5257286443082556 3.5528606615673874E-4
File 2.813335208890139E-4 0.8915981192837835 2.5083643811612985E-4
toURL 2.813335208890139E-4 3.912023005428146 0.0011005832059159224
automatically 1.4066676044450696E-4 2.120263536200091 2.9825060292588143E-4
escape 1.4066676044450696E-4 2.0402208285265546 2.869912545402384E-4
illegal 1.4066676044450696E-4 3.2188758248682006 4.527888345573499E-4
URLs 1.4066676044450696E-4 1.6607312068216509 2.336096788326981E-4
abstract 1.4066676044450696E-4 1.2729656758128876 1.7906395777365135E-4
pathname 1.4066676044450696E-4 3.2188758248682006 4.527888345573499E-4
first 1.4066676044450696E-4 1.6094379124341003 2.2639441727867495E-4
converting 2.813335208890139E-4 3.912023005428146 0.0011005832059159224
URI 5.626670417780279E-4 1.5606477482646683 8.781250517736212E-4
toURI 1.4066676044450696E-4 3.912023005428146 5.502916029579612E-4
then 1.4066676044450696E-4 1.2378743560016172 1.7412777549607783E-4
MetalScrollPaneUI 2.813335208890139E-4 2.995732273553991 8.427999081597948E-4
uninstallListeners 2.813335208890139E-4 3.912023005428146 0.0011005832059159224
UTC 2.813335208890139E-4 3.2188758248682006 9.055776691146998E-4
hrs 8.440005626670418E-4 3.912023005428146 0.003301749617747767
min 8.440005626670418E-4 3.912023005428146 0.003301749617747767
sec 5.626670417780279E-4 3.912023005428146 0.0022011664118318447
GregorianCalendar 5.626670417780279E-4 2.659260036932778 0.0014962779782994953
followed 1.4066676044450696E-4 2.8134107167600364 3.9575337132649266E-4
getTime 2.813335208890139E-4 3.912023005428146 0.0011005832059159224
validate 1.4066676044450696E-4 2.120263536200091 2.9825060292588143E-4
validateRoot 1.4066676044450696E-4 3.912023005428146 5.502916029579612E-4
viewToModel 1.4066676044450696E-4 3.912023005428146 5.502916029579612E-4
float 2.813335208890139E-4 2.659260036932778 7.481389891497476E-4
write 8.440005626670418E-4 2.120263536200091 0.0017895036175552886
ObjectOutputStream 2.813335208890139E-4 2.659260036932778 7.481389891497476E-4
PutField 4.220002813335209E-4 2.995732273553991 0.0012641998622396923
ObjectOutput 1.4066676044450696E-4 2.995732273553991 4.213999540798974E-4
values 1.4066676044450696E-4 1.0216512475319812 1.4371237129441288E-4
contained 1.4066676044450696E-4 2.120263536200091 2.9825060292588143E-4
proper 1.4066676044450696E-4 3.912023005428146 5.502916029579612E-4
corruption 1.4066676044450696E-4 3.506557897319982 4.932561397271039E-4
serialization 1.4066676044450696E-4 1.7719568419318754 2.492554286020362E-4
correct 1.4066676044450696E-4 3.2188758248682006 4.527888345573499E-4
data 1.4066676044450696E-4 0.5978370007556204 8.409579417015339E-5
writeFields 1.4066676044450696E-4 3.912023005428146 5.502916029579612E-4
Socket 2.813335208890139E-4 2.0402208285265546 5.739825090804768E-4
DatagramSocket 2.813335208890139E-4 2.995732273553991 8.427999081597948E-4
UDP 2.813335208890139E-4 3.912023005428146 0.0011005832059159224
transport 2.813335208890139E-4 2.5257286443082556 7.105721323134775E-4
StreamTokenizer 4.220002813335209E-4 2.995732273553991 0.0012641998622396923
tokenize 1.4066676044450696E-4 3.912023005428146 5.502916029579612E-4
input 2.813335208890139E-4 1.0216512475319812 2.8742474258882576E-4
Reader 1.4066676044450696E-4 1.9661128563728327 2.765667261742626E-4
r 2.813335208890139E-4 2.207274913189721 6.209804228976568E-4
st 1.4066676044450696E-4 3.912023005428146 5.502916029579612E-4
constructors 5.626670417780279E-4 0.8915981192837835 5.016728762322597E-4
take 2.813335208890139E-4 2.120263536200091 5.965012058517629E-4
Charset 9.846673231115486E-4 1.8971199848858813 0.0018680320571390022
TCKind 2.813335208890139E-4 2.995732273553991 8.427999081597948E-4
Do 7.033338022225348E-4 0.9162907318741551 6.444582443903187E-4
according 1.4066676044450696E-4 2.207274913189721 3.104902114488284E-4
OMG 0.003376002250668167 2.5257286443082556 0.00852686558776173
specification 1.4066676044450696E-4 1.6607312068216509 2.336096788326981E-4
milliseconds 1.4066676044450696E-4 2.207274913189721 3.104902114488284E-4
Timestamp 2.813335208890139E-4 2.659260036932778 7.481389891497476E-4
millis 1.4066676044450696E-4 3.2188758248682006 4.527888345573499E-4
Elements 1.4066676044450696E-4 0.8675005677047231 1.2202849454279408E-4
HandlerChain 1.4066676044450696E-4 2.995732273553991 4.213999540798974E-4
Platform 0.007596005064003376 1.07880966137193 0.008194643650876948
Ed 1.4066676044450696E-4 1.2729656758128876 1.7906395777365135E-4
Prev 1.4066676044450696E-4 1.2729656758128876 1.7906395777365135E-4
Next 1.4066676044450696E-4 1.171182981502945 1.647465158957582E-4
Frames 2.813335208890139E-4 1.3470736479666094 3.789769722792543E-4
Classes 5.626670417780279E-4 0.7133498878774648 4.01378471164701E-4
Submit 2.813335208890139E-4 1.07880966137193 3.035053204028499E-4
bug 1.4066676044450696E-4 1.1086626245216111 1.5595197981735985E-4
feature 1.4066676044450696E-4 1.1394342831883648 1.602805293555162E-4
further 4.220002813335209E-4 0.9416085398584451 3.9735906872630965E-4
developer 2.813335208890139E-4 1.07880966137193 3.035053204028499E-4
documentation 5.626670417780279E-4 0.9416085398584451 5.298120916350795E-4
Documentation 5.626670417780279E-4 0.9416085398584451 5.298120916350795E-4
That 0.003657335771557181 0.22314355131420976 8.161108924137647E-4
detailed 1.4066676044450696E-4 1.0498221244986776 1.4767507729619885E-4
targeted 1.4066676044450696E-4 1.171182981502945 1.647465158957582E-4
descriptions 1.4066676044450696E-4 1.0498221244986776 1.4767507729619885E-4
conceptual 1.4066676044450696E-4 1.171182981502945 1.647465158957582E-4
overviews 1.4066676044450696E-4 1.171182981502945 1.647465158957582E-4
terms 2.813335208890139E-4 1.0216512475319812 2.8742474258882576E-4
workarounds 1.4066676044450696E-4 1.171182981502945 1.647465158957582E-4
working 1.4066676044450696E-4 0.9942522733438669 1.398582463558682E-4
examples 1.4066676044450696E-4 0.7985076962177716 1.1232349081696041E-4
Oracle 1.4066676044450696E-4 0.8915981192837835 1.2541821905806493E-4
affiliates 1.4066676044450696E-4 1.171182981502945 1.647465158957582E-4
subject 1.4066676044450696E-4 1.1394342831883648 1.602805293555162E-4
license 1.4066676044450696E-4 1.1086626245216111 1.5595197981735985E-4
redistribution 1.4066676044450696E-4 1.171182981502945 1.647465158957582E-4
policy 7.033338022225348E-4 1.0216512475319812 7.185618564720644E-4
Scripting 1.4066676044450696E-4 1.0216512475319812 1.4371237129441288E-4
page 2.813335208890139E-4 0.843970070294529 2.3743707140090842E-4
tracks 1.4066676044450696E-4 1.07880966137193 1.5175266020142495E-4
web 1.4066676044450696E-4 0.8209805520698303 1.154846746476059E-4
traffic 1.4066676044450696E-4 1.1086626245216111 1.5595197981735985E-4
but 1.4066676044450696E-4 0.8209805520698303 1.154846746476059E-4
change 1.4066676044450696E-4 0.9162907318741551 1.2889164887806373E-4
content 1.4066676044450696E-4 0.44628710262841953 6.277776095490499E-5
