org 0.007722007722007722 0.05129329438755048 3.960872153478802E-4
jsoup 0.03474903474903475 0.0 0.0
Java 0.007722007722007722 0.010050335853501506 7.760877106950971E-5
HTML 0.003861003861003861 0.0 0.0
Parser 0.003861003861003861 0.0 0.0
API 0.007722007722007722 0.0 0.0
Skip 0.007722007722007722 0.06187540371808745 4.7780234531341663E-4
navigation 0.007722007722007722 0.06187540371808745 4.7780234531341663E-4
links 0.007722007722007722 0.0408219945202552 3.1522775691316757E-4
Overview 0.007722007722007722 0.06187540371808745 4.7780234531341663E-4
Package 0.011583011583011582 0.06187540371808745 7.167035179701249E-4
Class 0.019305019305019305 0.06187540371808745 0.0011945058632835414
Use 0.011583011583011582 0.010050335853501506 1.1641315660426455E-4
Tree 0.007722007722007722 0.0408219945202552 3.1522775691316757E-4
Deprecated 0.007722007722007722 0.06187540371808745 4.7780234531341663E-4
Index 0.007722007722007722 0.06187540371808745 4.7780234531341663E-4
Help 0.007722007722007722 0.05129329438755048 3.960872153478802E-4
NonnullByDefault 0.003861003861003861 2.302585092994046 0.008890289934339947
Contains 0.007722007722007722 0.5798184952529422 0.004477362897706117
the 0.03088803088803089 0.10536051565782635 0.0032543788620178022
main 0.003861003861003861 1.2378743560016172 0.004779437667959912
Jsoup 0.03474903474903475 0.0 0.0
class 0.019305019305019305 0.06187540371808745 0.0011945058632835414
which 0.003861003861003861 0.7550225842780328 0.002915145113042598
provides 0.003861003861003861 0.843970070294529 0.0032585716999788765
convenient 0.007722007722007722 1.6094379124341003 0.01242809198790811
static 0.003861003861003861 0.5621189181535412 0.002170343313334136
access 0.007722007722007722 0.8675005677047231 0.006698846082661954
to 0.015444015444015444 0.17435338714477774 0.002692716403780351
functionality 0.007722007722007722 1.0498221244986776 0.00810673455211334
Interface 0.011583011583011582 0.653926467406664 0.007574437846409236
Summary 0.015444015444015444 0.6931471805599453 0.010704975761543558
Description 0.015444015444015444 0.24846135929849972 0.0038372410702471
Connection 0.03088803088803089 1.2039728043259361 0.03718834916836868
The 0.03088803088803089 0.10536051565782635 0.0032543788620178022
interface 0.011583011583011582 0.653926467406664 0.007574437846409236
is 0.015444015444015444 0.22314355131420976 0.0034462324527291086
a 0.04247104247104247 0.16251892949777494 0.006902348357048356
HTTP 0.02702702702702703 1.1394342831883648 0.030795521167253107
client 0.003861003861003861 2.207274913189721 0.008522296962122476
and 0.02702702702702703 0.09431067947124142 0.0025489372830065247
session 0.003861003861003861 1.9661128563728327 0.007591169329624837
object 0.003861003861003861 0.43078291609245434 0.0016632545022874684
fetch 0.003861003861003861 1.8971199848858813 0.007324787586431974
content 0.007722007722007722 0.44628710262841953 0.0034462324527291086
from 0.003861003861003861 0.38566248081198473 0.0014890443274594004
web 0.007722007722007722 0.8209805520698303 0.006339618162701393
parse 0.003861003861003861 1.4696759700589417 0.005674424594822169
them 0.003861003861003861 1.7719568419318754 0.00684153220823118
into 0.003861003861003861 0.8915981192837835 0.0034424637810184693
Documents 0.003861003861003861 1.7147984280919266 0.006620843351706281
Base 0.007722007722007722 0.9162907318741551 0.007075604107136333
T 0.007722007722007722 1.2729656758128876 0.009829850778477896
extends 0.003861003861003861 0.653926467406664 0.0025248126154697455
Common 0.003861003861003861 1.7719568419318754 0.00684153220823118
methods 0.007722007722007722 0.24846135929849972 0.00191862053512355
for 0.011583011583011582 0.083381608939051 9.658101421511698E-4
Requests 0.003861003861003861 1.5606477482646683 0.0060256669817168665
Responses 0.003861003861003861 2.120263536200091 0.008186345699614251
KeyVal 0.003861003861003861 1.7147984280919266 0.006620843351706281
A 0.04247104247104247 0.16251892949777494 0.006902348357048356
Key 0.003861003861003861 0.7985076962177716 0.0030830412981381144
Value 0.003861003861003861 0.5447271754416719 0.002103193727574023
tuple 0.003861003861003861 2.8134107167600364 0.01086258964000014
used 0.003861003861003861 0.6348782724359695 0.0024512674611427395
form 0.003861003861003861 0.9675840262617057 0.003735845661242107
data 0.003861003861003861 0.5978370007556204 0.0023082509681684187
Request 0.011583011583011582 1.2378743560016172 0.014338313003879735
Represents 0.007722007722007722 1.8971199848858813 0.014649575172863949
request 0.011583011583011582 1.2378743560016172 0.014338313003879735
Response 0.015444015444015444 1.2729656758128876 0.019659701556955792
response 0.015444015444015444 1.2729656758128876 0.019659701556955792
core 0.003861003861003861 1.171182981502945 0.0045219420135248845
public 0.003861003861003861 0.6931471805599453 0.0026762439403858894
point 0.003861003861003861 1.7719568419318754 0.00684153220823118
Enum 0.007722007722007722 1.5141277326297755 0.01169210604347317
Method 0.003861003861003861 0.32850406697203605 0.0012683554709345022
GET 0.003861003861003861 0.6733445532637655 0.002599785919937319
POST 0.003861003861003861 1.7719568419318754 0.00684153220823118
http 0.02702702702702703 1.1394342831883648 0.030795521167253107
Exception 0.007722007722007722 1.4271163556401458 0.011020203518456725
HttpStatusException 0.003861003861003861 1.6607312068216509 0.006412089601627996
Signals 0.007722007722007722 2.8134107167600364 0.02172517928000028
that 0.015444015444015444 0.22314355131420976 0.0034462324527291086
resulted 0.003861003861003861 2.5257286443082556 0.009751848047522223
in 0.007722007722007722 0.1508228897345837 0.0011646555191859745
not 0.011583011583011582 0.3424903089467759 0.0039670692155997205
OK 0.003861003861003861 2.0402208285265546 0.007877300496241524
SerializationException 0.007722007722007722 2.302585092994046 0.017780579868679893
raised 0.003861003861003861 2.995732273553991 0.011566533874725834
whenever 0.003861003861003861 2.995732273553991 0.011566533874725834
serialization 0.003861003861003861 1.7719568419318754 0.00684153220823118
of 0.007722007722007722 0.1165338162559516 8.998750290034873E-4
DOM 0.003861003861003861 1.7719568419318754 0.00684153220823118
element 0.003861003861003861 0.7339691750802005 0.0028338578188424734
fails 0.003861003861003861 2.995732273553991 0.011566533874725834
UncheckedIOException 0.003861003861003861 2.302585092994046 0.008890289934339947
UnsupportedMimeTypeException 0.003861003861003861 1.7719568419318754 0.00684153220823118
returned 0.003861003861003861 2.120263536200091 0.008186345699614251
mime 0.003861003861003861 1.9661128563728327 0.007591169329624837
type 0.003861003861003861 0.44628710262841953 0.0017231162263645543
supported 0.003861003861003861 1.6607312068216509 0.006412089601627996
Copyright 0.007722007722007722 0.06187540371808745 4.7780234531341663E-4
Jonathan 0.003861003861003861 0.0 0.0
Hedley 0.003861003861003861 0.0 0.0
All 0.007722007722007722 0.05129329438755048 3.960872153478802E-4
rights 0.007722007722007722 0.06187540371808745 4.7780234531341663E-4
reserved 0.007722007722007722 0.06187540371808745 4.7780234531341663E-4
Submit 0.003861003861003861 1.07880966137193 0.00416528826784529
bug 0.003861003861003861 1.1086626245216111 0.004280550673828615
or 0.007722007722007722 0.2613647641344075 0.0020182607269066217
feature 0.003861003861003861 1.1394342831883648 0.004399360166750443
For 0.011583011583011582 0.083381608939051 9.658101421511698E-4
further 0.003861003861003861 0.9416085398584451 0.0036355542079476643
reference 0.003861003861003861 0.843970070294529 0.0032585716999788765
developer 0.007722007722007722 1.07880966137193 0.00833057653569058
documentation 0.015444015444015444 0.9416085398584451 0.014542216831790657
see 0.007722007722007722 0.3566749439387324 0.0027542466713415628
SE 0.003861003861003861 1.1086626245216111 0.004280550673828615
Documentation 0.015444015444015444 0.9416085398584451 0.014542216831790657
That 0.015444015444015444 0.22314355131420976 0.0034462324527291086
contains 0.007722007722007722 0.5798184952529422 0.004477362897706117
more 0.003861003861003861 0.7339691750802005 0.0028338578188424734
detailed 0.003861003861003861 1.0498221244986776 0.00405336727605667
targeted 0.003861003861003861 1.171182981502945 0.0045219420135248845
descriptions 0.003861003861003861 1.0498221244986776 0.00405336727605667
with 0.003861003861003861 0.23572233352106994 9.101248398496909E-4
conceptual 0.003861003861003861 1.171182981502945 0.0045219420135248845
overviews 0.003861003861003861 1.171182981502945 0.0045219420135248845
definitions 0.003861003861003861 0.7765287894989963 0.002998180654436279
terms 0.007722007722007722 1.0216512475319812 0.007889198822640782
workarounds 0.003861003861003861 1.171182981502945 0.0045219420135248845
working 0.003861003861003861 0.9942522733438669 0.0038388118661925362
code 0.003861003861003861 0.5108256237659907 0.001972299705660196
examples 0.003861003861003861 0.7985076962177716 0.0030830412981381144
Oracle 0.003861003861003861 0.8915981192837835 0.0034424637810184693
its 0.003861003861003861 0.8675005677047231 0.003349423041330977
affiliates 0.003861003861003861 1.171182981502945 0.0045219420135248845
subject 0.003861003861003861 1.1394342831883648 0.004399360166750443
license 0.003861003861003861 1.1086626245216111 0.004280550673828615
Also 0.003861003861003861 0.5108256237659907 0.001972299705660196
redistribution 0.003861003861003861 1.171182981502945 0.0045219420135248845
policy 0.003861003861003861 1.0216512475319812 0.003944599411320391
Scripting 0.003861003861003861 1.0216512475319812 0.003944599411320391
on 0.003861003861003861 0.5447271754416719 0.002103193727574023
this 0.003861003861003861 0.3424903089467759 0.001322356405199907
page 0.007722007722007722 0.843970070294529 0.006517143399957753
tracks 0.003861003861003861 1.07880966137193 0.00416528826784529
traffic 0.003861003861003861 1.1086626245216111 0.004280550673828615
but 0.003861003861003861 0.8209805520698303 0.0031698090813506966
does 0.003861003861003861 0.7339691750802005 0.0028338578188424734
change 0.003861003861003861 0.9162907318741551 0.0035378020535681664
any 0.003861003861003861 0.5978370007556204 0.0023082509681684187
way 0.003861003861003861 1.1086626245216111 0.004280550673828615
