Uses 0.007380073800738007 0.9942522733438669 0.007337655153829276
of 0.007380073800738007 0.1165338162559516 8.600281642505653E-4
Package 0.02214022140221402 0.06187540371808745 0.0013699351376698329
org 0.04428044280442804 0.05129329438755048 0.002271289788378619
jsoup 0.06642066420664207 0.0 0.0
Java 0.0036900369003690036 0.010050335853501506 3.708611016052216E-5
HTML 0.007380073800738007 0.0 0.0
Parser 0.0036900369003690036 0.0 0.0
API 0.0036900369003690036 0.0 0.0
Skip 0.007380073800738007 0.06187540371808745 4.566450458899443E-4
navigation 0.007380073800738007 0.06187540371808745 4.566450458899443E-4
links 0.007380073800738007 0.0408219945202552 3.012693322528059E-4
Overview 0.007380073800738007 0.06187540371808745 4.566450458899443E-4
Class 0.02214022140221402 0.06187540371808745 0.0013699351376698329
Use 0.01107011070110701 0.010050335853501506 1.1125833048156648E-4
Tree 0.007380073800738007 0.0408219945202552 3.012693322528059E-4
Deprecated 0.007380073800738007 0.06187540371808745 4.566450458899443E-4
Index 0.007380073800738007 0.06187540371808745 4.566450458899443E-4
Help 0.007380073800738007 0.05129329438755048 3.7854829806310315E-4
Packages 0.0036900369003690036 0.9162907318741551 0.003381146612081753
that 0.0036900369003690036 0.22314355131420976 8.234079384288183E-4
use 0.01107011070110701 0.010050335853501506 1.1125833048156648E-4
Description 0.014760147601476014 0.24846135929849972 0.003667326336509221
Contains 0.0036900369003690036 0.5798184952529422 0.0021395516429997866
the 0.033210332103321034 0.10536051565782635 0.003499057715573569
main 0.0036900369003690036 1.2378743560016172 0.004567802051666484
Jsoup 0.06642066420664207 0.0 0.0
class 0.02214022140221402 0.06187540371808745 0.0013699351376698329
which 0.0036900369003690036 0.7550225842780328 0.002786061196597907
provides 0.0036900369003690036 0.843970070294529 0.0031142807021938335
convenient 0.014760147601476014 1.6094379124341003 0.02375554114293875
static 0.0036900369003690036 0.5621189181535412 0.002074239550382071
access 0.0036900369003690036 0.8675005677047231 0.003201109105921487
to 0.014760147601476014 0.17435338714477774 0.00257348172907421
functionality 0.0036900369003690036 1.0498221244986776 0.0038738823782239027
helper 0.007380073800738007 1.1086626245216111 0.008182011989089381
containing 0.0036900369003690036 1.171182981502945 0.004321708418830055
classes 0.014760147601476014 0.7133498878774648 0.010529149636567746
supporting 0.0036900369003690036 1.5606477482646683 0.005758847779574422
core 0.0036900369003690036 1.171182981502945 0.004321708418830055
code 0.0036900369003690036 0.5108256237659907 0.0018849654013505192
nodes 0.01107011070110701 0.7550225842780328 0.00835818358979372
document 0.0036900369003690036 0.40047756659712536 0.0014777769985133778
structure 0.0036900369003690036 1.4696759700589417 0.005423158561103106
Classes 0.014760147601476014 0.7133498878774648 0.010529149636567746
in 0.01107011070110701 0.1508228897345837 0.0016696260856226975
used 0.02214022140221402 0.6348782724359695 0.014056345515187516
by 0.01107011070110701 0.27443684570176036 0.0030380462623811107
Connection 0.06273062730627306 1.2039728043259361 0.07552596927505872
The 0.033210332103321034 0.10536051565782635 0.003499057715573569
interface 0.01107011070110701 0.653926467406664 0.007239038384575616
is 0.01107011070110701 0.22314355131420976 0.002470223815286455
a 0.03690036900369004 0.16251892949777494 0.005997008468552581
HTTP 0.033210332103321034 1.1394342831883648 0.037840990954595144
client 0.01107011070110701 2.207274913189721 0.02443477763678658
and 0.03690036900369004 0.09431067947124142 0.003480098873477543
session 0.01107011070110701 1.9661128563728327 0.021765086970916964
object 0.01107011070110701 0.43078291609245434 0.004768814569289162
fetch 0.01107011070110701 1.8971199848858813 0.021001328245969165
content 0.01107011070110701 0.44628710262841953 0.00494044763057291
from 0.01107011070110701 0.38566248081198473 0.004269326355852229
web 0.01107011070110701 0.8209805520698303 0.00908834559486897
parse 0.01107011070110701 1.4696759700589417 0.016269475683309317
them 0.01107011070110701 1.7719568419318754 0.01961575839776984
into 0.01107011070110701 0.8915981192837835 0.009870089881370296
Documents 0.01107011070110701 1.7147984280919266 0.018983008429061917
Base 0.007380073800738007 0.9162907318741551 0.006762293224163506
Common 0.007380073800738007 1.7719568419318754 0.013077172265179892
methods 0.014760147601476014 0.24846135929849972 0.003667326336509221
for 0.01845018450184502 0.083381608939051 0.001538406068986181
Requests 0.007380073800738007 1.5606477482646683 0.011517695559148843
Responses 0.007380073800738007 2.120263536200091 0.015647701374170413
KeyVal 0.01107011070110701 1.7147984280919266 0.018983008429061917
A 0.03690036900369004 0.16251892949777494 0.005997008468552581
Key 0.01107011070110701 0.7985076962177716 0.00883956859281666
Value 0.01107011070110701 0.5447271754416719 0.006030190134040648
tuple 0.01107011070110701 2.8134107167600364 0.031144768082214423
form 0.01107011070110701 0.9675840262617057 0.010711262283339915
data 0.01107011070110701 0.5978370007556204 0.006618121779582513
Method 0.007380073800738007 0.32850406697203605 0.002424384258096207
GET 0.007380073800738007 0.6733445532637655 0.004969332496411553
POST 0.007380073800738007 1.7719568419318754 0.013077172265179892
http 0.033210332103321034 1.1394342831883648 0.037840990954595144
Request 0.014760147601476014 1.2378743560016172 0.018271208206665935
Represents 0.014760147601476014 1.8971199848858813 0.028001770994625554
request 0.014760147601476014 1.2378743560016172 0.018271208206665935
Response 0.014760147601476014 1.2729656758128876 0.018789161266610885
response 0.014760147601476014 1.2729656758128876 0.018789161266610885
Copyright 0.0036900369003690036 0.06187540371808745 2.2832252294497214E-4
Jonathan 0.0036900369003690036 0.0 0.0
Hedley 0.0036900369003690036 0.0 0.0
All 0.0036900369003690036 0.05129329438755048 1.8927414903155158E-4
rights 0.0036900369003690036 0.06187540371808745 2.2832252294497214E-4
reserved 0.0036900369003690036 0.06187540371808745 2.2832252294497214E-4
