Uses 7.875566056310297E-4 0.9942522733438669 7.830299455356306E-4
of 0.03209293167946446 0.1165338162559516 0.00373991180344952
Class 0.013388462295727505 0.06187540371808745 8.284165097125314E-4
org 5.906674542232723E-4 0.05129329438755048 3.0297279614619302E-5
jsoup 0.0017720023626698169 0.0 0.0
Jsoup 0.0017720023626698169 0.0 0.0
Java 0.0015751132112620594 0.010050335853501506 1.5830416780470968E-5
HTML 7.875566056310297E-4 0.0 0.0
Parser 1.9688915140775743E-4 0.0 0.0
API 3.9377830281551486E-4 0.0 0.0
Skip 3.9377830281551486E-4 0.06187540371808745 2.4365191462133275E-5
navigation 5.906674542232723E-4 0.06187540371808745 3.6547787193199915E-5
links 3.9377830281551486E-4 0.0408219945202552 1.607481571973034E-5
Overview 5.906674542232723E-4 0.06187540371808745 3.6547787193199915E-5
Package 5.906674542232723E-4 0.06187540371808745 3.6547787193199915E-5
Use 0.0017720023626698169 0.010050335853501506 1.7809218878029838E-5
Tree 0.0011813349084465446 0.0408219945202552 4.822444715919102E-5
Deprecated 5.906674542232723E-4 0.06187540371808745 3.6547787193199915E-5
Index 5.906674542232723E-4 0.06187540371808745 3.6547787193199915E-5
Help 7.875566056310297E-4 0.05129329438755048 4.0396372819492405E-5
No 3.9377830281551486E-4 0.5798184952529422 2.2831994300174922E-4
usage 1.9688915140775743E-4 2.0402208285265546 4.0169734761302513E-4
Copyright 3.9377830281551486E-4 0.06187540371808745 2.4365191462133275E-5
Jonathan 1.9688915140775743E-4 0.0 0.0
Hedley 1.9688915140775743E-4 0.0 0.0
All 0.004922228785193936 0.05129329438755048 2.524773301218275E-4
rights 3.9377830281551486E-4 0.06187540371808745 2.4365191462133275E-5
reserved 3.9377830281551486E-4 0.06187540371808745 2.4365191462133275E-5
javax 0.009647568418980115 1.3093333199837622 0.01263188278779373
swing 0.014766686355581808 1.9661128563728327 0.029032971889734683
Provides 0.012600905690096476 0.843970070294529 0.010634787261045452
a 0.07068320535538491 0.16251892949777494 0.011487358867828548
set 0.0015751132112620594 0.4620354595965586 7.27758156482077E-4
lightweight 0.0043315613309706635 2.407945608651872 0.010430164085517066
all 0.004922228785193936 0.05129329438755048 2.524773301218275E-4
language 1.9688915140775743E-4 1.7719568419318754 3.488790789391367E-4
components 0.01614491041543611 2.120263536200091 0.03423146484906625
that 0.018901358535144713 0.22314355131420976 0.004217716268195341
to 0.022642252411892105 0.17435338714477774 0.003947753400600402
the 0.04508761567237645 0.10536051565782635 0.004750454437023476
maximum 3.9377830281551486E-4 1.9661128563728327 7.742125837262582E-4
degree 1.9688915140775743E-4 2.659260036932778 5.235794520442563E-4
possible 9.844457570387872E-4 1.7719568419318754 0.0017443953946956836
work 1.9688915140775743E-4 2.407945608651872 4.74098367523503E-4
same 0.0011813349084465446 0.9942522733438669 0.001174544918303446
on 0.004725339633786178 0.5447271754416719 0.0025740209117149295
platforms 1.9688915140775743E-4 2.5257286443082556 4.97288569464118E-4
border 3.9377830281551486E-4 2.120263536200091 8.349137768064938E-4
classes 0.005119117936601693 0.7133498878774648 0.003651722206106337
and 0.023823587320338648 0.09431067947124142 0.0022468187076235893
interface 0.00846623351053357 0.653926467406664 0.005536294171783138
for 0.02441425477456192 0.083381608939051 0.002035699844150881
drawing 1.9688915140775743E-4 3.2188758248682006 6.337617296452452E-4
specialized 3.9377830281551486E-4 2.120263536200091 8.349137768064938E-4
borders 3.9377830281551486E-4 2.995732273553991 0.0011796543703697542
around 3.9377830281551486E-4 2.0402208285265546 8.033946952260503E-4
Swing 0.014766686355581808 1.9661128563728327 0.029032971889734683
component 0.01220712738728096 1.4696759700589417 0.01794052178453522
colorchooser 3.9377830281551486E-4 2.5257286443082556 9.94577138928236E-4
Contains 5.906674542232723E-4 0.5798184952529422 3.424799145026238E-4
interfaces 9.844457570387872E-4 1.0216512475319812 0.0010057602358062427
used 0.01831069108092144 0.6348782724359695 0.01162505992056412
by 0.010435125024611145 0.27443684570176036 0.0028637827962577867
JColorChooser 0.001378224059854302 2.302585092994046 0.0031734781750262495
event 7.875566056310297E-4 1.6094379124341003 0.0012675234592904904
events 1.9688915140775743E-4 1.5606477482646683 3.07274610802258E-4
fired 1.9688915140775743E-4 2.659260036932778 5.235794520442563E-4
filechooser 3.9377830281551486E-4 2.5257286443082556 9.94577138928236E-4
JFileChooser 0.0017720023626698169 2.302585092994046 0.004080186225033749
plaf 0.002362669816893089 2.0402208285265546 0.004820368171356302
one 0.0025595589683008466 1.07880966137193 0.002761276943854123
many 0.0011813349084465446 1.7147984280919266 0.002025751244054255
abstract 7.875566056310297E-4 1.2729656758128876 0.0010025325267280076
uses 7.875566056310297E-4 0.9942522733438669 7.830299455356306E-4
provide 9.844457570387872E-4 1.3862943611198906 0.0013647316018112724
its 0.0021657806654853317 0.8675005677047231 0.0018788159568324382
pluggable 1.9688915140775743E-4 2.302585092994046 4.5335402500374994E-4
look 0.002756448119708604 1.9661128563728327 0.005419488086083808
feel 0.0025595589683008466 2.659260036932778 0.006806532876575332
capabilities 1.9688915140775743E-4 2.120263536200091 4.174568884032469E-4
basic 5.906674542232723E-4 1.4696759700589417 8.680897637678332E-4
user 0.006694231147863753 1.0216512475319812 0.00683916960348245
objects 0.0029533372711163615 1.3862943611198906 0.0040941948054338175
built 5.906674542232723E-4 2.120263536200091 0.0012523706652097406
according 5.906674542232723E-4 2.207274913189721 0.001303765453744667
Basic 5.906674542232723E-4 1.4696759700589417 8.680897637678332E-4
metal 5.906674542232723E-4 1.9661128563728327 0.0011613188755893874
once 5.906674542232723E-4 2.207274913189721 0.001303765453744667
codenamed 1.9688915140775743E-4 3.2188758248682006 6.337617296452452E-4
Metal 5.906674542232723E-4 1.9661128563728327 0.0011613188755893874
which 0.0019688915140775743 0.7550225842780328 0.001486557559121939
is 0.008072455207718056 0.22314355131420976 0.0018013163228750937
default 0.002362669816893089 1.0216512475319812 0.002413824565934982
multi 3.9377830281551486E-4 1.8325814637483102 7.216308185659816E-4
combine 1.9688915140775743E-4 2.8134107167600364 5.539300485843742E-4
two 0.0029533372711163615 1.4271163556401458 0.004214755923331795
or 0.010435125024611145 0.2613647641344075 0.0027273739907705454
more 0.0019688915140775743 0.7339691750802005 0.0014451056804099243
feels 1.9688915140775743E-4 2.659260036932778 5.235794520442563E-4
nimbus 5.906674542232723E-4 2.5257286443082556 0.001491865708392354
cross 1.9688915140775743E-4 2.5257286443082556 4.97288569464118E-4
platform 3.9377830281551486E-4 1.07880966137193 4.248118375160189E-4
Nimbus 5.906674542232723E-4 2.5257286443082556 0.001491865708392354
synth 5.906674542232723E-4 2.5257286443082556 0.001491865708392354
Synth 5.906674542232723E-4 2.5257286443082556 0.001491865708392354
skinnable 1.9688915140775743E-4 3.2188758248682006 6.337617296452452E-4
in 0.009844457570387872 0.1508228897345837 0.0014847695386353975
painting 5.906674542232723E-4 2.659260036932778 0.001570738356132769
delegated 1.9688915140775743E-4 3.2188758248682006 6.337617296452452E-4
table 0.0017720023626698169 1.5606477482646683 0.002765471497220322
dealing 3.9377830281551486E-4 2.8134107167600364 0.0011078600971687483
with 0.004528450482378421 0.23572233352106994 0.0010674569149408562
JTable 0.0019688915140775743 1.9661128563728327 0.003871062918631291
text 0.004134672179562906 1.1086626245216111 0.004583956510130702
deal 1.9688915140775743E-4 2.407945608651872 4.74098367523503E-4
editable 0.0011813349084465446 2.659260036932778 0.003141476712265538
noneditable 1.9688915140775743E-4 3.2188758248682006 6.337617296452452E-4
html 7.875566056310297E-4 0.0 0.0
class 0.013388462295727505 0.06187540371808745 8.284165097125314E-4
HTMLEditorKit 1.9688915140775743E-4 2.207274913189721 4.345884845815556E-4
supporting 1.9688915140775743E-4 1.5606477482646683 3.07274610802258E-4
creating 5.906674542232723E-4 1.8971199848858813 0.0011205670318286363
editors 3.9377830281551486E-4 2.995732273553991 0.0011796543703697542
tree 0.0011813349084465446 0.0408219945202552 4.822444715919102E-5
JTree 0.0025595589683008466 2.120263536200091 0.005426939549242209
Classes 0.005119117936601693 0.7133498878774648 0.003651722206106337
java 0.0015751132112620594 0.010050335853501506 1.5830416780470968E-5
awt 5.906674542232723E-4 1.9661128563728327 0.0011613188755893874
im 1.9688915140775743E-4 2.5257286443082556 4.97288569464118E-4
spi 1.9688915140775743E-4 1.7147984280919266 3.376252073423758E-4
Description 0.003150226422524119 0.24846135929849972 7.827095390383925E-4
JFrame 0.001378224059854302 2.407945608651872 0.003318688572664521
An 0.014963575506989565 0.4620354595965586 0.006913702486579731
extended 3.9377830281551486E-4 2.207274913189721 8.691769691631112E-4
version 9.844457570387872E-4 1.9661128563728327 0.0019355314593156455
Frame 0.001378224059854302 2.207274913189721 0.0030421193920708895
adds 5.906674542232723E-4 1.5606477482646683 9.218238324067739E-4
support 0.0035440047253396337 1.1394342831883648 0.004038160483833543
JFC 0.001378224059854302 2.8134107167600364 0.003877510340090619
architecture 3.9377830281551486E-4 1.8325814637483102 7.216308185659816E-4
AbstractButton 0.0011813349084465446 2.407945608651872 0.002844590205141018
Defines 0.002362669816893089 1.8971199848858813 0.004482268127314545
common 7.875566056310297E-4 1.7719568419318754 0.0013955163157565469
behaviors 7.875566056310297E-4 2.8134107167600364 0.0022157201943374966
buttons 0.0011813349084465446 2.659260036932778 0.003141476712265538
menu 0.006497341996455995 2.120263536200091 0.013776077317307147
items 0.0025595589683008466 2.659260036932778 0.006806532876575332
AccessibleAbstractButton 1.9688915140775743E-4 2.8134107167600364 5.539300485843742E-4
This 0.007284898602087025 0.3424903089467759 0.002495007172874721
implements 9.844457570387872E-4 0.6931471805599453 6.823658009056362E-4
accessibility 0.0015751132112620594 1.9661128563728327 0.003096850334905033
AbstractCellEditor 1.9688915140775743E-4 2.659260036932778 5.235794520442563E-4
A 0.07068320535538491 0.16251892949777494 0.011487358867828548
base 0.002756448119708604 0.9162907318741551 0.0025257078649809357
CellEditors 1.9688915140775743E-4 2.995732273553991 5.898271851848771E-4
providing 3.9377830281551486E-4 2.207274913189721 8.691769691631112E-4
implementations 0.0011813349084465446 1.8971199848858813 0.0022411340636572727
methods 0.0015751132112620594 0.24846135929849972 3.9135476951919626E-4
CellEditor 7.875566056310297E-4 2.302585092994046 0.0018134161000149997
except 0.0025595589683008466 2.407945608651872 0.006163278777805539
getCellEditorValue 1.9688915140775743E-4 2.995732273553991 5.898271851848771E-4
AbstractListModel 5.906674542232723E-4 2.659260036932778 0.001570738356132769
The 0.04508761567237645 0.10536051565782635 0.004750454437023476
definition 5.906674542232723E-4 2.0402208285265546 0.0012050920428390754
data 0.003740893876747391 0.5978370007556204 0.002236444775419726
model 0.0029533372711163615 1.6094379124341003 0.004753212972339339
provides 0.012600905690096476 0.843970070294529 0.010634787261045452
List 0.005119117936601693 0.653926467406664 0.0033475267085200365
contents 5.906674542232723E-4 1.1394342831883648 6.730267473055905E-4
AbstractSpinnerModel 1.9688915140775743E-4 2.659260036932778 5.235794520442563E-4
ChangeListener 1.9688915140775743E-4 2.407945608651872 4.74098367523503E-4
part 1.9688915140775743E-4 1.7147984280919266 3.376252073423758E-4
SpinnerModel 0.0011813349084465446 2.302585092994046 0.0027201241500224996
should 0.0021657806654853317 1.0498221244986776 0.002273684459437971
be 0.004922228785193936 0.47803580094299974 0.0023530015797548717
suitable 1.9688915140775743E-4 2.659260036932778 5.235794520442563E-4
most 0.0011813349084465446 1.8325814637483102 0.0021648924556979445
concrete 1.9688915140775743E-4 2.995732273553991 5.898271851848771E-4
Action 0.004134672179562906 2.0402208285265546 0.008435644299873528
useful 0.001378224059854302 1.9661128563728327 0.002709744043041904
extension 9.844457570387872E-4 2.120263536200091 0.0020872844420162344
ActionListener 9.844457570387872E-4 2.0402208285265546 0.002008486738065126
cases 9.844457570387872E-4 1.6607312068216509 0.0016348997901374787
where 0.001378224059854302 1.4271163556401458 0.0019668860975548376
functionality 9.844457570387872E-4 1.0498221244986776 0.0010334929361081686
may 9.844457570387872E-4 1.07880966137193 0.0010620295937900472
accessed 9.844457570387872E-4 2.995732273553991 0.0029491359259243856
several 9.844457570387872E-4 2.995732273553991 0.0029491359259243856
controls 0.0019688915140775743 1.7147984280919266 0.0033762520734237577
ActionMap 0.0015751132112620594 2.5257286443082556 0.003978308555712944
mappings 7.875566056310297E-4 2.659260036932778 0.0020943178081770254
from 0.002362669816893089 0.38566248081198473 9.111931029225865E-4
Objects 0.0029533372711163615 1.3862943611198906 0.0040941948054338175
called 7.875566056310297E-4 1.7719568419318754 0.0013955163157565469
keys 7.875566056310297E-4 1.7719568419318754 0.0013955163157565469
names 7.875566056310297E-4 1.6094379124341003 0.0012675234592904904
Actions 0.0011813349084465446 2.995732273553991 0.0035389631111092624
BoundedRangeModel 1.9688915140775743E-4 2.302585092994046 4.5335402500374994E-4
like 0.001378224059854302 1.171182981502945 0.001614152563599255
Sliders 1.9688915140775743E-4 3.506557897319982 6.904032087655014E-4
ProgressBars 1.9688915140775743E-4 3.506557897319982 6.904032087655014E-4
Box 0.0015751132112620594 2.5257286443082556 0.003978308555712944
container 0.003150226422524119 2.0402208285265546 0.006427157561808402
BoxLayout 3.9377830281551486E-4 2.5257286443082556 9.94577138928236E-4
object 0.004134672179562906 0.43078291609245434 0.0017811461385984525
as 0.005512896239417208 0.32850406697203605 0.0018110088354433961
layout 0.0011813349084465446 2.659260036932778 0.003141476712265538
manager 5.906674542232723E-4 2.120263536200091 0.0012523706652097406
ButtonGroup 1.9688915140775743E-4 2.5257286443082556 4.97288569464118E-4
create 5.906674542232723E-4 0.8915981192837835 5.266379913076098E-4
multiple 9.844457570387872E-4 2.120263536200091 0.0020872844420162344
exclusion 1.9688915140775743E-4 3.506557897319982 6.904032087655014E-4
scope 1.9688915140775743E-4 2.5257286443082556 4.97288569464118E-4
ButtonModel 1.9688915140775743E-4 2.302585092994046 4.5335402500374994E-4
State 0.001378224059854302 1.6607312068216509 0.0022888597061924702
defines 0.002362669816893089 1.8971199848858813 0.004482268127314545
any 0.0021657806654853317 0.5978370007556204 0.0012947838173482623
general 0.001378224059854302 2.5257286443082556 0.0034810199862488262
editor 0.001378224059854302 2.659260036932778 0.0036650561643097944
able 5.906674542232723E-4 2.8134107167600364 0.0016617901457531225
implement 0.0015751132112620594 1.7147984280919266 0.0027010016587390062
ComboBoxEditor 7.875566056310297E-4 2.302585092994046 0.0018134161000149997
JComboBox 0.0019688915140775743 2.302585092994046 0.004533540250037499
ComboBoxModel 7.875566056310297E-4 2.5257286443082556 0.001989154277856472
combo 5.906674542232723E-4 2.995732273553991 0.0017694815555546312
box 0.0015751132112620594 2.5257286443082556 0.003978308555712944
ComponentInputMap 7.875566056310297E-4 2.659260036932778 0.0020943178081770254
an 0.014963575506989565 0.4620354595965586 0.006913702486579731
InputMap 0.0011813349084465446 2.407945608651872 0.002844590205141018
associated 3.9377830281551486E-4 1.4271163556401458 5.619674564442393E-4
particular 0.0015751132112620594 2.0402208285265546 0.003213578780904201
JComponent 0.003937783028155149 2.207274913189721 0.008691769691631112
DefaultButtonModel 1.9688915140775743E-4 2.407945608651872 4.74098367523503E-4
implementation 0.004725339633786178 1.3470736479666094 0.00636538049836555
Button 0.002362669816893089 2.5257286443082556 0.005967462833569416
s 0.0015751132112620594 0.5447271754416719 8.580069705716432E-4
DefaultCellEditor 1.9688915140775743E-4 2.407945608651872 4.74098367523503E-4
EditorDelegate 3.9377830281551486E-4 2.659260036932778 0.0010471589040885127
protected 1.9688915140775743E-4 1.1394342831883648 2.2434224910186353E-4
DefaultListCellRenderer 3.9377830281551486E-4 2.8134107167600364 0.0011078600971687483
Renders 3.9377830281551486E-4 3.506557897319982 0.0013808064175310029
item 0.0015751132112620594 2.407945608651872 0.003792786940188024
list 0.005119117936601693 0.653926467406664 0.0033475267085200365
DefaultRowSorter 7.875566056310297E-4 2.302585092994046 0.0018134161000149997
ModelWrapper 3.9377830281551486E-4 2.659260036932778 0.0010471589040885127
responsible 1.9688915140775743E-4 2.659260036932778 5.235794520442563E-4
gets 1.9688915140775743E-4 2.0402208285265546 4.0169734761302513E-4
sorted 1.9688915140775743E-4 2.995732273553991 5.898271851848771E-4
DesktopManager 7.875566056310297E-4 2.302585092994046 0.0018134161000149997
are 0.003150226422524119 0.5447271754416719 0.0017160139411432863
owned 3.9377830281551486E-4 2.407945608651872 9.48196735047006E-4
JDesktopPane 7.875566056310297E-4 2.5257286443082556 0.001989154277856472
DropMode 3.9377830281551486E-4 2.5257286443082556 9.94577138928236E-4
Drop 0.0033471155739318763 1.8971199848858813 0.006349879847028939
modes 5.906674542232723E-4 2.302585092994046 0.0013600620750112498
determine 5.906674542232723E-4 1.8325814637483102 0.0010824462278489723
method 3.9377830281551486E-4 0.32850406697203605 1.2935777396024258E-4
tracks 5.906674542232723E-4 1.07880966137193 6.372177562740284E-4
indicates 5.906674542232723E-4 2.302585092994046 0.0013600620750112498
drop 0.0033471155739318763 1.8971199848858813 0.006349879847028939
location 0.0015751132112620594 1.7147984280919266 0.0027010016587390062
during 3.9377830281551486E-4 2.120263536200091 8.349137768064938E-4
drag 7.875566056310297E-4 2.659260036932778 0.0020943178081770254
FocusManager 1.9688915140775743E-4 2.302585092994046 4.5335402500374994E-4
has 5.906674542232723E-4 0.7550225842780328 4.459672677365817E-4
been 1.9688915140775743E-4 1.4271163556401458 2.8098372822211965E-4
obsoleted 1.9688915140775743E-4 3.506557897319982 6.904032087655014E-4
focus 5.906674542232723E-4 2.659260036932778 0.001570738356132769
APIs 1.9688915140775743E-4 2.120263536200091 4.174568884032469E-4
GroupLayout 9.844457570387872E-4 2.302585092994046 0.0022667701250187497
Alignment 1.9688915140775743E-4 2.120263536200091 4.174568884032469E-4
Enumeration 7.875566056310297E-4 2.302585092994046 0.0018134161000149997
ways 3.9377830281551486E-4 2.995732273553991 0.0011796543703697542
ParallelGroup 5.906674542232723E-4 2.5257286443082556 0.001491865708392354
can 0.002362669816893089 0.7339691750802005 0.0017341268164919091
align 1.9688915140775743E-4 2.995732273553991 5.898271851848771E-4
children 3.9377830281551486E-4 2.407945608651872 9.48196735047006E-4
Group 0.001378224059854302 2.120263536200091 0.002922198218822728
basis 7.875566056310297E-4 2.407945608651872 0.001896393470094012
types 1.9688915140775743E-4 1.6094379124341003 3.168808648226226E-4
operations 1.9688915140775743E-4 1.6607312068216509 3.2697995802749574E-4
supported 3.9377830281551486E-4 1.6607312068216509 6.539599160549915E-4
laying 1.9688915140775743E-4 3.912023005428146 7.702348898263725E-4
out 5.906674542232723E-4 0.9675840262617057 5.715203935391055E-4
after 3.9377830281551486E-4 1.5606477482646683 6.14549221604516E-4
another 3.9377830281551486E-4 1.6607312068216509 6.539599160549915E-4
SequentialGroup 3.9377830281551486E-4 2.659260036932778 0.0010471589040885127
aligned 1.9688915140775743E-4 3.2188758248682006 6.337617296452452E-4
aligns 1.9688915140775743E-4 3.912023005428146 7.702348898263725E-4
sizes 3.9377830281551486E-4 2.5257286443082556 9.94577138928236E-4
it 0.0011813349084465446 0.47803580094299974 5.647203791411692E-4
positions 1.9688915140775743E-4 3.506557897319982 6.904032087655014E-4
elements 1.9688915140775743E-4 0.8675005677047231 1.7080145062113074E-4
sequentially 1.9688915140775743E-4 3.912023005428146 7.702348898263725E-4
Icon 0.003937783028155149 2.0402208285265546 0.008033946952260503
small 0.0033471155739318763 1.9661128563728327 0.006580806961673195
fixed 0.002362669816893089 2.995732273553991 0.007077926222218525
size 0.003150226422524119 1.3862943611198906 0.004367141125796072
picture 0.002362669816893089 3.506557897319982 0.008284838505186017
typically 0.0029533372711163615 1.8971199848858813 0.005602835159143182
decorate 0.002362669816893089 3.506557897319982 0.008284838505186017
binding 3.9377830281551486E-4 2.207274913189721 8.691769691631112E-4
between 0.0021657806654853317 1.7147984280919266 0.0037138772807661334
input 0.001378224059854302 1.0216512475319812 0.0014080643301287396
currently 3.9377830281551486E-4 2.407945608651872 9.48196735047006E-4
only 0.001378224059854302 0.843970070294529 0.0011631798566768463
KeyStrokes 3.9377830281551486E-4 2.995732273553991 0.0011796543703697542
Object 0.004134672179562906 0.43078291609245434 0.0017811461385984525
InputVerifier 1.9688915140775743E-4 2.659260036932778 5.235794520442563E-4
purpose 9.844457570387872E-4 2.207274913189721 0.002172942422907778
this 0.007284898602087025 0.3424903089467759 0.002495007172874721
help 7.875566056310297E-4 0.05129329438755048 4.0396372819492405E-5
clients 1.9688915140775743E-4 2.995732273553991 5.898271851848771E-4
smooth 1.9688915140775743E-4 3.506557897319982 6.904032087655014E-4
through 3.9377830281551486E-4 1.2378743560016172 4.874480630051653E-4
GUIs 1.9688915140775743E-4 3.506557897319982 6.904032087655014E-4
fields 1.9688915140775743E-4 1.1086626245216111 2.1828364333955722E-4
InternalFrameFocusTraversalPolicy 1.9688915140775743E-4 2.659260036932778 5.235794520442563E-4
FocusTraversalPolicy 3.9377830281551486E-4 2.407945608651872 9.48196735047006E-4
optionally 1.9688915140775743E-4 2.659260036932778 5.235794520442563E-4
algorithm 1.9688915140775743E-4 2.407945608651872 4.74098367523503E-4
determining 1.9688915140775743E-4 2.995732273553991 5.898271851848771E-4
JInternalFrame 0.0029533372711163615 2.302585092994046 0.006800310375056249
initial 3.9377830281551486E-4 2.407945608651872 9.48196735047006E-4
Component 0.01220712738728096 1.4696759700589417 0.01794052178453522
JButton 9.844457570387872E-4 2.5257286443082556 0.00248644284732059
push 9.844457570387872E-4 3.506557897319982 0.003452016043827507
button 0.002362669816893089 2.5257286443082556 0.005967462833569416
JCheckBox 1.9688915140775743E-4 2.8134107167600364 5.539300485843742E-4
check 1.9688915140775743E-4 1.3093333199837622 2.577935262815047E-4
selected 3.9377830281551486E-4 2.120263536200091 8.349137768064938E-4
deselected 1.9688915140775743E-4 3.506557897319982 6.904032087655014E-4
displays 0.0035440047253396337 2.995732273553991 0.010616889333327788
state 0.001378224059854302 1.6607312068216509 0.0022888597061924702
pane 5.906674542232723E-4 2.995732273553991 0.0017694815555546312
designed 5.906674542232723E-4 1.8971199848858813 0.0011205670318286363
allow 7.875566056310297E-4 1.2729656758128876 0.0010025325267280076
manipulate 5.906674542232723E-4 2.302585092994046 0.0013600620750112498
select 0.0025595589683008466 1.5606477482646683 0.003994569940429354
color 5.906674542232723E-4 2.120263536200091 0.0012523706652097406
combines 9.844457570387872E-4 2.995732273553991 0.0029491359259243856
field 0.001378224059854302 1.1394342831883648 0.0015703957437130445
down 9.844457570387872E-4 2.995732273553991 0.0029491359259243856
KeySelectionManager 3.9377830281551486E-4 2.5257286443082556 9.94577138928236E-4
top 0.0029533372711163615 2.5257286443082556 0.007459328541961771
level 0.002362669816893089 1.7147984280919266 0.00405150248810851
containers 0.002362669816893089 2.8134107167600364 0.00664716058301249
AccessibleJComponent 5.906674542232723E-4 2.659260036932778 0.001570738356132769
Inner 5.906674542232723E-4 3.2188758248682006 0.0019012851889357357
document 3.9377830281551486E-4 0.40047756659712536 1.5769937649030334E-4
virtual 3.9377830281551486E-4 1.9661128563728327 7.742125837262582E-4
desktop 3.9377830281551486E-4 2.120263536200091 8.349137768064938E-4
JDialog 0.0011813349084465446 2.407945608651872 0.002844590205141018
main 1.9688915140775743E-4 1.2378743560016172 2.4372403150258265E-4
dialog 7.875566056310297E-4 2.207274913189721 0.0017383539383262225
window 0.0021657806654853317 1.9661128563728327 0.0042581692104944205
JEditorPane 9.844457570387872E-4 2.207274913189721 0.002172942422907778
edit 0.0011813349084465446 2.995732273553991 0.0035389631111092624
various 7.875566056310297E-4 2.659260036932778 0.0020943178081770254
kinds 5.906674542232723E-4 2.995732273553991 0.0017694815555546312
content 7.875566056310297E-4 0.44628710262841953 3.514763556829451E-4
AccessibleJEditorPane 1.9688915140775743E-4 3.2188758248682006 6.337617296452452E-4
JFormattedTextField 0.0025595589683008466 2.659260036932778 0.006806532876575332
extends 3.9377830281551486E-4 0.653926467406664 2.5750205450154125E-4
JTextField 0.0019688915140775743 2.407945608651872 0.00474098367523503
adding 3.9377830281551486E-4 2.407945608651872 9.48196735047006E-4
formatting 3.9377830281551486E-4 2.659260036932778 0.0010471589040885127
arbitrary 3.9377830281551486E-4 2.407945608651872 9.48196735047006E-4
values 0.002362669816893089 1.0216512475319812 0.002413824565934982
well 5.906674542232723E-4 1.7719568419318754 0.00104663723681741
retrieving 3.9377830281551486E-4 3.506557897319982 0.0013808064175310029
edited 3.9377830281551486E-4 2.659260036932778 0.0010471589040885127
AbstractFormatter 0.0011813349084465446 2.659260036932778 0.003141476712265538
Instances 0.0015751132112620594 2.0402208285265546 0.003213578780904201
handle 5.906674542232723E-4 2.407945608651872 0.001422295102570509
conversion 3.9377830281551486E-4 2.120263536200091 8.349137768064938E-4
both 0.0015751132112620594 1.6094379124341003 0.002535046918580981
String 0.0019688915140775743 0.4155154439616658 8.181048315842996E-4
back 3.9377830281551486E-4 1.7719568419318754 6.977581578782734E-4
AbstractFormatterFactory 7.875566056310297E-4 2.659260036932778 0.0020943178081770254
obtain 5.906674542232723E-4 2.120263536200091 0.0012523706652097406
instances 0.0015751132112620594 2.0402208285265546 0.003213578780904201
turn 3.9377830281551486E-4 2.995732273553991 0.0011796543703697542
format 3.9377830281551486E-4 1.4696759700589417 5.787265091785554E-4
features 9.844457570387872E-4 2.120263536200091 0.0020872844420162344
native 9.844457570387872E-4 2.302585092994046 0.0022667701250187497
frame 0.001378224059854302 2.207274913189721 0.0030421193920708895
including 9.844457570387872E-4 1.0498221244986776 0.0010334929361081686
dragging 9.844457570387872E-4 3.506557897319982 0.003452016043827507
closing 0.001378224059854302 2.659260036932778 0.0036650561643097944
becoming 9.844457570387872E-4 3.506557897319982 0.003452016043827507
icon 0.003937783028155149 2.0402208285265546 0.008033946952260503
resizing 9.844457570387872E-4 2.995732273553991 0.0029491359259243856
title 0.0015751132112620594 1.8971199848858813 0.0029881787515430303
display 0.004134672179562906 2.407945608651872 0.009956065717993564
bar 0.001378224059854302 2.407945608651872 0.003318688572664521
JDesktopIcon 3.9377830281551486E-4 2.8134107167600364 0.0011078600971687483
represents 0.0019688915140775743 1.8971199848858813 0.003735223439428788
iconified 3.9377830281551486E-4 3.506557897319982 0.0013808064175310029
JLabel 0.0011813349084465446 2.5257286443082556 0.002983731416784708
area 0.0011813349084465446 2.302585092994046 0.0027201241500224996
short 0.0011813349084465446 2.407945608651872 0.002844590205141018
string 0.0019688915140775743 0.4155154439616658 8.181048315842996E-4
image 0.0011813349084465446 1.7147984280919266 0.002025751244054255
JLayeredPane 3.9377830281551486E-4 2.5257286443082556 9.94577138928236E-4
depth 1.9688915140775743E-4 2.995732273553991 5.898271851848771E-4
allowing 5.906674542232723E-4 2.407945608651872 0.001422295102570509
overlap 1.9688915140775743E-4 3.506557897319982 6.904032087655014E-4
each 9.844457570387872E-4 1.5606477482646683 0.00153637305401129
other 9.844457570387872E-4 0.8915981192837835 8.777299855126831E-4
when 7.875566056310297E-4 0.843970070294529 6.646742038153408E-4
needed 1.9688915140775743E-4 2.659260036932778 5.235794520442563E-4
JList 0.002756448119708604 2.120263536200091 0.005844396437645456
allows 0.0019688915140775743 1.9661128563728327 0.003871062918631291
DropLocation 0.0019688915140775743 2.5257286443082556 0.00497288569464118
subclass 7.875566056310297E-4 2.302585092994046 0.0018134161000149997
TransferHandler 0.0015751132112620594 2.5257286443082556 0.003978308555712944
representing 7.875566056310297E-4 2.659260036932778 0.0020943178081770254
JMenu 7.875566056310297E-4 2.302585092994046 0.0018134161000149997
popup 0.002362669816893089 2.302585092994046 0.005440248300044999
containing 5.906674542232723E-4 1.171182981502945 6.917796701139664E-4
JMenuItems 5.906674542232723E-4 3.506557897319982 0.0020712096262965043
displayed 5.906674542232723E-4 2.8134107167600364 0.0016617901457531225
selects 5.906674542232723E-4 2.5257286443082556 0.001491865708392354
JMenuBar 9.844457570387872E-4 2.302585092994046 0.0022667701250187497
WinListener 1.9688915140775743E-4 2.8134107167600364 5.539300485843742E-4
listener 3.9377830281551486E-4 2.302585092994046 9.067080500074999E-4
watches 1.9688915140775743E-4 2.5257286443082556 4.97288569464118E-4
JMenuItem 7.875566056310297E-4 2.5257286443082556 0.001989154277856472
AccessibleJMenuItem 1.9688915140775743E-4 3.2188758248682006 6.337617296452452E-4
JPanel 0.0019688915140775743 2.8134107167600364 0.005539300485843742
generic 9.844457570387872E-4 2.207274913189721 0.002172942422907778
JPopupMenu 9.844457570387872E-4 2.302585092994046 0.0022667701250187497
pops 9.844457570387872E-4 3.506557897319982 0.003452016043827507
up 0.002756448119708604 1.4271163556401458 0.003933772195109675
series 9.844457570387872E-4 2.407945608651872 0.002370491837617515
choices 9.844457570387872E-4 2.120263536200091 0.0020872844420162344
JRootPane 9.844457570387872E-4 2.207274913189721 0.002172942422907778
behind 5.906674542232723E-4 2.995732273553991 0.0017694815555546312
scenes 5.906674542232723E-4 3.506557897319982 0.0020712096262965043
JWindow 9.844457570387872E-4 2.407945608651872 0.002370491837617515
JApplet 9.844457570387872E-4 2.407945608651872 0.002370491837617515
JScrollBar 3.9377830281551486E-4 2.5257286443082556 9.94577138928236E-4
scrollbar 3.9377830281551486E-4 2.302585092994046 9.067080500074999E-4
JScrollPane 0.002362669816893089 2.5257286443082556 0.005967462833569416
scrollable 0.001378224059854302 2.120263536200091 0.002922198218822728
view 0.001378224059854302 1.4271163556401458 0.0019668860975548376
JSeparator 0.0015751132112620594 2.8134107167600364 0.004431440388674993
implementing 7.875566056310297E-4 2.407945608651872 0.001896393470094012
divider 0.0015751132112620594 2.995732273553991 0.004718617481479017
lines 7.875566056310297E-4 2.659260036932778 0.0020943178081770254
commonly 0.0011813349084465446 2.995732273553991 0.0035389631111092624
breaks 7.875566056310297E-4 3.506557897319982 0.0027616128350620057
them 0.0017720023626698169 1.7719568419318754 0.0031399117104522305
into 0.0017720023626698169 0.8915981192837835 0.0015799139739228296
logical 7.875566056310297E-4 2.659260036932778 0.0020943178081770254
groupings 7.875566056310297E-4 2.995732273553991 0.0023593087407395084
JSpinner 5.906674542232723E-4 2.407945608651872 0.001422295102570509
single 0.0015751132112620594 1.4696759700589417 0.0023149060367142218
line 9.844457570387872E-4 2.0402208285265546 0.002008486738065126
lets 0.0015751132112620594 2.8134107167600364 0.004431440388674993
number 5.906674542232723E-4 1.2378743560016172 7.311720945077479E-4
value 0.0025595589683008466 0.5447271754416719 0.00139426132717892
ordered 3.9377830281551486E-4 2.995732273553991 0.0011796543703697542
sequence 5.906674542232723E-4 2.120263536200091 0.0012523706652097406
DefaultEditor 1.9688915140775743E-4 2.5257286443082556 4.97288569464118E-4
simple 0.0011813349084465446 1.4271163556401458 0.001685902369332718
read 1.9688915140775743E-4 1.2729656758128876 2.506331316820019E-4
current 7.875566056310297E-4 1.5606477482646683 0.001229098443209032
regular 5.906674542232723E-4 2.407945608651872 0.001422295102570509
dimensional 5.906674542232723E-4 2.659260036932778 0.001570738356132769
tables 5.906674542232723E-4 2.207274913189721 0.001303765453744667
cells 0.001378224059854302 2.995732273553991 0.00412879029629414
PrintMode 1.9688915140775743E-4 2.5257286443082556 4.97288569464118E-4
Printing 3.9377830281551486E-4 1.8325814637483102 7.216308185659816E-4
printing 3.9377830281551486E-4 1.8325814637483102 7.216308185659816E-4
JTables 1.9688915140775743E-4 3.506557897319982 6.904032087655014E-4
editing 5.906674542232723E-4 2.8134107167600364 0.0016617901457531225
AccessibleJTextField 1.9688915140775743E-4 3.2188758248682006 6.337617296452452E-4
JToggleButton 5.906674542232723E-4 2.659260036932778 0.001570738356132769
AccessibleJToggleButton 1.9688915140775743E-4 3.2188758248682006 6.337617296452452E-4
JToolTip 1.9688915140775743E-4 2.659260036932778 5.235794520442563E-4
Used 0.01831069108092144 0.6348782724359695 0.01162505992056412
Tip 1.9688915140775743E-4 2.995732273553991 5.898271851848771E-4
control 0.0011813349084465446 1.3470736479666094 0.0015913451245913874
hierarchical 9.844457570387872E-4 3.506557897319982 0.003452016043827507
outline 9.844457570387872E-4 2.407945608651872 0.002370491837617515
EmptySelectionModel 3.9377830281551486E-4 2.407945608651872 9.48196735047006E-4
TreeSelectionModel 1.9688915140775743E-4 2.407945608651872 4.74098367523503E-4
does 3.9377830281551486E-4 0.7339691750802005 2.8902113608198486E-4
not 7.875566056310297E-4 0.3424903089467759 2.6973050517564555E-4
anything 1.9688915140775743E-4 2.659260036932778 5.235794520442563E-4
TreeSelectionRedirector 1.9688915140775743E-4 2.995732273553991 5.898271851848771E-4
Handles 1.9688915140775743E-4 3.2188758248682006 6.337617296452452E-4
new 1.9688915140775743E-4 0.616186139423817 1.2132036610037743E-4
TreeSelectionEvent 1.9688915140775743E-4 2.659260036932778 5.235794520442563E-4
source 1.9688915140775743E-4 1.07880966137193 2.1240591875800946E-4
passing 1.9688915140775743E-4 2.995732273553991 5.898271851848771E-4
off 1.9688915140775743E-4 2.5257286443082556 4.97288569464118E-4
listeners 1.9688915140775743E-4 2.659260036932778 5.235794520442563E-4
JViewport 3.9377830281551486E-4 2.207274913189721 8.691769691631112E-4
viewport 1.9688915140775743E-4 2.995732273553991 5.898271851848771E-4
porthole 1.9688915140775743E-4 3.506557897319982 6.904032087655014E-4
you 3.9377830281551486E-4 0.9162907318741551 3.608154092829908E-4
see 5.906674542232723E-4 0.3566749439387324 2.1067628112151943E-4
underlying 1.9688915140775743E-4 2.207274913189721 4.345884845815556E-4
information 0.0019688915140775743 1.3470736479666094 0.002652241874318979
ViewListener 1.9688915140775743E-4 2.995732273553991 5.898271851848771E-4
KeyStroke 0.0011813349084465446 2.302585092994046 0.0027201241500224996
key 7.875566056310297E-4 0.7985076962177716 6.288700108035216E-4
action 0.004134672179562906 2.0402208285265546 0.008435644299873528
keyboard 5.906674542232723E-4 2.995732273553991 0.0017694815555546312
equivalent 5.906674542232723E-4 2.659260036932778 0.001570738356132769
device 5.906674542232723E-4 2.995732273553991 0.0017694815555546312
LayoutStyle 9.844457570387872E-4 2.302585092994046 0.0022667701250187497
about 0.0011813349084465446 1.4696759700589417 0.0017361795275356664
how 3.9377830281551486E-4 1.2039728043259361 4.740983675235031E-4
position 0.0011813349084465446 2.120263536200091 0.0025047413304194813
ComponentPlacement 3.9377830281551486E-4 2.302585092994046 9.067080500074999E-4
enumeration 7.875566056310297E-4 2.302585092994046 0.0018134161000149997
placed 9.844457570387872E-4 2.995732273553991 0.0029491359259243856
relative 1.9688915140775743E-4 1.7719568419318754 3.488790789391367E-4
ListCellRenderer 7.875566056310297E-4 2.5257286443082556 0.001989154277856472
Identifies 7.875566056310297E-4 2.5257286443082556 0.001989154277856472
rubber 7.875566056310297E-4 3.506557897319982 0.0027616128350620057
stamps 7.875566056310297E-4 3.506557897319982 0.0027616128350620057
paint 7.875566056310297E-4 2.5257286443082556 0.001989154277856472
ListModel 5.906674542232723E-4 2.302585092994046 0.0013600620750112498
use 0.0017720023626698169 0.010050335853501506 1.7809218878029838E-5
get 7.875566056310297E-4 0.6733445532637655 5.302969507885532E-4
cell 9.844457570387872E-4 2.659260036932778 0.0026178972602212817
length 5.906674542232723E-4 2.995732273553991 0.0017694815555546312
ListSelectionModel 5.906674542232723E-4 2.302585092994046 0.0013600620750112498
selection 0.001378224059854302 2.8134107167600364 0.003877510340090619
stable 5.906674542232723E-4 3.506557897319982 0.0020712096262965043
indices 5.906674542232723E-4 2.995732273553991 0.0017694815555546312
LookAndFeel 0.0025595589683008466 2.302585092994046 0.005893602325048749
name 0.001378224059854302 0.6931471805599453 9.553121212678907E-4
implies 0.001378224059854302 2.995732273553991 0.00412879029629414
encapsulates 0.001378224059854302 2.659260036932778 0.0036650561643097944
MenuElement 7.875566056310297E-4 2.5257286443082556 0.001989154277856472
Any 0.0021657806654853317 0.5978370007556204 0.0012947838173482623
MenuSelectionManager 0.0011813349084465446 2.302585092994046 0.0027201241500224996
owns 5.906674542232723E-4 3.506557897319982 0.0020712096262965043
hierarchy 0.0011813349084465446 1.5606477482646683 0.0018436476648135479
MutableComboBoxModel 1.9688915140775743E-4 2.302585092994046 4.5335402500374994E-4
mutable 1.9688915140775743E-4 3.506557897319982 6.904032087655014E-4
Popup 0.002362669816893089 2.302585092994046 0.005440248300044999
Popups 7.875566056310297E-4 3.506557897319982 0.0027616128350620057
Components 0.01614491041543611 2.120263536200091 0.03423146484906625
containment 5.906674542232723E-4 3.506557897319982 0.0020712096262965043
PopupFactory 3.9377830281551486E-4 2.5257286443082556 9.94577138928236E-4
ProgressMonitor 1.9688915140775743E-4 2.302585092994046 4.5335402500374994E-4
monitor 1.9688915140775743E-4 2.0402208285265546 4.0169734761302513E-4
progress 3.9377830281551486E-4 2.995732273553991 0.0011796543703697542
some 5.906674542232723E-4 2.0402208285265546 0.0012050920428390754
operation 3.9377830281551486E-4 1.6094379124341003 6.337617296452452E-4
RepaintManager 1.9688915140775743E-4 2.302585092994046 4.5335402500374994E-4
manages 3.9377830281551486E-4 3.506557897319982 0.0013808064175310029
repaint 3.9377830281551486E-4 3.506557897319982 0.0013808064175310029
requests 3.9377830281551486E-4 1.5606477482646683 6.14549221604516E-4
repaints 1.9688915140775743E-4 3.506557897319982 6.904032087655014E-4
minimized 1.9688915140775743E-4 3.506557897319982 6.904032087655014E-4
example 1.9688915140775743E-4 1.0498221244986776 2.066985872216337E-4
collapsing 1.9688915140775743E-4 3.506557897319982 6.904032087655014E-4
members 1.9688915140775743E-4 2.995732273553991 5.898271851848771E-4
RootPaneContainer 3.9377830281551486E-4 2.5257286443082556 9.94577138928236E-4
implemented 3.9377830281551486E-4 1.0498221244986776 4.133971744432674E-4
have 3.9377830281551486E-4 0.9416085398584451 3.7078501274205356E-4
child 3.9377830281551486E-4 2.207274913189721 8.691769691631112E-4
RowFilter 9.844457570387872E-4 2.302585092994046 0.0022667701250187497
filter 3.9377830281551486E-4 1.9661128563728327 7.742125837262582E-4
entries 1.9688915140775743E-4 2.407945608651872 4.74098367523503E-4
so 1.9688915140775743E-4 1.3093333199837622 2.577935262815047E-4
they 1.9688915140775743E-4 1.2729656758128876 2.506331316820019E-4
shown 3.9377830281551486E-4 2.995732273553991 0.0011796543703697542
ComparisonType 1.9688915140775743E-4 2.5257286443082556 4.97288569464118E-4
comparison 1.9688915140775743E-4 3.506557897319982 6.904032087655014E-4
RowFilters 1.9688915140775743E-4 3.506557897319982 6.904032087655014E-4
Entry 9.844457570387872E-4 1.6607312068216509 0.0016348997901374787
passed 1.9688915140775743E-4 2.995732273553991 5.898271851848771E-4
entry 9.844457570387872E-4 1.6607312068216509 0.0016348997901374787
thus 1.9688915140775743E-4 2.407945608651872 4.74098367523503E-4
whether 1.9688915140775743E-4 1.6607312068216509 3.2697995802749574E-4
RowSorter 0.0015751132112620594 2.302585092994046 0.0036268322000299995
sorting 9.844457570387872E-4 2.995732273553991 0.0029491359259243856
filtering 7.875566056310297E-4 2.120263536200091 0.0016698275536129875
SortKey 3.9377830281551486E-4 2.5257286443082556 9.94577138928236E-4
describes 1.9688915140775743E-4 2.302585092994046 4.5335402500374994E-4
sort 3.9377830281551486E-4 2.659260036932778 0.0010471589040885127
order 3.9377830281551486E-4 1.2378743560016172 4.874480630051653E-4
column 1.9688915140775743E-4 2.207274913189721 4.345884845815556E-4
Scrollable 0.001378224059854302 2.120263536200091 0.002922198218822728
scrolling 5.906674542232723E-4 2.995732273553991 0.0017694815555546312
ScrollPaneConstants 7.875566056310297E-4 2.5257286443082556 0.001989154277856472
Constants 0.0025595589683008466 2.207274913189721 0.005649650299560223
ScrollPaneLayout 1.9688915140775743E-4 2.120263536200091 4.174568884032469E-4
SingleSelectionModel 1.9688915140775743E-4 2.302585092994046 4.5335402500374994E-4
supports 1.9688915140775743E-4 1.5606477482646683 3.07274610802258E-4
at 5.906674542232723E-4 1.4271163556401458 8.42951184666359E-4
indexed 1.9688915140775743E-4 3.506557897319982 6.904032087655014E-4
SizeRequirements 5.906674542232723E-4 2.302585092994046 0.0013600620750112498
For 0.02441425477456192 0.083381608939051 0.002035699844150881
convenience 5.906674542232723E-4 2.659260036932778 0.001570738356132769
managers 5.906674542232723E-4 2.659260036932778 0.001570738356132769
calculates 5.906674542232723E-4 2.120263536200091 0.0012523706652097406
SortingFocusTraversalPolicy 1.9688915140775743E-4 2.407945608651872 4.74098367523503E-4
determines 1.9688915140775743E-4 1.8971199848858813 3.735223439428788E-4
traversal 3.9377830281551486E-4 1.8325814637483102 7.216308185659816E-4
cycle 1.9688915140775743E-4 3.506557897319982 6.904032087655014E-4
based 3.9377830281551486E-4 1.2729656758128876 5.012662633640038E-4
given 7.875566056310297E-4 2.120263536200091 0.0016698275536129875
Comparator 1.9688915140775743E-4 2.8134107167600364 5.539300485843742E-4
SortOrder 3.9377830281551486E-4 2.5257286443082556 9.94577138928236E-4
orderings 1.9688915140775743E-4 3.506557897319982 6.904032087655014E-4
SpinnerDateModel 1.9688915140775743E-4 2.8134107167600364 5.539300485843742E-4
sequences 3.9377830281551486E-4 2.407945608651872 9.48196735047006E-4
Dates 1.9688915140775743E-4 2.995732273553991 5.898271851848771E-4
SpinnerListModel 1.9688915140775743E-4 2.8134107167600364 5.539300485843742E-4
whose 1.9688915140775743E-4 2.407945608651872 4.74098367523503E-4
defined 1.9688915140775743E-4 1.1394342831883648 2.2434224910186353E-4
array 1.9688915140775743E-4 1.7719568419318754 3.488790789391367E-4
potentially 1.9688915140775743E-4 2.995732273553991 5.898271851848771E-4
unbounded 1.9688915140775743E-4 3.506557897319982 6.904032087655014E-4
SpinnerNumberModel 1.9688915140775743E-4 2.8134107167600364 5.539300485843742E-4
numbers 1.9688915140775743E-4 2.5257286443082556 4.97288569464118E-4
Spring 3.9377830281551486E-4 2.5257286443082556 9.94577138928236E-4
instance 1.9688915140775743E-4 1.7719568419318754 3.488790789391367E-4
holds 3.9377830281551486E-4 2.407945608651872 9.48196735047006E-4
three 1.9688915140775743E-4 2.407945608651872 4.74098367523503E-4
properties 1.9688915140775743E-4 1.7719568419318754 3.488790789391367E-4
characterize 1.9688915140775743E-4 3.506557897319982 6.904032087655014E-4
behavior 1.9688915140775743E-4 2.407945608651872 4.74098367523503E-4
minimum 1.9688915140775743E-4 2.995732273553991 5.898271851848771E-4
preferred 1.9688915140775743E-4 2.407945608651872 4.74098367523503E-4
SpringLayout 3.9377830281551486E-4 2.302585092994046 9.067080500074999E-4
Constraints 5.906674542232723E-4 2.120263536200091 0.0012523706652097406
constraints 5.906674542232723E-4 2.120263536200091 0.0012523706652097406
govern 1.9688915140775743E-4 3.506557897319982 6.904032087655014E-4
way 3.9377830281551486E-4 1.1086626245216111 4.3656728667911443E-4
change 3.9377830281551486E-4 0.9162907318741551 3.608154092829908E-4
controlled 1.9688915140775743E-4 3.506557897319982 6.904032087655014E-4
SwingConstants 0.0015751132112620594 2.5257286443082556 0.003978308555712944
collection 0.0015751132112620594 1.4696759700589417 0.0023149060367142218
constants 0.0025595589683008466 2.207274913189721 0.005649650299560223
generally 0.0015751132112620594 1.3470736479666094 0.0021217934994551832
positioning 0.0015751132112620594 3.506557897319982 0.0055232256701240115
orienting 0.0015751132112620594 3.506557897319982 0.0055232256701240115
screen 0.0015751132112620594 2.995732273553991 0.004718617481479017
SwingWorker 1.9688915140775743E-4 2.302585092994046 4.5335402500374994E-4
StateValue 1.9688915140775743E-4 2.5257286443082556 4.97288569464118E-4
Values 0.002362669816893089 1.0216512475319812 0.002413824565934982
bound 1.9688915140775743E-4 2.5257286443082556 4.97288569464118E-4
property 1.9688915140775743E-4 1.8325814637483102 3.608154092829908E-4
ToolTipManager 1.9688915140775743E-4 2.302585092994046 4.5335402500374994E-4
Manages 3.9377830281551486E-4 3.506557897319982 0.0013808064175310029
ToolTips 1.9688915140775743E-4 3.506557897319982 6.904032087655014E-4
system 3.9377830281551486E-4 1.2378743560016172 4.874480630051653E-4
transfer 3.9377830281551486E-4 2.302585092994046 9.067080500074999E-4
Transferable 1.9688915140775743E-4 2.5257286443082556 4.97288569464118E-4
Represents 0.0019688915140775743 1.8971199848858813 0.003735223439428788
dropped 3.9377830281551486E-4 3.506557897319982 0.0013808064175310029
inserted 7.875566056310297E-4 3.506557897319982 0.0027616128350620057
TransferSupport 1.9688915140775743E-4 2.5257286443082556 4.97288569464118E-4
relevant 1.9688915140775743E-4 3.506557897319982 6.904032087655014E-4
details 1.9688915140775743E-4 0.7550225842780328 1.486557559121939E-4
clipboard 1.9688915140775743E-4 2.5257286443082556 4.97288569464118E-4
also 3.9377830281551486E-4 0.5108256237659907 2.0115204716124855E-4
customizing 1.9688915140775743E-4 2.995732273553991 5.898271851848771E-4
aspects 1.9688915140775743E-4 3.506557897319982 6.904032087655014E-4
experience 1.9688915140775743E-4 2.207274913189721 4.345884845815556E-4
UIDefaults 0.001378224059854302 2.302585092994046 0.0031734781750262495
defaults 0.001378224059854302 2.0402208285265546 0.002811881433291176
LazyValue 1.9688915140775743E-4 2.5257286443082556 4.97288569464118E-4
enables 3.9377830281551486E-4 2.207274913189721 8.691769691631112E-4
store 1.9688915140775743E-4 1.6094379124341003 3.168808648226226E-4
isn 1.9688915140775743E-4 3.506557897319982 6.904032087655014E-4
t 1.9688915140775743E-4 1.2729656758128876 2.506331316820019E-4
constructed 1.9688915140775743E-4 3.506557897319982 6.904032087655014E-4
until 1.9688915140775743E-4 1.7719568419318754 3.488790789391367E-4
first 1.9688915140775743E-4 1.6094379124341003 3.168808648226226E-4
time 1.9688915140775743E-4 1.3470736479666094 2.652241874318979E-4
looked 1.9688915140775743E-4 3.506557897319982 6.904032087655014E-4
getXXX 1.9688915140775743E-4 3.506557897319982 6.904032087655014E-4
UIManager 1.9688915140775743E-4 2.120263536200091 4.174568884032469E-4
LookAndFeelInfo 1.9688915140775743E-4 2.5257286443082556 4.97288569464118E-4
little 1.9688915140775743E-4 3.506557897319982 6.904032087655014E-4
installed 1.9688915140775743E-4 2.659260036932778 5.235794520442563E-4
sake 1.9688915140775743E-4 3.506557897319982 6.904032087655014E-4
configuring 1.9688915140775743E-4 3.2188758248682006 6.337617296452452E-4
application 1.9688915140775743E-4 1.3093333199837622 2.577935262815047E-4
UnsupportedLookAndFeelException 1.9688915140775743E-4 2.5257286443082556 4.97288569464118E-4
exception 1.9688915140775743E-4 1.4271163556401458 2.8098372822211965E-4
requested 1.9688915140775743E-4 2.659260036932778 5.235794520442563E-4
management 1.9688915140775743E-4 1.6094379124341003 3.168808648226226E-4
present 1.9688915140775743E-4 1.7719568419318754 3.488790789391367E-4
WindowConstants 1.9688915140775743E-4 2.5257286443082556 4.97288569464118E-4
mechanism 7.875566056310297E-4 2.0402208285265546 0.0016067893904521005
choose 7.875566056310297E-4 3.506557897319982 0.0027616128350620057
file 7.875566056310297E-4 0.8915981192837835 7.021839884101465E-4
JLayer 3.9377830281551486E-4 2.5257286443082556 9.94577138928236E-4
universal 1.9688915140775743E-4 3.2188758248682006 6.337617296452452E-4
decorator 1.9688915140775743E-4 3.506557897319982 6.904032087655014E-4
advanced 1.9688915140775743E-4 2.302585092994046 4.5335402500374994E-4
effects 1.9688915140775743E-4 2.995732273553991 5.898271851848771E-4
receive 1.9688915140775743E-4 2.659260036932778 5.235794520442563E-4
notifications 1.9688915140775743E-4 2.120263536200091 4.174568884032469E-4
AWTEvents 1.9688915140775743E-4 2.995732273553991 5.898271851848771E-4
generated 1.9688915140775743E-4 1.7719568419318754 3.488790789391367E-4
within 7.875566056310297E-4 1.8325814637483102 0.0014432616371319632
JOptionPane 0.0011813349084465446 2.8134107167600364 0.003323580291506245
makes 5.906674542232723E-4 1.8971199848858813 0.0011205670318286363
easy 5.906674542232723E-4 2.8134107167600364 0.0016617901457531225
pop 5.906674542232723E-4 2.995732273553991 0.0017694815555546312
standard 7.875566056310297E-4 1.1394342831883648 8.973689964074541E-4
prompts 5.906674542232723E-4 3.506557897319982 0.0020712096262965043
users 5.906674542232723E-4 2.120263536200091 0.0012523706652097406
informs 5.906674542232723E-4 2.995732273553991 0.0017694815555546312
something 5.906674542232723E-4 2.8134107167600364 0.0016617901457531225
JSplitPane 0.0015751132112620594 2.407945608651872 0.003792786940188024
divide 7.875566056310297E-4 3.506557897319982 0.0027616128350620057
JTabbedPane 5.906674542232723E-4 2.407945608651872 0.001422295102570509
switch 5.906674542232723E-4 2.8134107167600364 0.0016617901457531225
group 0.001378224059854302 2.120263536200091 0.002922198218822728
clicking 5.906674542232723E-4 2.995732273553991 0.0017694815555546312
tab 5.906674542232723E-4 2.995732273553991 0.0017694815555546312
AbstractAction 7.875566056310297E-4 2.5257286443082556 0.001989154277856472
laid 1.9688915140775743E-4 3.506557897319982 6.904032087655014E-4
either 1.9688915140775743E-4 1.8971199848858813 3.735223439428788E-4
vertically 1.9688915140775743E-4 3.506557897319982 6.904032087655014E-4
horizontally 1.9688915140775743E-4 3.506557897319982 6.904032087655014E-4
CellRendererPane 3.9377830281551486E-4 2.5257286443082556 9.94577138928236E-4
renderers 3.9377830281551486E-4 3.506557897319982 0.0013808064175310029
JProgressBar 1.9688915140775743E-4 2.5257286443082556 4.97288569464118E-4
visually 1.9688915140775743E-4 3.506557897319982 6.904032087655014E-4
task 1.9688915140775743E-4 2.995732273553991 5.898271851848771E-4
JSlider 5.906674542232723E-4 2.407945608651872 0.001422295102570509
graphically 5.906674542232723E-4 3.506557897319982 0.0020712096262965043
sliding 5.906674542232723E-4 3.506557897319982 0.0020712096262965043
knob 5.906674542232723E-4 3.506557897319982 0.0020712096262965043
bounded 5.906674542232723E-4 2.659260036932778 0.001570738356132769
interval 5.906674542232723E-4 2.995732273553991 0.0017694815555546312
JToolBar 7.875566056310297E-4 2.407945608651872 0.001896393470094012
displaying 3.9377830281551486E-4 3.506557897319982 0.0013808064175310029
Timer 3.9377830281551486E-4 2.120263536200091 8.349137768064938E-4
Fires 3.9377830281551486E-4 2.659260036932778 0.0010471589040885127
ActionEvents 3.9377830281551486E-4 2.995732273553991 0.0011796543703697542
specified 3.9377830281551486E-4 0.9675840262617057 3.8101359569273703E-4
intervals 3.9377830281551486E-4 3.506557897319982 0.0013808064175310029
Painter 1.9688915140775743E-4 2.302585092994046 4.5335402500374994E-4
delegate 1.9688915140775743E-4 2.5257286443082556 4.97288569464118E-4
grid 1.9688915140775743E-4 2.995732273553991 5.898271851848771E-4
DefaultListSelectionModel 1.9688915140775743E-4 2.407945608651872 4.74098367523503E-4
Default 0.002362669816893089 1.0216512475319812 0.002413824565934982
selections 1.9688915140775743E-4 2.995732273553991 5.898271851848771E-4
Platform 3.9377830281551486E-4 1.07880966137193 4.248118375160189E-4
Standard 7.875566056310297E-4 1.1394342831883648 8.973689964074541E-4
Ed 1.9688915140775743E-4 1.2729656758128876 2.506331316820019E-4
Prev 1.9688915140775743E-4 1.2729656758128876 2.506331316820019E-4
Next 1.9688915140775743E-4 1.171182981502945 2.3059322337132214E-4
Frames 3.9377830281551486E-4 1.3470736479666094 5.304483748637958E-4
Submit 1.9688915140775743E-4 1.07880966137193 2.1240591875800946E-4
bug 1.9688915140775743E-4 1.1086626245216111 2.1828364333955722E-4
feature 1.9688915140775743E-4 1.1394342831883648 2.2434224910186353E-4
further 1.9688915140775743E-4 0.9416085398584451 1.8539250637102678E-4
reference 1.9688915140775743E-4 0.843970070294529 1.661685509538352E-4
developer 3.9377830281551486E-4 1.07880966137193 4.248118375160189E-4
documentation 7.875566056310297E-4 0.9416085398584451 7.415700254841071E-4
SE 1.9688915140775743E-4 1.1086626245216111 2.1828364333955722E-4
Documentation 7.875566056310297E-4 0.9416085398584451 7.415700254841071E-4
That 0.018901358535144713 0.22314355131420976 0.004217716268195341
contains 5.906674542232723E-4 0.5798184952529422 3.424799145026238E-4
detailed 1.9688915140775743E-4 1.0498221244986776 2.066985872216337E-4
targeted 1.9688915140775743E-4 1.171182981502945 2.3059322337132214E-4
descriptions 1.9688915140775743E-4 1.0498221244986776 2.066985872216337E-4
conceptual 1.9688915140775743E-4 1.171182981502945 2.3059322337132214E-4
overviews 1.9688915140775743E-4 1.171182981502945 2.3059322337132214E-4
definitions 1.9688915140775743E-4 0.7765287894989963 1.5289009440815047E-4
terms 3.9377830281551486E-4 1.0216512475319812 4.0230409432249705E-4
workarounds 1.9688915140775743E-4 1.171182981502945 2.3059322337132214E-4
working 1.9688915140775743E-4 0.9942522733438669 1.9575748638390764E-4
code 1.9688915140775743E-4 0.5108256237659907 1.0057602358062428E-4
examples 1.9688915140775743E-4 0.7985076962177716 1.572175027008804E-4
Oracle 1.9688915140775743E-4 0.8915981192837835 1.7554599710253662E-4
affiliates 1.9688915140775743E-4 1.171182981502945 2.3059322337132214E-4
subject 1.9688915140775743E-4 1.1394342831883648 2.2434224910186353E-4
license 1.9688915140775743E-4 1.1086626245216111 2.1828364333955722E-4
Also 3.9377830281551486E-4 0.5108256237659907 2.0115204716124855E-4
redistribution 1.9688915140775743E-4 1.171182981502945 2.3059322337132214E-4
policy 1.9688915140775743E-4 1.0216512475319812 2.0115204716124853E-4
Scripting 1.9688915140775743E-4 1.0216512475319812 2.0115204716124853E-4
page 3.9377830281551486E-4 0.843970070294529 3.323371019076704E-4
web 1.9688915140775743E-4 0.8209805520698303 1.6164216421930112E-4
traffic 1.9688915140775743E-4 1.1086626245216111 2.1828364333955722E-4
but 1.9688915140775743E-4 0.8209805520698303 1.6164216421930112E-4
so 0.0025157232704402514 0.5108256237659907 0.0012850959088452597
redistribution 0.0012578616352201257 1.171182981502945 0.0014731861402552768
policy 0.0012578616352201257 1.0216512475319812 0.0012850959088452592
Scripting 0.0012578616352201257 1.0216512475319812 0.0012850959088452592
page 0.0012578616352201257 0.843970070294529 0.0010615975726975208
web 0.0012578616352201257 0.8209805520698303 0.0010326799397104784
traffic 0.0012578616352201257 1.1086626245216111 0.0013945441817881901
but 0.0012578616352201257 0.8209805520698303 0.0010326799397104784
