Uses 0.0025157232704402514 0.9942522733438669 0.0025012635807392875
of 0.0012578616352201257 0.1165338162559516 1.4658341667415296E-4
Class 0.0025157232704402514 0.06187540371808745 1.5566139300147785E-4
org 0.0012578616352201257 0.05129329438755048 6.451986715415154E-5
jsoup 0.0025157232704402514 0.0 0.0
Jsoup 0.0025157232704402514 0.0 0.0
Java 0.0025157232704402514 0.010050335853501506 2.5283863782393724E-5
HTML 0.0025157232704402514 0.0 0.0
Parser 0.0012578616352201257 0.0 0.0
API 0.0012578616352201257 0.0 0.0
Skip 0.0012578616352201257 0.06187540371808745 7.783069650073892E-5
navigation 0.0012578616352201257 0.06187540371808745 7.783069650073892E-5
links 0.0012578616352201257 0.0408219945202552 5.1348420780195216E-5
Overview 0.0012578616352201257 0.06187540371808745 7.783069650073892E-5
Package 0.0012578616352201257 0.06187540371808745 7.783069650073892E-5
Use 0.0025157232704402514 0.010050335853501506 2.5283863782393724E-5
Tree 0.0025157232704402514 0.0408219945202552 1.0269684156039043E-4
Deprecated 0.0012578616352201257 0.06187540371808745 7.783069650073892E-5
Index 0.0012578616352201257 0.06187540371808745 7.783069650073892E-5
Help 0.0025157232704402514 0.05129329438755048 1.2903973430830308E-4
No 0.0012578616352201257 0.5798184952529422 7.293314405697385E-4
usage 0.0012578616352201257 2.0402208285265546 0.0025663155075805718
Copyright 0.0012578616352201257 0.06187540371808745 7.783069650073892E-5
Jonathan 0.0012578616352201257 0.0 0.0
Hedley 0.0012578616352201257 0.0 0.0
All 0.0025157232704402514 0.05129329438755048 1.2903973430830308E-4
rights 0.0012578616352201257 0.06187540371808745 7.783069650073892E-5
reserved 0.0012578616352201257 0.06187540371808745 7.783069650073892E-5
javax 0.0012578616352201257 1.3093333199837622 0.0016469601509229712
swing 0.0025157232704402514 1.9661128563728327 0.004946195865088887
Provides 0.0025157232704402514 0.843970070294529 0.0021231951453950415
a 0.0025157232704402514 0.16251892949777494 4.08852652824591E-4
set 0.0012578616352201257 0.4620354595965586 5.811766787378095E-4
lightweight 0.0012578616352201257 2.407945608651872 0.0030288624008199642
all 0.0025157232704402514 0.05129329438755048 1.2903973430830308E-4
language 0.0012578616352201257 1.7719568419318754 0.0022288765307319188
components 0.0025157232704402514 2.120263536200091 0.005333996317484505
that 0.0025157232704402514 0.22314355131420976 5.613674246898358E-4
to 0.0012578616352201257 0.17435338714477774 2.1931243666009777E-4
the 0.0025157232704402514 0.10536051565782635 2.6505790102597824E-4
maximum 0.0012578616352201257 1.9661128563728327 0.0024730979325444436
degree 0.0012578616352201257 2.659260036932778 0.003344981178531796
possible 0.0012578616352201257 1.7719568419318754 0.0022288765307319188
work 0.0012578616352201257 2.407945608651872 0.0030288624008199642
same 0.0012578616352201257 0.9942522733438669 0.0012506317903696437
on 0.0012578616352201257 0.5447271754416719 6.851914156499018E-4
platforms 0.0012578616352201257 2.5257286443082556 0.0031770171626518936
border 0.0012578616352201257 2.120263536200091 0.0026669981587422527
classes 0.0025157232704402514 0.7133498878774648 0.0017945909128992824
and 0.0012578616352201257 0.09431067947124142 1.1862978549841687E-4
interface 0.0012578616352201257 0.653926467406664 8.225490156058666E-4
for 0.0025157232704402514 0.083381608939051 2.0976505393471948E-4
drawing 0.0012578616352201257 3.2188758248682006 0.004048900408639246
specialized 0.0012578616352201257 2.120263536200091 0.0026669981587422527
borders 0.0012578616352201257 2.995732273553991 0.0037682166962943278
around 0.0012578616352201257 2.0402208285265546 0.0025663155075805718
Swing 0.0025157232704402514 1.9661128563728327 0.004946195865088887
component 0.0025157232704402514 1.4696759700589417 0.0036972980378841298
colorchooser 0.0012578616352201257 2.5257286443082556 0.0031770171626518936
Contains 0.0025157232704402514 0.5798184952529422 0.001458662881139477
interfaces 0.0012578616352201257 1.0216512475319812 0.0012850959088452592
used 0.0025157232704402514 0.6348782724359695 0.0015971780438640741
by 0.0012578616352201257 0.27443684570176036 3.452035794990696E-4
JColorChooser 0.0012578616352201257 2.302585092994046 0.002896333450306976
event 0.0012578616352201257 1.6094379124341003 0.002024450204319623
events 0.0012578616352201257 1.5606477482646683 0.0019630789286348028
fired 0.0012578616352201257 2.659260036932778 0.003344981178531796
filechooser 0.0012578616352201257 2.5257286443082556 0.0031770171626518936
JFileChooser 0.0012578616352201257 2.302585092994046 0.002896333450306976
plaf 0.0012578616352201257 2.0402208285265546 0.0025663155075805718
one 0.0012578616352201257 1.07880966137193 0.001356993284744566
many 0.0012578616352201257 1.7147984280919266 0.002156979154832612
abstract 0.0012578616352201257 1.2729656758128876 0.0016012146865570912
uses 0.0025157232704402514 0.9942522733438669 0.0025012635807392875
provide 0.0012578616352201257 1.3862943611198906 0.001743766491974705
its 0.0012578616352201257 0.8675005677047231 0.0010911956826474504
pluggable 0.0012578616352201257 2.302585092994046 0.002896333450306976
look 0.0012578616352201257 1.9661128563728327 0.0024730979325444436
feel 0.0012578616352201257 2.659260036932778 0.003344981178531796
capabilities 0.0012578616352201257 2.120263536200091 0.0026669981587422527
basic 0.0025157232704402514 1.4696759700589417 0.0036972980378841298
user 0.0012578616352201257 1.0216512475319812 0.0012850959088452592
objects 0.0025157232704402514 1.3862943611198906 0.00348753298394941
built 0.0012578616352201257 2.120263536200091 0.0026669981587422527
according 0.0012578616352201257 2.207274913189721 0.002776446431685184
Basic 0.0025157232704402514 1.4696759700589417 0.0036972980378841298
metal 0.0025157232704402514 1.9661128563728327 0.004946195865088887
once 0.0012578616352201257 2.207274913189721 0.002776446431685184
codenamed 0.0012578616352201257 3.2188758248682006 0.004048900408639246
Metal 0.0025157232704402514 1.9661128563728327 0.004946195865088887
which 0.0012578616352201257 0.7550225842780328 9.497139424880915E-4
is 0.0012578616352201257 0.22314355131420976 2.806837123449179E-4
default 0.0025157232704402514 1.0216512475319812 0.0025701918176905185
multi 0.0012578616352201257 1.8325814637483102 0.002305133916664541
combine 0.0012578616352201257 2.8134107167600364 0.0035388814047296055
two 0.0012578616352201257 1.4271163556401458 0.0017951149127549003
or 0.0012578616352201257 0.2613647641344075 3.287607096030283E-4
more 0.0012578616352201257 0.7339691750802005 9.232316667675478E-4
feels 0.0012578616352201257 2.659260036932778 0.003344981178531796
nimbus 0.0025157232704402514 2.5257286443082556 0.006354034325303787
cross 0.0012578616352201257 2.5257286443082556 0.0031770171626518936
platform 0.0025157232704402514 1.07880966137193 0.002713986569489132
Nimbus 0.0025157232704402514 2.5257286443082556 0.006354034325303787
synth 0.0025157232704402514 2.5257286443082556 0.006354034325303787
Synth 0.0025157232704402514 2.5257286443082556 0.006354034325303787
skinnable 0.0012578616352201257 3.2188758248682006 0.004048900408639246
in 0.0012578616352201257 0.1508228897345837 1.8971432671016815E-4
painting 0.0012578616352201257 2.659260036932778 0.003344981178531796
delegated 0.0012578616352201257 3.2188758248682006 0.004048900408639246
table 0.0012578616352201257 1.5606477482646683 0.0019630789286348028
dealing 0.0012578616352201257 2.8134107167600364 0.0035388814047296055
with 0.0012578616352201257 0.23572233352106994 2.965060799007169E-4
JTable 0.0012578616352201257 1.9661128563728327 0.0024730979325444436
text 0.0012578616352201257 1.1086626245216111 0.0013945441817881901
deal 0.0012578616352201257 2.407945608651872 0.0030288624008199642
editable 0.0012578616352201257 2.659260036932778 0.003344981178531796
noneditable 0.0012578616352201257 3.2188758248682006 0.004048900408639246
html 0.0025157232704402514 0.0 0.0
class 0.0025157232704402514 0.06187540371808745 1.5566139300147785E-4
HTMLEditorKit 0.0012578616352201257 2.207274913189721 0.002776446431685184
supporting 0.0012578616352201257 1.5606477482646683 0.0019630789286348028
creating 0.0012578616352201257 1.8971199848858813 0.002386314446397335
editors 0.0012578616352201257 2.995732273553991 0.0037682166962943278
tree 0.0025157232704402514 0.0408219945202552 1.0269684156039043E-4
JTree 0.0012578616352201257 2.120263536200091 0.0026669981587422527
Classes 0.0025157232704402514 0.7133498878774648 0.0017945909128992824
java 0.0025157232704402514 0.010050335853501506 2.5283863782393724E-5
awt 0.0012578616352201257 1.9661128563728327 0.0024730979325444436
im 0.0012578616352201257 2.5257286443082556 0.0031770171626518936
spi 0.0012578616352201257 1.7147984280919266 0.002156979154832612
Description 0.0012578616352201257 0.24846135929849972 3.1253001169622606E-4
JFrame 0.0012578616352201257 2.407945608651872 0.0030288624008199642
An 0.0025157232704402514 0.4620354595965586 0.001162353357475619
extended 0.0012578616352201257 2.207274913189721 0.002776446431685184
version 0.0012578616352201257 1.9661128563728327 0.0024730979325444436
Frame 0.0025157232704402514 2.207274913189721 0.005552892863370368
adds 0.0012578616352201257 1.5606477482646683 0.0019630789286348028
support 0.0012578616352201257 1.1394342831883648 0.0014332506706771883
JFC 0.0012578616352201257 2.8134107167600364 0.0035388814047296055
architecture 0.0012578616352201257 1.8325814637483102 0.002305133916664541
AbstractButton 0.0012578616352201257 2.407945608651872 0.0030288624008199642
Defines 0.0025157232704402514 1.8971199848858813 0.00477262889279467
common 0.0012578616352201257 1.7719568419318754 0.0022288765307319188
behaviors 0.0012578616352201257 2.8134107167600364 0.0035388814047296055
buttons 0.0012578616352201257 2.659260036932778 0.003344981178531796
menu 0.0012578616352201257 2.120263536200091 0.0026669981587422527
items 0.0012578616352201257 2.659260036932778 0.003344981178531796
AccessibleAbstractButton 0.0012578616352201257 2.8134107167600364 0.0035388814047296055
This 0.0025157232704402514 0.3424903089467759 8.616108401176751E-4
implements 0.0012578616352201257 0.6931471805599453 8.718832459873525E-4
accessibility 0.0012578616352201257 1.9661128563728327 0.0024730979325444436
AbstractCellEditor 0.0012578616352201257 2.659260036932778 0.003344981178531796
A 0.0025157232704402514 0.16251892949777494 4.08852652824591E-4
base 0.0012578616352201257 0.9162907318741551 0.0011525669583322706
CellEditors 0.0012578616352201257 2.995732273553991 0.0037682166962943278
providing 0.0012578616352201257 2.207274913189721 0.002776446431685184
implementations 0.0012578616352201257 1.8971199848858813 0.002386314446397335
methods 0.0012578616352201257 0.24846135929849972 3.1253001169622606E-4
CellEditor 0.0012578616352201257 2.302585092994046 0.002896333450306976
except 0.0012578616352201257 2.407945608651872 0.0030288624008199642
getCellEditorValue 0.0012578616352201257 2.995732273553991 0.0037682166962943278
AbstractListModel 0.0012578616352201257 2.659260036932778 0.003344981178531796
The 0.0025157232704402514 0.10536051565782635 2.6505790102597824E-4
definition 0.0012578616352201257 2.0402208285265546 0.0025663155075805718
data 0.0012578616352201257 0.5978370007556204 7.519962273655602E-4
model 0.0012578616352201257 1.6094379124341003 0.002024450204319623
provides 0.0025157232704402514 0.843970070294529 0.0021231951453950415
List 0.0025157232704402514 0.653926467406664 0.0016450980312117333
contents 0.0012578616352201257 1.1394342831883648 0.0014332506706771883
AbstractSpinnerModel 0.0012578616352201257 2.659260036932778 0.003344981178531796
ChangeListener 0.0012578616352201257 2.407945608651872 0.0030288624008199642
part 0.0012578616352201257 1.7147984280919266 0.002156979154832612
SpinnerModel 0.0012578616352201257 2.302585092994046 0.002896333450306976
should 0.0012578616352201257 1.0498221244986776 0.001320530974212173
be 0.0012578616352201257 0.47803580094299974 6.013028942679242E-4
suitable 0.0012578616352201257 2.659260036932778 0.003344981178531796
most 0.0012578616352201257 1.8325814637483102 0.002305133916664541
concrete 0.0012578616352201257 2.995732273553991 0.0037682166962943278
Action 0.0025157232704402514 2.0402208285265546 0.0051326310151611435
useful 0.0012578616352201257 1.9661128563728327 0.0024730979325444436
extension 0.0012578616352201257 2.120263536200091 0.0026669981587422527
ActionListener 0.0012578616352201257 2.0402208285265546 0.0025663155075805718
cases 0.0012578616352201257 1.6607312068216509 0.0020889700714737747
where 0.0012578616352201257 1.4271163556401458 0.0017951149127549003
functionality 0.0012578616352201257 1.0498221244986776 0.001320530974212173
may 0.0012578616352201257 1.07880966137193 0.001356993284744566
accessed 0.0012578616352201257 2.995732273553991 0.0037682166962943278
several 0.0012578616352201257 2.995732273553991 0.0037682166962943278
controls 0.0012578616352201257 1.7147984280919266 0.002156979154832612
ActionMap 0.0012578616352201257 2.5257286443082556 0.0031770171626518936
mappings 0.0012578616352201257 2.659260036932778 0.003344981178531796
from 0.0012578616352201257 0.38566248081198473 4.851100387572135E-4
Objects 0.0025157232704402514 1.3862943611198906 0.00348753298394941
called 0.0012578616352201257 1.7719568419318754 0.0022288765307319188
keys 0.0012578616352201257 1.7719568419318754 0.0022288765307319188
names 0.0012578616352201257 1.6094379124341003 0.002024450204319623
Actions 0.0012578616352201257 2.995732273553991 0.0037682166962943278
BoundedRangeModel 0.0012578616352201257 2.302585092994046 0.002896333450306976
like 0.0012578616352201257 1.171182981502945 0.0014731861402552768
Sliders 0.0012578616352201257 3.506557897319982 0.004410764650716958
ProgressBars 0.0012578616352201257 3.506557897319982 0.004410764650716958
Box 0.0025157232704402514 2.5257286443082556 0.006354034325303787
container 0.0012578616352201257 2.0402208285265546 0.0025663155075805718
BoxLayout 0.0012578616352201257 2.5257286443082556 0.0031770171626518936
object 0.0025157232704402514 0.43078291609245434 0.0010837306065218976
as 0.0012578616352201257 0.32850406697203605 4.1321266285790695E-4
layout 0.0012578616352201257 2.659260036932778 0.003344981178531796
manager 0.0012578616352201257 2.120263536200091 0.0026669981587422527
ButtonGroup 0.0012578616352201257 2.5257286443082556 0.0031770171626518936
create 0.0012578616352201257 0.8915981192837835 0.0011215070682814886
multiple 0.0012578616352201257 2.120263536200091 0.0026669981587422527
exclusion 0.0012578616352201257 3.506557897319982 0.004410764650716958
scope 0.0012578616352201257 2.5257286443082556 0.0031770171626518936
ButtonModel 0.0012578616352201257 2.302585092994046 0.002896333450306976
State 0.0025157232704402514 1.6607312068216509 0.004177940142947549
defines 0.0025157232704402514 1.8971199848858813 0.00477262889279467
any 0.0025157232704402514 0.5978370007556204 0.0015039924547311204
general 0.0012578616352201257 2.5257286443082556 0.0031770171626518936
editor 0.0012578616352201257 2.659260036932778 0.003344981178531796
able 0.0012578616352201257 2.8134107167600364 0.0035388814047296055
implement 0.0012578616352201257 1.7147984280919266 0.002156979154832612
ComboBoxEditor 0.0012578616352201257 2.302585092994046 0.002896333450306976
JComboBox 0.0012578616352201257 2.302585092994046 0.002896333450306976
ComboBoxModel 0.0012578616352201257 2.5257286443082556 0.0031770171626518936
combo 0.0012578616352201257 2.995732273553991 0.0037682166962943278
box 0.0025157232704402514 2.5257286443082556 0.006354034325303787
ComponentInputMap 0.0012578616352201257 2.659260036932778 0.003344981178531796
an 0.0025157232704402514 0.4620354595965586 0.001162353357475619
InputMap 0.0012578616352201257 2.407945608651872 0.0030288624008199642
associated 0.0012578616352201257 1.4271163556401458 0.0017951149127549003
particular 0.0012578616352201257 2.0402208285265546 0.0025663155075805718
JComponent 0.0012578616352201257 2.207274913189721 0.002776446431685184
DefaultButtonModel 0.0012578616352201257 2.407945608651872 0.0030288624008199642
implementation 0.0012578616352201257 1.3470736479666094 0.0016944322615932194
Button 0.0025157232704402514 2.5257286443082556 0.006354034325303787
s 0.0012578616352201257 0.5447271754416719 6.851914156499018E-4
DefaultCellEditor 0.0012578616352201257 2.407945608651872 0.0030288624008199642
EditorDelegate 0.0012578616352201257 2.659260036932778 0.003344981178531796
protected 0.0012578616352201257 1.1394342831883648 0.0014332506706771883
DefaultListCellRenderer 0.0012578616352201257 2.8134107167600364 0.0035388814047296055
Renders 0.0012578616352201257 3.506557897319982 0.004410764650716958
item 0.0012578616352201257 2.407945608651872 0.0030288624008199642
list 0.0025157232704402514 0.653926467406664 0.0016450980312117333
DefaultRowSorter 0.0012578616352201257 2.302585092994046 0.002896333450306976
ModelWrapper 0.0012578616352201257 2.659260036932778 0.003344981178531796
responsible 0.0012578616352201257 2.659260036932778 0.003344981178531796
gets 0.0012578616352201257 2.0402208285265546 0.0025663155075805718
sorted 0.0012578616352201257 2.995732273553991 0.0037682166962943278
DesktopManager 0.0012578616352201257 2.302585092994046 0.002896333450306976
are 0.0012578616352201257 0.5447271754416719 6.851914156499018E-4
owned 0.0012578616352201257 2.407945608651872 0.0030288624008199642
JDesktopPane 0.0012578616352201257 2.5257286443082556 0.0031770171626518936
DropMode 0.0012578616352201257 2.5257286443082556 0.0031770171626518936
Drop 0.0025157232704402514 1.8971199848858813 0.00477262889279467
modes 0.0012578616352201257 2.302585092994046 0.002896333450306976
determine 0.0012578616352201257 1.8325814637483102 0.002305133916664541
method 0.0012578616352201257 0.32850406697203605 4.1321266285790695E-4
tracks 0.0012578616352201257 1.07880966137193 0.001356993284744566
indicates 0.0012578616352201257 2.302585092994046 0.002896333450306976
drop 0.0025157232704402514 1.8971199848858813 0.00477262889279467
location 0.0012578616352201257 1.7147984280919266 0.002156979154832612
during 0.0012578616352201257 2.120263536200091 0.0026669981587422527
drag 0.0012578616352201257 2.659260036932778 0.003344981178531796
FocusManager 0.0012578616352201257 2.302585092994046 0.002896333450306976
has 0.0012578616352201257 0.7550225842780328 9.497139424880915E-4
been 0.0012578616352201257 1.4271163556401458 0.0017951149127549003
obsoleted 0.0012578616352201257 3.506557897319982 0.004410764650716958
focus 0.0012578616352201257 2.659260036932778 0.003344981178531796
APIs 0.0012578616352201257 2.120263536200091 0.0026669981587422527
GroupLayout 0.0012578616352201257 2.302585092994046 0.002896333450306976
Alignment 0.0012578616352201257 2.120263536200091 0.0026669981587422527
Enumeration 0.0025157232704402514 2.302585092994046 0.005792666900613952
ways 0.0012578616352201257 2.995732273553991 0.0037682166962943278
ParallelGroup 0.0012578616352201257 2.5257286443082556 0.0031770171626518936
can 0.0012578616352201257 0.7339691750802005 9.232316667675478E-4
align 0.0012578616352201257 2.995732273553991 0.0037682166962943278
children 0.0012578616352201257 2.407945608651872 0.0030288624008199642
Group 0.0025157232704402514 2.120263536200091 0.005333996317484505
basis 0.0012578616352201257 2.407945608651872 0.0030288624008199642
types 0.0012578616352201257 1.6094379124341003 0.002024450204319623
operations 0.0012578616352201257 1.6607312068216509 0.0020889700714737747
supported 0.0012578616352201257 1.6607312068216509 0.0020889700714737747
laying 0.0012578616352201257 3.912023005428146 0.004920783654626598
out 0.0012578616352201257 0.9675840262617057 0.0012170868254864223
after 0.0012578616352201257 1.5606477482646683 0.0019630789286348028
another 0.0012578616352201257 1.6607312068216509 0.0020889700714737747
SequentialGroup 0.0012578616352201257 2.659260036932778 0.003344981178531796
aligned 0.0012578616352201257 3.2188758248682006 0.004048900408639246
aligns 0.0012578616352201257 3.912023005428146 0.004920783654626598
sizes 0.0012578616352201257 2.5257286443082556 0.0031770171626518936
it 0.0012578616352201257 0.47803580094299974 6.013028942679242E-4
positions 0.0012578616352201257 3.506557897319982 0.004410764650716958
elements 0.0012578616352201257 0.8675005677047231 0.0010911956826474504
sequentially 0.0012578616352201257 3.912023005428146 0.004920783654626598
Icon 0.0025157232704402514 2.0402208285265546 0.0051326310151611435
small 0.0012578616352201257 1.9661128563728327 0.0024730979325444436
fixed 0.0012578616352201257 2.995732273553991 0.0037682166962943278
size 0.0012578616352201257 1.3862943611198906 0.001743766491974705
picture 0.0012578616352201257 3.506557897319982 0.004410764650716958
typically 0.0012578616352201257 1.8971199848858813 0.002386314446397335
decorate 0.0012578616352201257 3.506557897319982 0.004410764650716958
binding 0.0012578616352201257 2.207274913189721 0.002776446431685184
between 0.0012578616352201257 1.7147984280919266 0.002156979154832612
input 0.0012578616352201257 1.0216512475319812 0.0012850959088452592
currently 0.0012578616352201257 2.407945608651872 0.0030288624008199642
only 0.0012578616352201257 0.843970070294529 0.0010615975726975208
KeyStrokes 0.0012578616352201257 2.995732273553991 0.0037682166962943278
Object 0.0025157232704402514 0.43078291609245434 0.0010837306065218976
InputVerifier 0.0012578616352201257 2.659260036932778 0.003344981178531796
purpose 0.0012578616352201257 2.207274913189721 0.002776446431685184
this 0.0025157232704402514 0.3424903089467759 8.616108401176751E-4
help 0.0025157232704402514 0.05129329438755048 1.2903973430830308E-4
clients 0.0012578616352201257 2.995732273553991 0.0037682166962943278
smooth 0.0012578616352201257 3.506557897319982 0.004410764650716958
through 0.0012578616352201257 1.2378743560016172 0.0015570746616372542
GUIs 0.0012578616352201257 3.506557897319982 0.004410764650716958
fields 0.0012578616352201257 1.1086626245216111 0.0013945441817881901
InternalFrameFocusTraversalPolicy 0.0012578616352201257 2.659260036932778 0.003344981178531796
FocusTraversalPolicy 0.0012578616352201257 2.407945608651872 0.0030288624008199642
optionally 0.0012578616352201257 2.659260036932778 0.003344981178531796
algorithm 0.0012578616352201257 2.407945608651872 0.0030288624008199642
determining 0.0012578616352201257 2.995732273553991 0.0037682166962943278
JInternalFrame 0.0012578616352201257 2.302585092994046 0.002896333450306976
initial 0.0012578616352201257 2.407945608651872 0.0030288624008199642
Component 0.0025157232704402514 1.4696759700589417 0.0036972980378841298
JButton 0.0012578616352201257 2.5257286443082556 0.0031770171626518936
push 0.0012578616352201257 3.506557897319982 0.004410764650716958
button 0.0025157232704402514 2.5257286443082556 0.006354034325303787
JCheckBox 0.0012578616352201257 2.8134107167600364 0.0035388814047296055
check 0.0012578616352201257 1.3093333199837622 0.0016469601509229712
selected 0.0012578616352201257 2.120263536200091 0.0026669981587422527
deselected 0.0012578616352201257 3.506557897319982 0.004410764650716958
displays 0.0012578616352201257 2.995732273553991 0.0037682166962943278
state 0.0025157232704402514 1.6607312068216509 0.004177940142947549
pane 0.0012578616352201257 2.995732273553991 0.0037682166962943278
designed 0.0012578616352201257 1.8971199848858813 0.002386314446397335
allow 0.0012578616352201257 1.2729656758128876 0.0016012146865570912
manipulate 0.0012578616352201257 2.302585092994046 0.002896333450306976
select 0.0012578616352201257 1.5606477482646683 0.0019630789286348028
color 0.0012578616352201257 2.120263536200091 0.0026669981587422527
combines 0.0012578616352201257 2.995732273553991 0.0037682166962943278
field 0.0012578616352201257 1.1394342831883648 0.0014332506706771883
down 0.0012578616352201257 2.995732273553991 0.0037682166962943278
KeySelectionManager 0.0012578616352201257 2.5257286443082556 0.0031770171626518936
top 0.0012578616352201257 2.5257286443082556 0.0031770171626518936
level 0.0012578616352201257 1.7147984280919266 0.002156979154832612
containers 0.0012578616352201257 2.8134107167600364 0.0035388814047296055
AccessibleJComponent 0.0012578616352201257 2.659260036932778 0.003344981178531796
Inner 0.0012578616352201257 3.2188758248682006 0.004048900408639246
document 0.0012578616352201257 0.40047756659712536 5.037453667888369E-4
virtual 0.0012578616352201257 1.9661128563728327 0.0024730979325444436
desktop 0.0012578616352201257 2.120263536200091 0.0026669981587422527
JDialog 0.0012578616352201257 2.407945608651872 0.0030288624008199642
main 0.0012578616352201257 1.2378743560016172 0.0015570746616372542
dialog 0.0012578616352201257 2.207274913189721 0.002776446431685184
window 0.0012578616352201257 1.9661128563728327 0.0024730979325444436
JEditorPane 0.0012578616352201257 2.207274913189721 0.002776446431685184
edit 0.0012578616352201257 2.995732273553991 0.0037682166962943278
various 0.0012578616352201257 2.659260036932778 0.003344981178531796
kinds 0.0012578616352201257 2.995732273553991 0.0037682166962943278
content 0.0012578616352201257 0.44628710262841953 5.613674246898358E-4
AccessibleJEditorPane 0.0012578616352201257 3.2188758248682006 0.004048900408639246
JFormattedTextField 0.0012578616352201257 2.659260036932778 0.003344981178531796
extends 0.0012578616352201257 0.653926467406664 8.225490156058666E-4
JTextField 0.0012578616352201257 2.407945608651872 0.0030288624008199642
adding 0.0012578616352201257 2.407945608651872 0.0030288624008199642
formatting 0.0012578616352201257 2.659260036932778 0.003344981178531796
arbitrary 0.0012578616352201257 2.407945608651872 0.0030288624008199642
values 0.0025157232704402514 1.0216512475319812 0.0025701918176905185
well 0.0012578616352201257 1.7719568419318754 0.0022288765307319188
retrieving 0.0012578616352201257 3.506557897319982 0.004410764650716958
edited 0.0012578616352201257 2.659260036932778 0.003344981178531796
AbstractFormatter 0.0012578616352201257 2.659260036932778 0.003344981178531796
Instances 0.0025157232704402514 2.0402208285265546 0.0051326310151611435
handle 0.0012578616352201257 2.407945608651872 0.0030288624008199642
conversion 0.0012578616352201257 2.120263536200091 0.0026669981587422527
both 0.0012578616352201257 1.6094379124341003 0.002024450204319623
String 0.0025157232704402514 0.4155154439616658 0.0010453218716016748
back 0.0012578616352201257 1.7719568419318754 0.0022288765307319188
AbstractFormatterFactory 0.0012578616352201257 2.659260036932778 0.003344981178531796
obtain 0.0012578616352201257 2.120263536200091 0.0026669981587422527
instances 0.0025157232704402514 2.0402208285265546 0.0051326310151611435
turn 0.0012578616352201257 2.995732273553991 0.0037682166962943278
format 0.0012578616352201257 1.4696759700589417 0.0018486490189420649
features 0.0012578616352201257 2.120263536200091 0.0026669981587422527
native 0.0012578616352201257 2.302585092994046 0.002896333450306976
frame 0.0025157232704402514 2.207274913189721 0.005552892863370368
including 0.0012578616352201257 1.0498221244986776 0.001320530974212173
dragging 0.0012578616352201257 3.506557897319982 0.004410764650716958
closing 0.0012578616352201257 2.659260036932778 0.003344981178531796
becoming 0.0012578616352201257 3.506557897319982 0.004410764650716958
icon 0.0025157232704402514 2.0402208285265546 0.0051326310151611435
resizing 0.0012578616352201257 2.995732273553991 0.0037682166962943278
title 0.0012578616352201257 1.8971199848858813 0.002386314446397335
display 0.0012578616352201257 2.407945608651872 0.0030288624008199642
bar 0.0012578616352201257 2.407945608651872 0.0030288624008199642
JDesktopIcon 0.0012578616352201257 2.8134107167600364 0.0035388814047296055
represents 0.0025157232704402514 1.8971199848858813 0.00477262889279467
iconified 0.0012578616352201257 3.506557897319982 0.004410764650716958
JLabel 0.0012578616352201257 2.5257286443082556 0.0031770171626518936
area 0.0012578616352201257 2.302585092994046 0.002896333450306976
short 0.0012578616352201257 2.407945608651872 0.0030288624008199642
string 0.0025157232704402514 0.4155154439616658 0.0010453218716016748
image 0.0012578616352201257 1.7147984280919266 0.002156979154832612
JLayeredPane 0.0012578616352201257 2.5257286443082556 0.0031770171626518936
depth 0.0012578616352201257 2.995732273553991 0.0037682166962943278
allowing 0.0012578616352201257 2.407945608651872 0.0030288624008199642
overlap 0.0012578616352201257 3.506557897319982 0.004410764650716958
each 0.0012578616352201257 1.5606477482646683 0.0019630789286348028
other 0.0012578616352201257 0.8915981192837835 0.0011215070682814886
when 0.0012578616352201257 0.843970070294529 0.0010615975726975208
needed 0.0012578616352201257 2.659260036932778 0.003344981178531796
JList 0.0012578616352201257 2.120263536200091 0.0026669981587422527
allows 0.0012578616352201257 1.9661128563728327 0.0024730979325444436
DropLocation 0.0012578616352201257 2.5257286443082556 0.0031770171626518936
subclass 0.0012578616352201257 2.302585092994046 0.002896333450306976
TransferHandler 0.0012578616352201257 2.5257286443082556 0.0031770171626518936
representing 0.0012578616352201257 2.659260036932778 0.003344981178531796
JMenu 0.0012578616352201257 2.302585092994046 0.002896333450306976
popup 0.0025157232704402514 2.302585092994046 0.005792666900613952
containing 0.0012578616352201257 1.171182981502945 0.0014731861402552768
JMenuItems 0.0012578616352201257 3.506557897319982 0.004410764650716958
displayed 0.0012578616352201257 2.8134107167600364 0.0035388814047296055
selects 0.0012578616352201257 2.5257286443082556 0.0031770171626518936
JMenuBar 0.0012578616352201257 2.302585092994046 0.002896333450306976
WinListener 0.0012578616352201257 2.8134107167600364 0.0035388814047296055
listener 0.0012578616352201257 2.302585092994046 0.002896333450306976
watches 0.0012578616352201257 2.5257286443082556 0.0031770171626518936
JMenuItem 0.0012578616352201257 2.5257286443082556 0.0031770171626518936
AccessibleJMenuItem 0.0012578616352201257 3.2188758248682006 0.004048900408639246
JPanel 0.0012578616352201257 2.8134107167600364 0.0035388814047296055
generic 0.0012578616352201257 2.207274913189721 0.002776446431685184
JPopupMenu 0.0012578616352201257 2.302585092994046 0.002896333450306976
pops 0.0012578616352201257 3.506557897319982 0.004410764650716958
up 0.0012578616352201257 1.4271163556401458 0.0017951149127549003
series 0.0012578616352201257 2.407945608651872 0.0030288624008199642
choices 0.0012578616352201257 2.120263536200091 0.0026669981587422527
JRootPane 0.0012578616352201257 2.207274913189721 0.002776446431685184
behind 0.0012578616352201257 2.995732273553991 0.0037682166962943278
scenes 0.0012578616352201257 3.506557897319982 0.004410764650716958
JWindow 0.0012578616352201257 2.407945608651872 0.0030288624008199642
JApplet 0.0012578616352201257 2.407945608651872 0.0030288624008199642
JScrollBar 0.0012578616352201257 2.5257286443082556 0.0031770171626518936
scrollbar 0.0012578616352201257 2.302585092994046 0.002896333450306976
JScrollPane 0.0012578616352201257 2.5257286443082556 0.0031770171626518936
scrollable 0.0025157232704402514 2.120263536200091 0.005333996317484505
view 0.0012578616352201257 1.4271163556401458 0.0017951149127549003
JSeparator 0.0012578616352201257 2.8134107167600364 0.0035388814047296055
implementing 0.0012578616352201257 2.407945608651872 0.0030288624008199642
divider 0.0012578616352201257 2.995732273553991 0.0037682166962943278
lines 0.0012578616352201257 2.659260036932778 0.003344981178531796
commonly 0.0012578616352201257 2.995732273553991 0.0037682166962943278
breaks 0.0012578616352201257 3.506557897319982 0.004410764650716958
them 0.0012578616352201257 1.7719568419318754 0.0022288765307319188
into 0.0012578616352201257 0.8915981192837835 0.0011215070682814886
logical 0.0012578616352201257 2.659260036932778 0.003344981178531796
groupings 0.0012578616352201257 2.995732273553991 0.0037682166962943278
JSpinner 0.0012578616352201257 2.407945608651872 0.0030288624008199642
single 0.0012578616352201257 1.4696759700589417 0.0018486490189420649
line 0.0012578616352201257 2.0402208285265546 0.0025663155075805718
lets 0.0012578616352201257 2.8134107167600364 0.0035388814047296055
number 0.0012578616352201257 1.2378743560016172 0.0015570746616372542
value 0.0012578616352201257 0.5447271754416719 6.851914156499018E-4
ordered 0.0012578616352201257 2.995732273553991 0.0037682166962943278
sequence 0.0012578616352201257 2.120263536200091 0.0026669981587422527
DefaultEditor 0.0012578616352201257 2.5257286443082556 0.0031770171626518936
simple 0.0012578616352201257 1.4271163556401458 0.0017951149127549003
read 0.0012578616352201257 1.2729656758128876 0.0016012146865570912
current 0.0012578616352201257 1.5606477482646683 0.0019630789286348028
regular 0.0012578616352201257 2.407945608651872 0.0030288624008199642
dimensional 0.0012578616352201257 2.659260036932778 0.003344981178531796
tables 0.0012578616352201257 2.207274913189721 0.002776446431685184
cells 0.0012578616352201257 2.995732273553991 0.0037682166962943278
PrintMode 0.0012578616352201257 2.5257286443082556 0.0031770171626518936
Printing 0.0025157232704402514 1.8325814637483102 0.004610267833329082
printing 0.0025157232704402514 1.8325814637483102 0.004610267833329082
JTables 0.0012578616352201257 3.506557897319982 0.004410764650716958
editing 0.0012578616352201257 2.8134107167600364 0.0035388814047296055
AccessibleJTextField 0.0012578616352201257 3.2188758248682006 0.004048900408639246
JToggleButton 0.0012578616352201257 2.659260036932778 0.003344981178531796
AccessibleJToggleButton 0.0012578616352201257 3.2188758248682006 0.004048900408639246
JToolTip 0.0012578616352201257 2.659260036932778 0.003344981178531796
Used 0.0025157232704402514 0.6348782724359695 0.0015971780438640741
Tip 0.0012578616352201257 2.995732273553991 0.0037682166962943278
control 0.0012578616352201257 1.3470736479666094 0.0016944322615932194
hierarchical 0.0012578616352201257 3.506557897319982 0.004410764650716958
outline 0.0012578616352201257 2.407945608651872 0.0030288624008199642
EmptySelectionModel 0.0012578616352201257 2.407945608651872 0.0030288624008199642
TreeSelectionModel 0.0012578616352201257 2.407945608651872 0.0030288624008199642
does 0.0012578616352201257 0.7339691750802005 9.232316667675478E-4
not 0.0012578616352201257 0.3424903089467759 4.308054200588376E-4
anything 0.0012578616352201257 2.659260036932778 0.003344981178531796
TreeSelectionRedirector 0.0012578616352201257 2.995732273553991 0.0037682166962943278
Handles 0.0012578616352201257 3.2188758248682006 0.004048900408639246
new 0.0012578616352201257 0.616186139423817 7.750769049356187E-4
TreeSelectionEvent 0.0012578616352201257 2.659260036932778 0.003344981178531796
source 0.0012578616352201257 1.07880966137193 0.001356993284744566
passing 0.0012578616352201257 2.995732273553991 0.0037682166962943278
off 0.0012578616352201257 2.5257286443082556 0.0031770171626518936
listeners 0.0012578616352201257 2.659260036932778 0.003344981178531796
JViewport 0.0012578616352201257 2.207274913189721 0.002776446431685184
viewport 0.0012578616352201257 2.995732273553991 0.0037682166962943278
porthole 0.0012578616352201257 3.506557897319982 0.004410764650716958
you 0.0012578616352201257 0.9162907318741551 0.0011525669583322706
see 0.0012578616352201257 0.3566749439387324 4.486477282248206E-4
underlying 0.0012578616352201257 2.207274913189721 0.002776446431685184
information 0.0012578616352201257 1.3470736479666094 0.0016944322615932194
ViewListener 0.0012578616352201257 2.995732273553991 0.0037682166962943278
KeyStroke 0.0012578616352201257 2.302585092994046 0.002896333450306976
key 0.0012578616352201257 0.7985076962177716 0.0010044121965003417
action 0.0025157232704402514 2.0402208285265546 0.0051326310151611435
keyboard 0.0012578616352201257 2.995732273553991 0.0037682166962943278
equivalent 0.0012578616352201257 2.659260036932778 0.003344981178531796
device 0.0012578616352201257 2.995732273553991 0.0037682166962943278
LayoutStyle 0.0012578616352201257 2.302585092994046 0.002896333450306976
about 0.0012578616352201257 1.4696759700589417 0.0018486490189420649
how 0.0012578616352201257 1.2039728043259361 0.0015144312004099826
position 0.0012578616352201257 2.120263536200091 0.0026669981587422527
ComponentPlacement 0.0012578616352201257 2.302585092994046 0.002896333450306976
enumeration 0.0025157232704402514 2.302585092994046 0.005792666900613952
placed 0.0012578616352201257 2.995732273553991 0.0037682166962943278
relative 0.0012578616352201257 1.7719568419318754 0.0022288765307319188
ListCellRenderer 0.0012578616352201257 2.5257286443082556 0.0031770171626518936
Identifies 0.0012578616352201257 2.5257286443082556 0.0031770171626518936
rubber 0.0012578616352201257 3.506557897319982 0.004410764650716958
stamps 0.0012578616352201257 3.506557897319982 0.004410764650716958
paint 0.0012578616352201257 2.5257286443082556 0.0031770171626518936
ListModel 0.0012578616352201257 2.302585092994046 0.002896333450306976
use 0.0025157232704402514 0.010050335853501506 2.5283863782393724E-5
get 0.0012578616352201257 0.6733445532637655 8.469742808349251E-4
cell 0.0012578616352201257 2.659260036932778 0.003344981178531796
length 0.0012578616352201257 2.995732273553991 0.0037682166962943278
ListSelectionModel 0.0012578616352201257 2.302585092994046 0.002896333450306976
selection 0.0012578616352201257 2.8134107167600364 0.0035388814047296055
stable 0.0012578616352201257 3.506557897319982 0.004410764650716958
indices 0.0012578616352201257 2.995732273553991 0.0037682166962943278
LookAndFeel 0.0012578616352201257 2.302585092994046 0.002896333450306976
name 0.0012578616352201257 0.6931471805599453 8.718832459873525E-4
implies 0.0012578616352201257 2.995732273553991 0.0037682166962943278
encapsulates 0.0012578616352201257 2.659260036932778 0.003344981178531796
MenuElement 0.0012578616352201257 2.5257286443082556 0.0031770171626518936
Any 0.0025157232704402514 0.5978370007556204 0.0015039924547311204
MenuSelectionManager 0.0012578616352201257 2.302585092994046 0.002896333450306976
owns 0.0012578616352201257 3.506557897319982 0.004410764650716958
hierarchy 0.0012578616352201257 1.5606477482646683 0.0019630789286348028
MutableComboBoxModel 0.0012578616352201257 2.302585092994046 0.002896333450306976
mutable 0.0012578616352201257 3.506557897319982 0.004410764650716958
Popup 0.0025157232704402514 2.302585092994046 0.005792666900613952
Popups 0.0012578616352201257 3.506557897319982 0.004410764650716958
Components 0.0025157232704402514 2.120263536200091 0.005333996317484505
containment 0.0012578616352201257 3.506557897319982 0.004410764650716958
PopupFactory 0.0012578616352201257 2.5257286443082556 0.0031770171626518936
ProgressMonitor 0.0012578616352201257 2.302585092994046 0.002896333450306976
monitor 0.0012578616352201257 2.0402208285265546 0.0025663155075805718
progress 0.0012578616352201257 2.995732273553991 0.0037682166962943278
some 0.0012578616352201257 2.0402208285265546 0.0025663155075805718
operation 0.0012578616352201257 1.6094379124341003 0.002024450204319623
RepaintManager 0.0012578616352201257 2.302585092994046 0.002896333450306976
manages 0.0025157232704402514 3.506557897319982 0.008821529301433916
repaint 0.0012578616352201257 3.506557897319982 0.004410764650716958
requests 0.0012578616352201257 1.5606477482646683 0.0019630789286348028
repaints 0.0012578616352201257 3.506557897319982 0.004410764650716958
minimized 0.0012578616352201257 3.506557897319982 0.004410764650716958
example 0.0012578616352201257 1.0498221244986776 0.001320530974212173
collapsing 0.0012578616352201257 3.506557897319982 0.004410764650716958
members 0.0012578616352201257 2.995732273553991 0.0037682166962943278
RootPaneContainer 0.0012578616352201257 2.5257286443082556 0.0031770171626518936
implemented 0.0012578616352201257 1.0498221244986776 0.001320530974212173
have 0.0012578616352201257 0.9416085398584451 0.0011844132576835787
child 0.0012578616352201257 2.207274913189721 0.002776446431685184
RowFilter 0.0012578616352201257 2.302585092994046 0.002896333450306976
filter 0.0012578616352201257 1.9661128563728327 0.0024730979325444436
entries 0.0012578616352201257 2.407945608651872 0.0030288624008199642
so 0.0012578616352201257 1.3093333199837622 0.0016469601509229712
they 0.0012578616352201257 1.2729656758128876 0.0016012146865570912
shown 0.0012578616352201257 2.995732273553991 0.0037682166962943278
ComparisonType 0.0012578616352201257 2.5257286443082556 0.0031770171626518936
comparison 0.0012578616352201257 3.506557897319982 0.004410764650716958
RowFilters 0.0012578616352201257 3.506557897319982 0.004410764650716958
Entry 0.0025157232704402514 1.6607312068216509 0.004177940142947549
passed 0.0012578616352201257 2.995732273553991 0.0037682166962943278
entry 0.0025157232704402514 1.6607312068216509 0.004177940142947549
thus 0.0012578616352201257 2.407945608651872 0.0030288624008199642
whether 0.0012578616352201257 1.6607312068216509 0.0020889700714737747
RowSorter 0.0012578616352201257 2.302585092994046 0.002896333450306976
sorting 0.0012578616352201257 2.995732273553991 0.0037682166962943278
filtering 0.0012578616352201257 2.120263536200091 0.0026669981587422527
SortKey 0.0012578616352201257 2.5257286443082556 0.0031770171626518936
describes 0.0012578616352201257 2.302585092994046 0.002896333450306976
sort 0.0012578616352201257 2.659260036932778 0.003344981178531796
order 0.0012578616352201257 1.2378743560016172 0.0015570746616372542
column 0.0012578616352201257 2.207274913189721 0.002776446431685184
Scrollable 0.0025157232704402514 2.120263536200091 0.005333996317484505
scrolling 0.0012578616352201257 2.995732273553991 0.0037682166962943278
ScrollPaneConstants 0.0012578616352201257 2.5257286443082556 0.0031770171626518936
Constants 0.0025157232704402514 2.207274913189721 0.005552892863370368
ScrollPaneLayout 0.0012578616352201257 2.120263536200091 0.0026669981587422527
SingleSelectionModel 0.0012578616352201257 2.302585092994046 0.002896333450306976
supports 0.0012578616352201257 1.5606477482646683 0.0019630789286348028
at 0.0012578616352201257 1.4271163556401458 0.0017951149127549003
indexed 0.0012578616352201257 3.506557897319982 0.004410764650716958
SizeRequirements 0.0012578616352201257 2.302585092994046 0.002896333450306976
For 0.0025157232704402514 0.083381608939051 2.0976505393471948E-4
convenience 0.0012578616352201257 2.659260036932778 0.003344981178531796
managers 0.0012578616352201257 2.659260036932778 0.003344981178531796
calculates 0.0012578616352201257 2.120263536200091 0.0026669981587422527
SortingFocusTraversalPolicy 0.0012578616352201257 2.407945608651872 0.0030288624008199642
determines 0.0012578616352201257 1.8971199848858813 0.002386314446397335
traversal 0.0012578616352201257 1.8325814637483102 0.002305133916664541
cycle 0.0012578616352201257 3.506557897319982 0.004410764650716958
based 0.0012578616352201257 1.2729656758128876 0.0016012146865570912
given 0.0012578616352201257 2.120263536200091 0.0026669981587422527
Comparator 0.0012578616352201257 2.8134107167600364 0.0035388814047296055
SortOrder 0.0012578616352201257 2.5257286443082556 0.0031770171626518936
orderings 0.0012578616352201257 3.506557897319982 0.004410764650716958
SpinnerDateModel 0.0012578616352201257 2.8134107167600364 0.0035388814047296055
sequences 0.0012578616352201257 2.407945608651872 0.0030288624008199642
Dates 0.0012578616352201257 2.995732273553991 0.0037682166962943278
SpinnerListModel 0.0012578616352201257 2.8134107167600364 0.0035388814047296055
whose 0.0012578616352201257 2.407945608651872 0.0030288624008199642
defined 0.0012578616352201257 1.1394342831883648 0.0014332506706771883
array 0.0012578616352201257 1.7719568419318754 0.0022288765307319188
potentially 0.0012578616352201257 2.995732273553991 0.0037682166962943278
unbounded 0.0012578616352201257 3.506557897319982 0.004410764650716958
SpinnerNumberModel 0.0012578616352201257 2.8134107167600364 0.0035388814047296055
numbers 0.0012578616352201257 2.5257286443082556 0.0031770171626518936
Spring 0.0012578616352201257 2.5257286443082556 0.0031770171626518936
instance 0.0012578616352201257 1.7719568419318754 0.0022288765307319188
holds 0.0012578616352201257 2.407945608651872 0.0030288624008199642
three 0.0012578616352201257 2.407945608651872 0.0030288624008199642
properties 0.0012578616352201257 1.7719568419318754 0.0022288765307319188
characterize 0.0012578616352201257 3.506557897319982 0.004410764650716958
behavior 0.0012578616352201257 2.407945608651872 0.0030288624008199642
minimum 0.0012578616352201257 2.995732273553991 0.0037682166962943278
preferred 0.0012578616352201257 2.407945608651872 0.0030288624008199642
SpringLayout 0.0012578616352201257 2.302585092994046 0.002896333450306976
Constraints 0.0025157232704402514 2.120263536200091 0.005333996317484505
constraints 0.0025157232704402514 2.120263536200091 0.005333996317484505
govern 0.0012578616352201257 3.506557897319982 0.004410764650716958
way 0.0012578616352201257 1.1086626245216111 0.0013945441817881901
change 0.0012578616352201257 0.9162907318741551 0.0011525669583322706
controlled 0.0012578616352201257 3.506557897319982 0.004410764650716958
SwingConstants 0.0012578616352201257 2.5257286443082556 0.0031770171626518936
collection 0.0012578616352201257 1.4696759700589417 0.0018486490189420649
constants 0.0025157232704402514 2.207274913189721 0.005552892863370368
generally 0.0012578616352201257 1.3470736479666094 0.0016944322615932194
positioning 0.0012578616352201257 3.506557897319982 0.004410764650716958
orienting 0.0012578616352201257 3.506557897319982 0.004410764650716958
screen 0.0012578616352201257 2.995732273553991 0.0037682166962943278
SwingWorker 0.0012578616352201257 2.302585092994046 0.002896333450306976
StateValue 0.0012578616352201257 2.5257286443082556 0.0031770171626518936
Values 0.0025157232704402514 1.0216512475319812 0.0025701918176905185
bound 0.0012578616352201257 2.5257286443082556 0.0031770171626518936
property 0.0012578616352201257 1.8325814637483102 0.002305133916664541
ToolTipManager 0.0012578616352201257 2.302585092994046 0.002896333450306976
Manages 0.0025157232704402514 3.506557897319982 0.008821529301433916
ToolTips 0.0012578616352201257 3.506557897319982 0.004410764650716958
system 0.0012578616352201257 1.2378743560016172 0.0015570746616372542
transfer 0.0012578616352201257 2.302585092994046 0.002896333450306976
Transferable 0.0012578616352201257 2.5257286443082556 0.0031770171626518936
Represents 0.0025157232704402514 1.8971199848858813 0.00477262889279467
dropped 0.0012578616352201257 3.506557897319982 0.004410764650716958
inserted 0.0012578616352201257 3.506557897319982 0.004410764650716958
TransferSupport 0.0012578616352201257 2.5257286443082556 0.0031770171626518936
relevant 0.0012578616352201257 3.506557897319982 0.004410764650716958
details 0.0012578616352201257 0.7550225842780328 9.497139424880915E-4
clipboard 0.0012578616352201257 2.5257286443082556 0.0031770171626518936
also 0.0025157232704402514 0.5108256237659907 0.0012850959088452597
customizing 0.0012578616352201257 2.995732273553991 0.0037682166962943278
aspects 0.0012578616352201257 3.506557897319982 0.004410764650716958
experience 0.0012578616352201257 2.207274913189721 0.002776446431685184
UIDefaults 0.0012578616352201257 2.302585092994046 0.002896333450306976
defaults 0.0012578616352201257 2.0402208285265546 0.0025663155075805718
LazyValue 0.0012578616352201257 2.5257286443082556 0.0031770171626518936
enables 0.0012578616352201257 2.207274913189721 0.002776446431685184
store 0.0012578616352201257 1.6094379124341003 0.002024450204319623
isn 0.0012578616352201257 3.506557897319982 0.004410764650716958
t 0.0012578616352201257 1.2729656758128876 0.0016012146865570912
constructed 0.0012578616352201257 3.506557897319982 0.004410764650716958
until 0.0012578616352201257 1.7719568419318754 0.0022288765307319188
first 0.0012578616352201257 1.6094379124341003 0.002024450204319623
time 0.0012578616352201257 1.3470736479666094 0.0016944322615932194
looked 0.0012578616352201257 3.506557897319982 0.004410764650716958
getXXX 0.0012578616352201257 3.506557897319982 0.004410764650716958
UIManager 0.0012578616352201257 2.120263536200091 0.0026669981587422527
LookAndFeelInfo 0.0012578616352201257 2.5257286443082556 0.0031770171626518936
little 0.0012578616352201257 3.506557897319982 0.004410764650716958
installed 0.0012578616352201257 2.659260036932778 0.003344981178531796
sake 0.0012578616352201257 3.506557897319982 0.004410764650716958
configuring 0.0012578616352201257 3.2188758248682006 0.004048900408639246
application 0.0012578616352201257 1.3093333199837622 0.0016469601509229712
UnsupportedLookAndFeelException 0.0012578616352201257 2.5257286443082556 0.0031770171626518936
exception 0.0012578616352201257 1.4271163556401458 0.0017951149127549003
requested 0.0012578616352201257 2.659260036932778 0.003344981178531796
management 0.0012578616352201257 1.6094379124341003 0.002024450204319623
present 0.0012578616352201257 1.7719568419318754 0.0022288765307319188
WindowConstants 0.0012578616352201257 2.5257286443082556 0.0031770171626518936
mechanism 0.0012578616352201257 2.0402208285265546 0.0025663155075805718
choose 0.0012578616352201257 3.506557897319982 0.004410764650716958
file 0.0012578616352201257 0.8915981192837835 0.0011215070682814886
JLayer 0.0012578616352201257 2.5257286443082556 0.0031770171626518936
universal 0.0012578616352201257 3.2188758248682006 0.004048900408639246
decorator 0.0012578616352201257 3.506557897319982 0.004410764650716958
advanced 0.0012578616352201257 2.302585092994046 0.002896333450306976
effects 0.0012578616352201257 2.995732273553991 0.0037682166962943278
receive 0.0012578616352201257 2.659260036932778 0.003344981178531796
notifications 0.0012578616352201257 2.120263536200091 0.0026669981587422527
AWTEvents 0.0012578616352201257 2.995732273553991 0.0037682166962943278
generated 0.0012578616352201257 1.7719568419318754 0.0022288765307319188
within 0.0012578616352201257 1.8325814637483102 0.002305133916664541
JOptionPane 0.0012578616352201257 2.8134107167600364 0.0035388814047296055
makes 0.0012578616352201257 1.8971199848858813 0.002386314446397335
easy 0.0012578616352201257 2.8134107167600364 0.0035388814047296055
pop 0.0012578616352201257 2.995732273553991 0.0037682166962943278
standard 0.0025157232704402514 1.1394342831883648 0.0028665013413543767
prompts 0.0012578616352201257 3.506557897319982 0.004410764650716958
users 0.0012578616352201257 2.120263536200091 0.0026669981587422527
informs 0.0012578616352201257 2.995732273553991 0.0037682166962943278
something 0.0012578616352201257 2.8134107167600364 0.0035388814047296055
JSplitPane 0.0012578616352201257 2.407945608651872 0.0030288624008199642
divide 0.0012578616352201257 3.506557897319982 0.004410764650716958
JTabbedPane 0.0012578616352201257 2.407945608651872 0.0030288624008199642
switch 0.0012578616352201257 2.8134107167600364 0.0035388814047296055
group 0.0025157232704402514 2.120263536200091 0.005333996317484505
clicking 0.0012578616352201257 2.995732273553991 0.0037682166962943278
tab 0.0012578616352201257 2.995732273553991 0.0037682166962943278
AbstractAction 0.0012578616352201257 2.5257286443082556 0.0031770171626518936
laid 0.0012578616352201257 3.506557897319982 0.004410764650716958
either 0.0012578616352201257 1.8971199848858813 0.002386314446397335
vertically 0.0012578616352201257 3.506557897319982 0.004410764650716958
horizontally 0.0012578616352201257 3.506557897319982 0.004410764650716958
CellRendererPane 0.0012578616352201257 2.5257286443082556 0.0031770171626518936
renderers 0.0012578616352201257 3.506557897319982 0.004410764650716958
JProgressBar 0.0012578616352201257 2.5257286443082556 0.0031770171626518936
visually 0.0012578616352201257 3.506557897319982 0.004410764650716958
task 0.0012578616352201257 2.995732273553991 0.0037682166962943278
JSlider 0.0012578616352201257 2.407945608651872 0.0030288624008199642
graphically 0.0012578616352201257 3.506557897319982 0.004410764650716958
sliding 0.0012578616352201257 3.506557897319982 0.004410764650716958
knob 0.0012578616352201257 3.506557897319982 0.004410764650716958
bounded 0.0012578616352201257 2.659260036932778 0.003344981178531796
interval 0.0012578616352201257 2.995732273553991 0.0037682166962943278
JToolBar 0.0012578616352201257 2.407945608651872 0.0030288624008199642
displaying 0.0012578616352201257 3.506557897319982 0.004410764650716958
Timer 0.0012578616352201257 2.120263536200091 0.0026669981587422527
Fires 0.0012578616352201257 2.659260036932778 0.003344981178531796
ActionEvents 0.0012578616352201257 2.995732273553991 0.0037682166962943278
specified 0.0012578616352201257 0.9675840262617057 0.0012170868254864223
intervals 0.0012578616352201257 3.506557897319982 0.004410764650716958
Painter 0.0012578616352201257 2.302585092994046 0.002896333450306976
delegate 0.0012578616352201257 2.5257286443082556 0.0031770171626518936
grid 0.0012578616352201257 2.995732273553991 0.0037682166962943278
DefaultListSelectionModel 0.0012578616352201257 2.407945608651872 0.0030288624008199642
Default 0.0025157232704402514 1.0216512475319812 0.0025701918176905185
selections 0.0012578616352201257 2.995732273553991 0.0037682166962943278
Platform 0.0025157232704402514 1.07880966137193 0.002713986569489132
Standard 0.0025157232704402514 1.1394342831883648 0.0028665013413543767
Ed 0.0012578616352201257 1.2729656758128876 0.0016012146865570912
Prev 0.0012578616352201257 1.2729656758128876 0.0016012146865570912
Next 0.0012578616352201257 1.171182981502945 0.0014731861402552768
Frames 0.0012578616352201257 1.3470736479666094 0.0016944322615932194
Submit 0.0012578616352201257 1.07880966137193 0.001356993284744566
bug 0.0012578616352201257 1.1086626245216111 0.0013945441817881901
feature 0.0012578616352201257 1.1394342831883648 0.0014332506706771883
further 0.0012578616352201257 0.9416085398584451 0.0011844132576835787
reference 0.0012578616352201257 0.843970070294529 0.0010615975726975208
developer 0.0012578616352201257 1.07880966137193 0.001356993284744566
documentation 0.0025157232704402514 0.9416085398584451 0.0023688265153671575
SE 0.0012578616352201257 1.1086626245216111 0.0013945441817881901
Documentation 0.0025157232704402514 0.9416085398584451 0.0023688265153671575
That 0.0025157232704402514 0.22314355131420976 5.613674246898358E-4
contains 0.0025157232704402514 0.5798184952529422 0.001458662881139477
detailed 0.0012578616352201257 1.0498221244986776 0.001320530974212173
targeted 0.0012578616352201257 1.171182981502945 0.0014731861402552768
descriptions 0.0012578616352201257 1.0498221244986776 0.001320530974212173
conceptual 0.0012578616352201257 1.171182981502945 0.0014731861402552768
overviews 0.0012578616352201257 1.171182981502945 0.0014731861402552768
definitions 0.0012578616352201257 0.7765287894989963 9.767657729547123E-4
terms 0.0012578616352201257 1.0216512475319812 0.0012850959088452592
workarounds 0.0012578616352201257 1.171182981502945 0.0014731861402552768
working 0.0012578616352201257 0.9942522733438669 0.0012506317903696437
code 0.0012578616352201257 0.5108256237659907 6.425479544226298E-4
examples 0.0012578616352201257 0.7985076962177716 0.0010044121965003417
Oracle 0.0012578616352201257 0.8915981192837835 0.0011215070682814886
affiliates 0.0012578616352201257 1.171182981502945 0.0014731861402552768
subject 0.0012578616352201257 1.1394342831883648 0.0014332506706771883
license 0.0012578616352201257 1.1086626245216111 0.0013945441817881901
Also 0.0025157232704402514 0.5108256237659907 0.0012850959088452597
redistribution 0.0012578616352201257 1.171182981502945 0.0014731861402552768
policy 0.0012578616352201257 1.0216512475319812 0.0012850959088452592
Scripting 0.0012578616352201257 1.0216512475319812 0.0012850959088452592
page 0.0012578616352201257 0.843970070294529 0.0010615975726975208
web 0.0012578616352201257 0.8209805520698303 0.0010326799397104784
traffic 0.0012578616352201257 1.1086626245216111 0.0013945441817881901
but 0.0012578616352201257 0.8209805520698303 0.0010326799397104784
