Getting 0.01680672268907563 2.407945608651872 0.04046967409498944
help 0.01680672268907563 0.05129329438755048 8.620721745806803E-4
for 0.025210084033613446 0.083381608939051 0.00210205736821137
the 0.025210084033613446 0.10536051565782635 0.0026561474535586474
jsoup 0.08403361344537816 0.0 0.0
HTML 0.01680672268907563 0.0 0.0
parser 0.01680672268907563 0.0 0.0
News 0.008403361344537815 1.9661128563728327 0.01652195677624229
Bugs 0.008403361344537815 2.8134107167600364 0.023642106863529716
Discussion 0.025210084033613446 2.8134107167600364 0.07092632059058915
Download 0.008403361344537815 2.659260036932778 0.022346722999435107
API 0.008403361344537815 0.0 0.0
Reference 0.008403361344537815 0.843970070294529 0.007092185464659907
Cookbook 0.008403361344537815 2.8134107167600364 0.023642106863529716
Try 0.008403361344537815 2.120263536200091 0.0178173406403369
Discussing 0.01680672268907563 4.605170185988092 0.0773978182519007
new 0.025210084033613446 0.616186139423817 0.015534104355222277
ideas 0.01680672268907563 3.912023005428146 0.06574828580551506
and 0.025210084033613446 0.09431067947124142 0.0023775801547371786
changes 0.01680672268907563 1.3862943611198906 0.023299064892771268
FAQS 0.01680672268907563 4.605170185988092 0.0773978182519007
getting 0.01680672268907563 2.407945608651872 0.04046967409498944
There 0.008403361344537815 1.2729656758128876 0.010697190553049475
are 0.008403361344537815 0.5447271754416719 0.004577539289425814
many 0.008403361344537815 1.7147984280919266 0.014410070824301903
helpful 0.008403361344537815 4.605170185988092 0.03869890912595035
answers 0.008403361344537815 4.605170185988092 0.03869890912595035
to 0.03361344537815126 0.17435338714477774 0.0058606180552866465
FAQs 0.01680672268907563 4.605170185988092 0.0773978182519007
on 0.03361344537815126 0.5447271754416719 0.018310157157703257
Stack 0.01680672268907563 2.0402208285265546 0.034289425689521924
Overflow 0.01680672268907563 4.605170185988092 0.0773978182519007
If 0.01680672268907563 0.616186139423817 0.010356069570148183
you 0.01680672268907563 0.9162907318741551 0.015399844233179076
have 0.025210084033613446 0.9416085398584451 0.023738030416599457
a 0.03361344537815126 0.16251892949777494 0.005462821159589073
question 0.008403361344537815 4.605170185988092 0.03869890912595035
how 0.01680672268907563 1.2039728043259361 0.020234837047494725
use 0.03361344537815126 0.010050335853501506 3.378264152437481E-4
please 0.01680672268907563 1.8971199848858813 0.031884369493880356
post 0.008403361344537815 1.7719568419318754 0.014890393629679624
it 0.008403361344537815 0.47803580094299974 0.004017107570949577
Use 0.03361344537815126 0.010050335853501506 3.378264152437481E-4
tag 0.008403361344537815 0.843970070294529 0.007092185464659907
Please 0.01680672268907563 1.8971199848858813 0.031884369493880356
do 0.008403361344537815 0.9162907318741551 0.007699922116589538
not 0.008403361344537815 0.3424903089467759 0.00287806982308215
create 0.008403361344537815 0.8915981192837835 0.007492421170451962
GitHub 0.01680672268907563 2.659260036932778 0.044693445998870214
issue 0.008403361344537815 3.912023005428146 0.03287414290275753
questions 0.008403361344537815 2.995732273553991 0.02517422078616799
generally 0.008403361344537815 1.3470736479666094 0.011319946621568147
those 0.008403361344537815 1.6607312068216509 0.013955724427072696
issues 0.01680672268907563 2.8134107167600364 0.04728421372705943
will 0.008403361344537815 0.5447271754416719 0.004577539289425814
be 0.008403361344537815 0.47803580094299974 0.004017107570949577
closed 0.008403361344537815 2.302585092994046 0.019349454562975175
feature 0.008403361344537815 1.1394342831883648 0.009575078009986259
idea 0.008403361344537815 4.605170185988092 0.03869890912595035
or 0.01680672268907563 0.2613647641344075 0.004392685111502647
would 0.008403361344537815 2.0402208285265546 0.017144712844760962
like 0.008403361344537815 1.171182981502945 0.009841873794142395
discuss 0.008403361344537815 4.605170185988092 0.03869890912595035
change 0.008403361344537815 0.9162907318741551 0.007699922116589538
proposal 0.008403361344537815 4.605170185988092 0.03869890912595035
other 0.008403361344537815 0.8915981192837835 0.007492421170451962
feedback 0.008403361344537815 4.605170185988092 0.03869890912595035
with 0.008403361344537815 0.23572233352106994 0.0019808599455552094
discussion 0.025210084033613446 2.8134107167600364 0.07092632059058915
label 0.008403361344537815 2.5257286443082556 0.021224610456371897
is 0.008403361344537815 0.22314355131420976 0.0018751558933967206
welcomed 0.008403361344537815 3.912023005428146 0.03287414290275753
Jonathan 0.008403361344537815 0.0 0.0
Hedley 0.008403361344537815 0.0 0.0
3513514 0.0 0.0
6459943255986483
closed 0.013513513513513514 2.302585092994046 0.031116014770189812
Discussing 0.013513513513513514 4.605170185988092 0.062232029540379624
new 0.013513513513513514 0.616186139423817 0.008326839721943473
ideas 0.013513513513513514 3.912023005428146 0.052865175749029006
and 0.013513513513513514 0.09431067947124142 0.0012744686415032624
changes 0.013513513513513514 1.3862943611198906 0.018733707582701226
If 0.013513513513513514 0.616186139423817 0.008326839721943473
you 0.013513513513513514 0.9162907318741551 0.012382307187488584
have 0.013513513513513514 0.9416085398584451 0.012724439727816826
a 0.013513513513513514 0.16251892949777494 0.0021962017499699317
new 0.013513513513513514 0.616186139423817 0.008326839721943473
feature 0.013513513513513514 1.1394342831883648 0.015397760583626553
idea 0.013513513513513514 4.605170185988092 0.062232029540379624
for 0.013513513513513514 0.083381608939051 0.001126778499176365
jsoup 0.013513513513513514 0.0 0.0
or 0.013513513513513514 0.2613647641344075 0.0035319562720865882
would 0.013513513513513514 2.0402208285265546 0.027570551736845333
like 0.013513513513513514 1.171182981502945 0.015826797047337096
to 0.013513513513513514 0.17435338714477774 0.0023561268533078073
discuss 0.013513513513513514 4.605170185988092 0.062232029540379624
a 0.013513513513513514 0.16251892949777494 0.0021962017499699317
change 0.013513513513513514 0.9162907318741551 0.012382307187488584
proposal 0.013513513513513514 4.605170185988092 0.062232029540379624
or 0.013513513513513514 0.2613647641344075 0.0035319562720865882
have 0.013513513513513514 0.9416085398584451 0.012724439727816826
other 0.013513513513513514 0.8915981192837835 0.012048623233564643
feedback 0.013513513513513514 4.605170185988092 0.062232029540379624
use 0.02702702702702703 0.010050335853501506 2.7163069874328396E-4
GitHub 0.013513513513513514 2.659260036932778 0.03593594644503754
issues 0.013513513513513514 2.8134107167600364 0.0380190637400005
with 0.013513513513513514 0.23572233352106994 0.003185436939473918
the 0.013513513513513514 0.10536051565782635 0.0014237907521327886
discussion 0.02702702702702703 2.8134107167600364 0.076038127480001
label 0.013513513513513514 2.5257286443082556 0.03413146816632778
Discussion 0.02702702702702703 2.8134107167600364 0.076038127480001
is 0.013513513513513514 0.22314355131420976 0.00301545339613797
welcomed 0.013513513513513514 3.912023005428146 0.052865175749029006
jsoup 0.013513513513513514 0.0 0.0
HTML 0.013513513513513514 0.0 0.0
parser 0.013513513513513514 0.0 0.0
Jonathan 0.013513513513513514 0.0 0.0
Hedley 0.013513513513513514 0.0 0.0
