Safelist 0.0032948929159802307 0.9162907318741551 0.0030190798414304948
jsoup 0.0016474464579901153 0.0 0.0
Java 0.0032948929159802307 0.010050335853501506 3.311478040692424E-5
HTML 0.0032948929159802307 0.0 0.0
Parser 0.0016474464579901153 0.0 0.0
API 0.0016474464579901153 0.0 0.0
Skip 0.0016474464579901153 0.06187540371808745 1.0193641469207158E-4
navigation 0.0016474464579901153 0.06187540371808745 1.0193641469207158E-4
links 0.0032948929159802307 0.0408219945202552 1.3450410056097266E-4
Overview 0.0016474464579901153 0.06187540371808745 1.0193641469207158E-4
Package 0.0016474464579901153 0.06187540371808745 1.0193641469207158E-4
Class 0.0032948929159802307 0.06187540371808745 2.0387282938414317E-4
Use 0.0032948929159802307 0.010050335853501506 3.311478040692424E-5
Tree 0.0032948929159802307 0.0408219945202552 1.3450410056097266E-4
Deprecated 0.0016474464579901153 0.06187540371808745 1.0193641469207158E-4
Index 0.0016474464579901153 0.06187540371808745 1.0193641469207158E-4
Help 0.0016474464579901153 0.05129329438755048 8.45029561574143E-5
org 0.0016474464579901153 0.05129329438755048 8.45029561574143E-5
safety 0.0016474464579901153 0.9162907318741551 0.0015095399207152474
java 0.0032948929159802307 0.010050335853501506 3.311478040692424E-5
lang 0.0016474464579901153 0.653926467406664 0.0010773088425150973
Object 0.0016474464579901153 0.43078291609245434 7.096917892791669E-4
Direct 0.0016474464579901153 2.302585092994046 0.0037933856556738813
Known 0.0016474464579901153 2.120263536200091 0.0034930206527184365
Subclasses 0.0016474464579901153 2.659260036932778 0.004380988528719568
Whitelist 0.0016474464579901153 1.1086626245216111 0.0018264623138741535
public 0.0016474464579901153 0.6931471805599453 0.0011419228674793168
class 0.0032948929159802307 0.06187540371808745 2.0387282938414317E-4
extends 0.0016474464579901153 0.653926467406664 0.0010773088425150973
Safe 0.0016474464579901153 1.3093333199837622 0.0021570565403356873
lists 0.0016474464579901153 1.7147984280919266 0.002825038596527062
define 0.0016474464579901153 1.8325814637483102 0.0030190798414304948
what 0.0016474464579901153 1.5141277326297755 0.002494444370065528
elements 0.0016474464579901153 0.8675005677047231 0.0014291607375695602
and 0.0016474464579901153 0.09431067947124142 1.5537179484553776E-4
attributes 0.0016474464579901153 0.3566749439387324 5.876028730456876E-4
to 0.0032948929159802307 0.17435338714477774 5.744757401804869E-4
allow 0.0016474464579901153 1.2729656758128876 0.002097142793760935
through 0.0016474464579901153 1.2378743560016172 0.002039331723231659
the 0.0032948929159802307 0.10536051565782635 3.471516166649962E-4
cleaner 0.0032948929159802307 0.9162907318741551 0.0030190798414304948
Everything 0.0016474464579901153 3.912023005428146 0.006444848443868445
else 0.0016474464579901153 3.2188758248682006 0.005302925576389128
is 0.0016474464579901153 0.22314355131420976 3.676170532359304E-4
removed 0.0016474464579901153 1.2378743560016172 0.002039331723231659
Start 0.0032948929159802307 2.0402208285265546 0.006722309154947462
with 0.0016474464579901153 0.23572233352106994 3.883399234284513E-4
one 0.0016474464579901153 1.07880966137193 0.001777281155472702
of 0.0016474464579901153 0.1165338162559516 1.919832228269384E-4
defaults 0.0016474464579901153 2.0402208285265546 0.003361154577473731
none 0.0016474464579901153 1.7719568419318754 0.0029192040229520187
simpleText 0.0016474464579901153 2.302585092994046 0.0037933856556738813
basic 0.0016474464579901153 1.4696759700589417 0.00242121247126679
basicWithImages 0.0016474464579901153 2.302585092994046 0.0037933856556738813
relaxed 0.0016474464579901153 2.302585092994046 0.0037933856556738813
If 0.0032948929159802307 0.616186139423817 0.002030267345712741
you 0.0032948929159802307 0.9162907318741551 0.0030190798414304948
need 0.0016474464579901153 1.7147984280919266 0.002825038596527062
more 0.0016474464579901153 0.7339691750802005 0.0012091749177598032
please 0.0016474464579901153 1.8971199848858813 0.0031254035994825063
be 0.0016474464579901153 0.47803580094299974 7.875383870560127E-4
careful 0.0016474464579901153 3.912023005428146 0.006444848443868445
tweak 0.0016474464579901153 3.912023005428146 0.006444848443868445
a 0.0016474464579901153 0.16251892949777494 2.677412347574546E-4
base 0.0016474464579901153 0.9162907318741551 0.0015095399207152474
safelist 0.0032948929159802307 0.9162907318741551 0.0030190798414304948
addTags 0.0016474464579901153 2.302585092994046 0.0037933856556738813
String 0.0016474464579901153 0.4155154439616658 6.845394463948365E-4
tagNames 0.0016474464579901153 3.912023005428146 0.006444848443868445
addAttributes 0.0016474464579901153 2.120263536200091 0.0034930206527184365
tagName 0.0016474464579901153 2.302585092994046 0.0037933856556738813
addEnforcedAttribute 0.0016474464579901153 2.302585092994046 0.0037933856556738813
attribute 0.0032948929159802307 0.6931471805599453 0.0022838457349586335
value 0.0016474464579901153 0.5447271754416719 8.974088557523426E-4
addProtocols 0.0016474464579901153 2.302585092994046 0.0037933856556738813
protocols 0.0016474464579901153 2.120263536200091 0.0034930206527184365
You 0.0032948929159802307 0.9162907318741551 0.0030190798414304948
can 0.0016474464579901153 0.7339691750802005 0.0012091749177598032
remove 0.0032948929159802307 1.4271163556401458 0.00470219557047824
any 0.0016474464579901153 0.5978370007556204 9.849044493502807E-4
setting 0.0016474464579901153 1.6607312068216509 0.0027359657443519784
from 0.0016474464579901153 0.38566248081198473 6.35358287993385E-4
an 0.0032948929159802307 0.4620354595965586 0.0015223573627563712
existing 0.0016474464579901153 1.2729656758128876 0.002097142793760935
removeTags 0.0016474464579901153 2.302585092994046 0.0037933856556738813
removeAttributes 0.0016474464579901153 2.302585092994046 0.0037933856556738813
removeEnforcedAttribute 0.0016474464579901153 2.302585092994046 0.0037933856556738813
removeProtocols 0.0016474464579901153 2.302585092994046 0.0037933856556738813
The 0.0032948929159802307 0.10536051565782635 3.471516166649962E-4
these 0.0016474464579901153 1.5141277326297755 0.002494444370065528
safelists 0.0016474464579901153 3.912023005428146 0.006444848443868445
assume 0.0016474464579901153 3.2188758248682006 0.005302925576389128
that 0.0032948929159802307 0.22314355131420976 7.352341064718608E-4
want 0.0016474464579901153 1.7719568419318754 0.0029192040229520187
clean 0.0016474464579901153 1.4271163556401458 0.00235109778523912
body 0.0016474464579901153 1.6607312068216509 0.0027359657443519784
fragment 0.0016474464579901153 1.7719568419318754 0.0029192040229520187
add 0.0032948929159802307 1.171182981502945 0.003858922509070659
user 0.0016474464579901153 1.0216512475319812 0.0016831157290477451
supplied 0.0016474464579901153 1.5141277326297755 0.002494444370065528
into 0.0016474464579901153 0.8915981192837835 0.0014688601635647175
templated 0.0016474464579901153 3.912023005428146 0.006444848443868445
page 0.0016474464579901153 0.843970070294529 0.0013903955029563905
not 0.0016474464579901153 0.3424903089467759 5.642344463703063E-4
full 0.0016474464579901153 1.3862943611198906 0.0022838457349586335
document 0.0016474464579901153 0.40047756659712536 6.597653485949347E-4
latter 0.0016474464579901153 3.912023005428146 0.006444848443868445
case 0.0016474464579901153 1.3470736479666094 0.0022192317099944143
either 0.0016474464579901153 1.8971199848858813 0.0031254035994825063
wrap 0.0016474464579901153 2.995732273553991 0.004935308523153197
around 0.0016474464579901153 2.0402208285265546 0.003361154577473731
cleaned 0.0016474464579901153 2.207274913189721 0.0036363672375448455
or 0.0016474464579901153 0.2613647641344075 4.3058445491665157E-4
create 0.0032948929159802307 0.8915981192837835 0.002937720327129435
allows 0.0016474464579901153 1.9661128563728327 0.0032390656612402515
html 0.0032948929159802307 0.0 0.0
head 0.0016474464579901153 1.8971199848858813 0.0031254035994825063
as 0.0016474464579901153 0.32850406697203605 5.411928615684284E-4
appropriate 0.0016474464579901153 2.120263536200091 0.0034930206527184365
are 0.0016474464579901153 0.5447271754416719 8.974088557523426E-4
going 0.0016474464579901153 2.8134107167600364 0.004634943520197754
extend 0.0016474464579901153 2.659260036932778 0.004380988528719568
very 0.0016474464579901153 2.207274913189721 0.0036363672375448455
Make 0.0032948929159802307 1.5606477482646683 0.005142167210097754
sure 0.0016474464579901153 2.207274913189721 0.0036363672375448455
understand 0.0016474464579901153 3.2188758248682006 0.005302925576389128
may 0.0016474464579901153 1.07880966137193 0.001777281155472702
lead 0.0016474464579901153 3.912023005428146 0.006444848443868445
XSS 0.0016474464579901153 2.5257286443082556 0.0041610027089098115
attack 0.0016474464579901153 3.2188758248682006 0.005302925576389128
vectors 0.0016474464579901153 3.506557897319982 0.00577686638767707
URL 0.0016474464579901153 1.1086626245216111 0.0018264623138741535
particularly 0.0016474464579901153 3.912023005428146 0.006444848443868445
vulnerable 0.0016474464579901153 3.912023005428146 0.006444848443868445
require 0.0016474464579901153 3.2188758248682006 0.005302925576389128
validation 0.0016474464579901153 1.7719568419318754 0.0029192040229520187
See 0.0032948929159802307 0.3566749439387324 0.0011752057460913752
Filter 0.0016474464579901153 1.9661128563728327 0.0032390656612402515
Evasion 0.0016474464579901153 3.912023005428146 0.006444848443868445
Cheat 0.0016474464579901153 3.912023005428146 0.006444848443868445
Sheet 0.0016474464579901153 3.2188758248682006 0.005302925576389128
for 0.0032948929159802307 0.083381608939051 2.7473347261631304E-4
some 0.0016474464579901153 2.0402208285265546 0.003361154577473731
examples 0.0016474464579901153 0.7985076962177716 0.001315498675811815
will 0.0016474464579901153 0.5447271754416719 8.974088557523426E-4
safegaurd 0.0016474464579901153 3.912023005428146 0.006444848443868445
against 0.0016474464579901153 1.4271163556401458 0.00235109778523912
default 0.0016474464579901153 1.0216512475319812 0.0016831157290477451
Cleaner 0.0032948929159802307 0.9162907318741551 0.0030190798414304948
configuration 0.0016474464579901153 2.207274913189721 0.0036363672375448455
Constructor 0.0016474464579901153 0.6733445532637655 0.001109299099281327
Summary 0.0016474464579901153 0.6931471805599453 0.0011419228674793168
Constructors 0.0016474464579901153 0.8915981192837835 0.0014688601635647175
Description 0.0016474464579901153 0.24846135929849972 4.0932678632372277E-4
Create 0.0032948929159802307 0.8915981192837835 0.002937720327129435
new 0.0016474464579901153 0.616186139423817 0.0010151336728563705
empty 0.0016474464579901153 1.4696759700589417 0.00242121247126679
copy 0.0016474464579901153 2.207274913189721 0.0036363672375448455
Deep 0.0016474464579901153 2.995732273553991 0.004935308523153197
Method 0.0016474464579901153 0.32850406697203605 5.411928615684284E-4
Modifier 0.0016474464579901153 0.653926467406664 0.0010773088425150973
Type 0.0016474464579901153 0.44628710262841953 7.352341064718608E-4
tag 0.0032948929159802307 0.843970070294529 0.002780791005912781
Add 0.0032948929159802307 1.171182981502945 0.003858922509070659
list 0.0032948929159802307 0.653926467406664 0.0021546176850301946
allowed 0.0016474464579901153 1.3862943611198906 0.0022838457349586335
enforced 0.0016474464579901153 1.8971199848858813 0.0031254035994825063
element 0.0032948929159802307 0.7339691750802005 0.0024183498355196064
s 0.0016474464579901153 0.5447271754416719 8.974088557523426E-4
tags 0.0016474464579901153 1.3093333199837622 0.0021570565403356873
static 0.0016474464579901153 0.5621189181535412 9.26060820681287E-4
This 0.0032948929159802307 0.3424903089467759 0.0011284688927406126
fuller 0.0016474464579901153 3.2188758248682006 0.005302925576389128
range 0.0016474464579901153 2.0402208285265546 0.003361154577473731
text 0.0016474464579901153 1.1086626245216111 0.0018264623138741535
nodes 0.0016474464579901153 0.7550225842780328 0.0012438592821713884
b 0.0016474464579901153 2.407945608651872 0.003966961464006378
blockquote 0.0016474464579901153 3.2188758248682006 0.005302925576389128
br 0.0016474464579901153 2.8134107167600364 0.004634943520197754
cite 0.0016474464579901153 3.2188758248682006 0.005302925576389128
code 0.0016474464579901153 0.5108256237659907 8.415578645238727E-4
dd 0.0016474464579901153 2.8134107167600364 0.004634943520197754
dl 0.0016474464579901153 3.2188758248682006 0.005302925576389128
dt 0.0016474464579901153 3.2188758248682006 0.005302925576389128
em 0.0016474464579901153 2.8134107167600364 0.004634943520197754
i 0.0032948929159802307 1.3093333199837622 0.004314113080671375
li 0.0016474464579901153 3.2188758248682006 0.005302925576389128
ol 0.0016474464579901153 2.659260036932778 0.004380988528719568
p 0.0016474464579901153 2.120263536200091 0.0034930206527184365
pre 0.0016474464579901153 2.5257286443082556 0.0041610027089098115
q 0.0016474464579901153 2.8134107167600364 0.004634943520197754
small 0.0016474464579901153 1.9661128563728327 0.0032390656612402515
span 0.0016474464579901153 2.8134107167600364 0.004634943520197754
strike 0.0016474464579901153 3.2188758248682006 0.005302925576389128
strong 0.0016474464579901153 2.659260036932778 0.004380988528719568
sub 0.0016474464579901153 2.659260036932778 0.004380988528719568
sup 0.0016474464579901153 3.2188758248682006 0.005302925576389128
u 0.0016474464579901153 2.120263536200091 0.0034930206527184365
ul 0.0016474464579901153 3.2188758248682006 0.005302925576389128
same 0.0016474464579901153 0.9942522733438669 0.0016379773860689735
also 0.0032948929159802307 0.5108256237659907 0.0016831157290477454
img 0.0016474464579901153 2.8134107167600364 0.004634943520197754
src 0.0016474464579901153 2.8134107167600364 0.004634943520197754
pointing 0.0016474464579901153 3.2188758248682006 0.005302925576389128
http 0.0016474464579901153 1.1394342831883648 0.0018771569739511776
https 0.0016474464579901153 1.6607312068216509 0.0027359657443519784
protected 0.0016474464579901153 1.1394342831883648 0.0018771569739511776
boolean 0.0016474464579901153 0.653926467406664 0.0010773088425150973
isSafeAttribute 0.0016474464579901153 2.302585092994046 0.0037933856556738813
Element 0.0032948929159802307 0.7339691750802005 0.0024183498355196064
el 0.0016474464579901153 2.5257286443082556 0.0041610027089098115
Attribute 0.0032948929159802307 0.6931471805599453 0.0022838457349586335
attr 0.0016474464579901153 1.7719568419318754 0.0029192040229520187
Test 0.0032948929159802307 1.1394342831883648 0.003754313947902355
if 0.0032948929159802307 0.616186139423817 0.002030267345712741
by 0.0032948929159802307 0.27443684570176036 9.042400187866898E-4
this 0.0032948929159802307 0.3424903089467759 0.0011284688927406126
isSafeTag 0.0016474464579901153 2.8134107167600364 0.004634943520197754
only 0.0016474464579901153 0.843970070294529 0.0013903955029563905
all 0.0032948929159802307 0.05129329438755048 1.690059123148286E-4
stripped 0.0016474464579901153 3.2188758248682006 0.005302925576389128
preserveRelativeLinks 0.0016474464579901153 1.8971199848858813 0.0031254035994825063
preserve 0.0016474464579901153 1.7719568419318754 0.0029192040229520187
Configure 0.0016474464579901153 2.302585092994046 0.0037933856556738813
relative 0.0016474464579901153 1.7719568419318754 0.0029192040229520187
in 0.0016474464579901153 0.1508228897345837 2.4847263547707365E-4
convert 0.0016474464579901153 2.5257286443082556 0.0041610027089098115
them 0.0016474464579901153 1.7719568419318754 0.0029192040229520187
absolute 0.0016474464579901153 1.9661128563728327 0.0032390656612402515
structural 0.0016474464579901153 2.407945608651872 0.003966961464006378
caption 0.0016474464579901153 2.8134107167600364 0.004634943520197754
col 0.0016474464579901153 3.2188758248682006 0.005302925576389128
colgroup 0.0016474464579901153 3.2188758248682006 0.005302925576389128
div 0.0016474464579901153 2.8134107167600364 0.004634943520197754
h 0.0016474464579901153 2.5257286443082556 0.0041610027089098115
table 0.0016474464579901153 1.5606477482646683 0.002571083605048877
tbody 0.0016474464579901153 3.2188758248682006 0.005302925576389128
td 0.0016474464579901153 3.2188758248682006 0.005302925576389128
tfoot 0.0016474464579901153 3.2188758248682006 0.005302925576389128
th 0.0016474464579901153 2.8134107167600364 0.004634943520197754
thead 0.0016474464579901153 3.2188758248682006 0.005302925576389128
tr 0.0016474464579901153 2.8134107167600364 0.004634943520197754
Remove 0.0032948929159802307 1.4271163556401458 0.00470219557047824
previously 0.0016474464579901153 2.120263536200091 0.0034930206527184365
configured 0.0016474464579901153 2.302585092994046 0.0037933856556738813
simple 0.0016474464579901153 1.4271163556401458 0.00235109778523912
formatting 0.0016474464579901153 2.659260036932778 0.004380988528719568
Methods 0.0016474464579901153 0.24846135929849972 4.0932678632372277E-4
inherited 0.0016474464579901153 0.9942522733438669 0.0016379773860689735
clone 0.0016474464579901153 0.8209805520698303 0.0013525215025862116
equals 0.0016474464579901153 0.9942522733438669 0.0016379773860689735
finalize 0.0016474464579901153 1.07880966137193 0.001777281155472702
getClass 0.0016474464579901153 1.07880966137193 0.001777281155472702
hashCode 0.0016474464579901153 0.9942522733438669 0.0016379773860689735
notify 0.0016474464579901153 1.0498221244986776 0.0017295257405250044
notifyAll 0.0016474464579901153 1.07880966137193 0.001777281155472702
toString 0.0016474464579901153 0.9675840262617057 0.0015940428768726619
wait 0.0016474464579901153 0.9942522733438669 0.0016379773860689735
Details 0.0016474464579901153 0.7550225842780328 0.0012438592821713884
Generally 0.0016474464579901153 1.3470736479666094 0.0022192317099944143
it 0.0016474464579901153 0.47803580094299974 7.875383870560127E-4
better 0.0016474464579901153 2.407945608651872 0.003966961464006378
start 0.0032948929159802307 2.0402208285265546 0.006722309154947462
prepared 0.0016474464579901153 3.912023005428146 0.006444848443868445
instead 0.0016474464579901153 1.6607312068216509 0.0027359657443519784
Also 0.0032948929159802307 0.5108256237659907 0.0016831157290477454
Parameters 0.0016474464579901153 0.5978370007556204 9.849044493502807E-4
Returns 0.0016474464579901153 0.9942522733438669 0.0016379773860689735
All 0.0032948929159802307 0.05129329438755048 1.690059123148286E-4
other 0.0016474464579901153 0.8915981192837835 0.0014688601635647175
Links 0.0032948929159802307 0.0408219945202552 1.3450410056097266E-4
point 0.0016474464579901153 1.7719568419318754 0.0029192040229520187
ftp 0.0016474464579901153 3.2188758248682006 0.005302925576389128
mailto 0.0016474464579901153 3.912023005428146 0.006444848443868445
have 0.0016474464579901153 0.9416085398584451 0.0015512496538030397
rel 0.0016474464579901153 3.2188758248682006 0.005302925576389128
nofollow 0.0016474464579901153 3.2188758248682006 0.005302925576389128
Does 0.0032948929159802307 0.7339691750802005 0.0024183498355196064
images 0.0016474464579901153 2.5257286443082556 0.0041610027089098115
do 0.0016474464579901153 0.9162907318741551 0.0015095399207152474
but 0.0016474464579901153 0.8209805520698303 0.0013525215025862116
desired 0.0016474464579901153 3.2188758248682006 0.005302925576389128
names 0.0016474464579901153 1.6094379124341003 0.002651462788194564
chaining 0.0016474464579901153 1.7719568419318754 0.0029192040229520187
disallow 0.0016474464579901153 3.2188758248682006 0.005302925576389128
on 0.0016474464579901153 0.5447271754416719 8.974088557523426E-4
E 0.0032948929159802307 0.7765287894989963 0.0025585792075749464
g 0.0016474464579901153 1.5606477482646683 0.002571083605048877
href 0.0016474464579901153 1.5606477482646683 0.002571083605048877
To 0.0032948929159802307 0.17435338714477774 5.744757401804869E-4
make 0.0032948929159802307 1.5606477482646683 0.005142167210097754
valid 0.0016474464579901153 2.302585092994046 0.0037933856556738813
use 0.0032948929159802307 0.010050335853501506 3.311478040692424E-5
pseudo 0.0016474464579901153 2.8134107167600364 0.004634943520197754
e 0.0032948929159802307 0.7765287894989963 0.0025585792075749464
added 0.0016474464579901153 1.6607312068216509 0.0027359657443519784
necessary 0.0016474464579901153 2.407945608651872 0.003966961464006378
List 0.0032948929159802307 0.653926467406664 0.0021546176850301946
disallows 0.0016474464579901153 3.2188758248682006 0.005302925576389128
invalid 0.0016474464579901153 1.3862943611198906 0.0022838457349586335
An 0.0032948929159802307 0.4620354595965586 0.0015223573627563712
always 0.0016474464579901153 2.0402208285265546 0.003361154577473731
already 0.0016474464579901153 1.8971199848858813 0.0031254035994825063
has 0.0016474464579901153 0.7550225842780328 0.0012438592821713884
set 0.0016474464579901153 0.4620354595965586 7.611786813781856E-4
overridden 0.0016474464579901153 2.8134107167600364 0.004634943520197754
output 0.0016474464579901153 0.9675840262617057 0.0015940428768726619
name 0.0016474464579901153 0.6931471805599453 0.0011419228674793168
By 0.0032948929159802307 0.27443684570176036 9.042400187866898E-4
false 0.0016474464579901153 1.1394342831883648 0.0018771569739511776
URLs 0.0016474464579901153 1.6607312068216509 0.0027359657443519784
made 0.0016474464579901153 1.8325814637483102 0.0030190798414304948
protocol 0.0016474464579901153 2.0402208285265546 0.003361154577473731
like 0.0016474464579901153 1.171182981502945 0.0019294612545353296
Note 0.0016474464579901153 1.3093333199837622 0.0021570565403356873
when 0.0016474464579901153 0.843970070294529 0.0013903955029563905
handling 0.0016474464579901153 2.120263536200091 0.0034930206527184365
input 0.0016474464579901153 1.0216512475319812 0.0016831157290477451
must 0.0016474464579901153 1.1086626245216111 0.0018264623138741535
URI 0.0016474464579901153 1.5606477482646683 0.002571083605048877
parsing 0.0016474464579901153 1.2729656758128876 0.002097142793760935
so 0.0016474464579901153 1.3093333199837622 0.0021570565403356873
link 0.0016474464579901153 2.0402208285265546 0.003361154577473731
confirmed 0.0016474464579901153 3.2188758248682006 0.005302925576389128
Regardless 0.0016474464579901153 2.302585092994046 0.0037933856556738813
option 0.0016474464579901153 2.407945608651872 0.003966961464006378
resolvable 0.0016474464579901153 3.2188758248682006 0.005302925576389128
otherwise 0.0016474464579901153 1.2378743560016172 0.002039331723231659
true 0.0016474464579901153 1.1086626245216111 0.0018264623138741535
deny 0.0016474464579901153 3.2188758248682006 0.005302925576389128
restricts 0.0016474464579901153 3.2188758248682006 0.005302925576389128
possible 0.0016474464579901153 1.7719568419318754 0.0029192040229520187
values 0.0016474464579901153 1.0216512475319812 0.0016831157290477451
defined 0.0016474464579901153 1.1394342831883648 0.0018771569739511776
anchor 0.0016474464579901153 2.8134107167600364 0.004634943520197754
Tag 0.0032948929159802307 0.843970070294529 0.002780791005912781
test 0.0032948929159802307 1.1394342831883648 0.003754313947902355
consider 0.0016474464579901153 2.5257286443082556 0.0041610027089098115
allowing 0.0016474464579901153 2.407945608651872 0.003966961464006378
under 0.0016474464579901153 2.407945608651872 0.003966961464006378
confirm 0.0016474464579901153 3.2188758248682006 0.005302925576389128
Copyright 0.0016474464579901153 0.06187540371808745 1.0193641469207158E-4
Jonathan 0.0016474464579901153 0.0 0.0
Hedley 0.0016474464579901153 0.0 0.0
rights 0.0016474464579901153 0.06187540371808745 1.0193641469207158E-4
reserved 0.0016474464579901153 0.06187540371808745 1.0193641469207158E-4
javax 0.0016474464579901153 1.3093333199837622 0.0021570565403356873
swing 0.0016474464579901153 1.9661128563728327 0.0032390656612402515
JToolBar 0.0016474464579901153 2.407945608651872 0.003966961464006378
Separator 0.0016474464579901153 2.407945608651872 0.003966961464006378
title 0.0016474464579901153 1.8971199848858813 0.0031254035994825063
JSlider 0.0016474464579901153 2.407945608651872 0.003966961464006378
implements 0.0016474464579901153 0.6931471805599453 0.0011419228674793168
accessibility 0.0016474464579901153 1.9661128563728327 0.0032390656612402515
Accessible 0.0016474464579901153 2.407945608651872 0.003966961464006378
SwingConstants 0.0016474464579901153 2.5257286443082556 0.0041610027089098115
JSpinner 0.0016474464579901153 2.407945608651872 0.003966961464006378
JSplitPane 0.0016474464579901153 2.407945608651872 0.003966961464006378
JTabbedPane 0.0016474464579901153 2.407945608651872 0.003966961464006378
io 0.0016474464579901153 1.5606477482646683 0.002571083605048877
Serializable 0.0016474464579901153 1.4271163556401458 0.00235109778523912
JTable 0.0016474464579901153 1.9661128563728327 0.0032390656612402515
event 0.0016474464579901153 1.6094379124341003 0.002651462788194564
CellEditorListener 0.0016474464579901153 2.8134107167600364 0.004634943520197754
ListSelectionListener 0.0016474464579901153 2.8134107167600364 0.004634943520197754
RowSorterListener 0.0016474464579901153 2.8134107167600364 0.004634943520197754
Scrollable 0.0016474464579901153 2.120263536200091 0.0034930206527184365
TableColumnModelListener 0.0016474464579901153 2.8134107167600364 0.004634943520197754
TableModelListener 0.0016474464579901153 2.8134107167600364 0.004634943520197754
JTextComponent 0.0016474464579901153 2.8134107167600364 0.004634943520197754
JEditorPane 0.0016474464579901153 2.207274913189721 0.0036363672375448455
JTextPane 0.0016474464579901153 2.659260036932778 0.004380988528719568
JTextArea 0.0016474464579901153 2.659260036932778 0.004380988528719568
JTextField 0.0016474464579901153 2.407945608651872 0.003966961464006378
JFormattedTextField 0.0016474464579901153 2.659260036932778 0.004380988528719568
JPasswordField 0.0016474464579901153 2.659260036932778 0.004380988528719568
JToolTip 0.0016474464579901153 2.659260036932778 0.004380988528719568
JTree 0.0016474464579901153 2.120263536200091 0.0034930206527184365
JViewport 0.0016474464579901153 2.207274913189721 0.0036363672375448455
awt 0.0016474464579901153 1.9661128563728327 0.0032390656612402515
Panel 0.0016474464579901153 2.5257286443082556 0.0041610027089098115
applet 0.0032948929159802307 2.659260036932778 0.008761977057439136
Applet 0.0032948929159802307 2.659260036932778 0.008761977057439136
JApplet 0.0016474464579901153 2.407945608651872 0.003966961464006378
RootPaneContainer 0.0016474464579901153 2.5257286443082556 0.0041610027089098115
Window 0.0016474464579901153 1.9661128563728327 0.0032390656612402515
Dialog 0.0016474464579901153 2.207274913189721 0.0036363672375448455
JDialog 0.0016474464579901153 2.407945608651872 0.003966961464006378
WindowConstants 0.0016474464579901153 2.5257286443082556 0.0041610027089098115
Frame 0.0016474464579901153 2.207274913189721 0.0036363672375448455
MenuContainer 0.0016474464579901153 2.8134107167600364 0.004634943520197754
JFrame 0.0016474464579901153 2.407945608651872 0.003966961464006378
JWindow 0.0016474464579901153 2.407945608651872 0.003966961464006378
ComponentAdapter 0.0016474464579901153 3.2188758248682006 0.005302925576389128
ComponentListener 0.0016474464579901153 2.8134107167600364 0.004634943520197754
ViewListener 0.0016474464579901153 2.995732273553991 0.004935308523153197
DefaultBoundedRangeModel 0.0016474464579901153 2.659260036932778 0.004380988528719568
BoundedRangeModel 0.0016474464579901153 2.302585092994046 0.0037933856556738813
DefaultButtonModel 0.0016474464579901153 2.407945608651872 0.003966961464006378
ButtonModel 0.0016474464579901153 2.302585092994046 0.0037933856556738813
JToggleButton 0.0016474464579901153 2.659260036932778 0.004380988528719568
ToggleButtonModel 0.0016474464579901153 2.995732273553991 0.004935308523153197
DefaultCellEditor 0.0016474464579901153 2.407945608651872 0.003966961464006378
EditorDelegate 0.0016474464579901153 2.659260036932778 0.004380988528719568
ActionListener 0.0016474464579901153 2.0402208285265546 0.003361154577473731
ItemListener 0.0016474464579901153 2.8134107167600364 0.004634943520197754
DefaultDesktopManager 0.0016474464579901153 2.659260036932778 0.004380988528719568
DesktopManager 0.0016474464579901153 2.302585092994046 0.0037933856556738813
DefaultListSelectionModel 0.0016474464579901153 2.407945608651872 0.003966961464006378
Cloneable 0.0016474464579901153 1.3093333199837622 0.0021570565403356873
ListSelectionModel 0.0016474464579901153 2.302585092994046 0.0037933856556738813
tree 0.0032948929159802307 0.0408219945202552 1.3450410056097266E-4
DefaultMutableTreeNode 0.0016474464579901153 2.8134107167600364 0.004634943520197754
MutableTreeNode 0.0016474464579901153 2.8134107167600364 0.004634943520197754
DynamicUtilTreeNode 0.0016474464579901153 2.995732273553991 0.004935308523153197
DefaultRowSorter 0.0016474464579901153 2.302585092994046 0.0037933856556738813
ModelWrapper 0.0016474464579901153 2.659260036932778 0.004380988528719568
M 0.0016474464579901153 1.8971199848858813 0.0031254035994825063
I 0.0032948929159802307 1.3093333199837622 0.004314113080671375
DefaultSingleSelectionModel 0.0016474464579901153 2.659260036932778 0.004380988528719568
SingleSelectionModel 0.0016474464579901153 2.302585092994046 0.0037933856556738813
DefaultTreeSelectionModel 0.0016474464579901153 2.5257286443082556 0.0041610027089098115
TreeSelectionModel 0.0016474464579901153 2.407945608651872 0.003966961464006378
EmptySelectionModel 0.0016474464579901153 2.407945608651872 0.003966961464006378
util 0.0016474464579901153 1.2729656758128876 0.002097142793760935
Dictionary 0.0016474464579901153 3.2188758248682006 0.005302925576389128
K 0.0016474464579901153 1.9661128563728327 0.0032390656612402515
V 0.0016474464579901153 1.3470736479666094 0.0022192317099944143
Hashtable 0.0016474464579901153 3.2188758248682006 0.005302925576389128
Map 0.0016474464579901153 1.2378743560016172 0.002039331723231659
UIDefaults 0.0016474464579901153 2.302585092994046 0.0037933856556738813
FocusTraversalPolicy 0.0016474464579901153 2.407945608651872 0.003966961464006378
InternalFrameFocusTraversalPolicy 0.0016474464579901153 2.659260036932778 0.004380988528719568
SortingFocusTraversalPolicy 0.0016474464579901153 2.407945608651872 0.003966961464006378
LayoutFocusTraversalPolicy 0.0016474464579901153 2.659260036932778 0.004380988528719568
Graphics 0.0016474464579901153 2.207274913189721 0.0036363672375448455
DebugGraphics 0.0016474464579901153 2.995732273553991 0.004935308523153197
GroupLayout 0.0016474464579901153 2.302585092994046 0.0037933856556738813
LayoutManager 0.0016474464579901153 2.5257286443082556 0.0041610027089098115
Group 0.0016474464579901153 2.120263536200091 0.0034930206527184365
ParallelGroup 0.0016474464579901153 2.5257286443082556 0.0041610027089098115
SequentialGroup 0.0016474464579901153 2.659260036932778 0.004380988528719568
image 0.0016474464579901153 1.7147984280919266 0.002825038596527062
ImageFilter 0.0016474464579901153 2.8134107167600364 0.004634943520197754
ImageConsumer 0.0016474464579901153 2.8134107167600364 0.004634943520197754
RGBImageFilter 0.0016474464579901153 3.2188758248682006 0.005302925576389128
GrayFilter 0.0016474464579901153 2.995732273553991 0.004935308523153197
ImageIcon 0.0016474464579901153 2.995732273553991 0.004935308523153197
Icon 0.0016474464579901153 2.0402208285265546 0.003361154577473731
InputMap 0.0016474464579901153 2.407945608651872 0.003966961464006378
ComponentInputMap 0.0016474464579901153 2.659260036932778 0.004380988528719568
InputStream 0.0016474464579901153 1.5141277326297755 0.002494444370065528
Closeable 0.0016474464579901153 2.8134107167600364 0.004634943520197754
FilterInputStream 0.0016474464579901153 2.5257286443082556 0.0041610027089098115
ProgressMonitorInputStream 0.0016474464579901153 2.995732273553991 0.004935308523153197
InputVerifier 0.0016474464579901153 2.659260036932778 0.004380988528719568
JComponent 0.0016474464579901153 2.207274913189721 0.0036363672375448455
AccessibleJComponent 0.0016474464579901153 2.659260036932778 0.004380988528719568
AccessibleContainerHandler 0.0016474464579901153 2.995732273553991 0.004935308523153197
ContainerListener 0.0016474464579901153 2.8134107167600364 0.004634943520197754
AccessibleFocusHandler 0.0016474464579901153 2.995732273553991 0.004935308523153197
FocusListener 0.0016474464579901153 2.8134107167600364 0.004634943520197754
AbstractFormatter 0.0016474464579901153 2.659260036932778 0.004380988528719568
AbstractFormatterFactory 0.0016474464579901153 2.659260036932778 0.004380988528719568
JRootPane 0.0016474464579901153 2.207274913189721 0.0036363672375448455
RootLayout 0.0016474464579901153 2.995732273553991 0.004935308523153197
ModelListener 0.0016474464579901153 3.506557897319982 0.00577686638767707
ChangeListener 0.0016474464579901153 2.407945608651872 0.003966961464006378
AccessibleJTable 0.0016474464579901153 2.995732273553991 0.004935308523153197
AccessibleJTableModelChange 0.0016474464579901153 3.506557897319982 0.00577686638767707
AccessibleTableModelChange 0.0016474464579901153 2.8134107167600364 0.004634943520197754
TreeModelHandler 0.0016474464579901153 3.506557897319982 0.00577686638767707
TreeModelListener 0.0016474464579901153 2.8134107167600364 0.004634943520197754
TreeSelectionRedirector 0.0016474464579901153 2.995732273553991 0.004935308523153197
TreeSelectionListener 0.0016474464579901153 2.8134107167600364 0.004634943520197754
KeyboardFocusManager 0.0016474464579901153 2.5257286443082556 0.0041610027089098115
KeyEventDispatcher 0.0016474464579901153 2.8134107167600364 0.004634943520197754
KeyEventPostProcessor 0.0016474464579901153 2.8134107167600364 0.004634943520197754
DefaultKeyboardFocusManager 0.0016474464579901153 2.995732273553991 0.004935308523153197
FocusManager 0.0016474464579901153 2.302585092994046 0.0037933856556738813
DefaultFocusManager 0.0016474464579901153 2.8134107167600364 0.004634943520197754
LayoutStyle 0.0016474464579901153 2.302585092994046 0.0037933856556738813
LookAndFeel 0.0016474464579901153 2.302585092994046 0.0037933856556738813
MenuSelectionManager 0.0016474464579901153 2.302585092994046 0.0037933856556738813
MouseAdapter 0.0016474464579901153 2.995732273553991 0.004935308523153197
MouseListener 0.0016474464579901153 2.659260036932778 0.004380988528719568
MouseMotionListener 0.0016474464579901153 2.659260036932778 0.004380988528719568
MouseWheelListener 0.0016474464579901153 2.659260036932778 0.004380988528719568
ToolTipManager 0.0016474464579901153 2.302585092994046 0.0037933856556738813
OverlayLayout 0.0016474464579901153 2.5257286443082556 0.0041610027089098115
Popup 0.0016474464579901153 2.302585092994046 0.0037933856556738813
PopupFactory 0.0016474464579901153 2.5257286443082556 0.0041610027089098115
ProgressMonitor 0.0016474464579901153 2.302585092994046 0.0037933856556738813
RepaintManager 0.0016474464579901153 2.302585092994046 0.0037933856556738813
RowFilter 0.0016474464579901153 2.302585092994046 0.0037933856556738813
Entry 0.0016474464579901153 1.6607312068216509 0.0027359657443519784
RowSorter 0.0016474464579901153 2.302585092994046 0.0037933856556738813
SortKey 0.0016474464579901153 2.5257286443082556 0.0041610027089098115
ScrollPaneLayout 0.0016474464579901153 2.120263536200091 0.0034930206527184365
ScrollPaneConstants 0.0016474464579901153 2.5257286443082556 0.0041610027089098115
UIResource 0.0016474464579901153 2.5257286443082556 0.0041610027089098115
plaf 0.0016474464579901153 2.0402208285265546 0.003361154577473731
SizeRequirements 0.0016474464579901153 2.302585092994046 0.0037933856556738813
SizeSequence 0.0016474464579901153 2.8134107167600364 0.004634943520197754
Spring 0.0016474464579901153 2.5257286443082556 0.0041610027089098115
SpringLayout 0.0016474464579901153 2.302585092994046 0.0037933856556738813
Constraints 0.0016474464579901153 2.120263536200091 0.0034930206527184365
SwingUtilities 0.0016474464579901153 2.5257286443082556 0.0041610027089098115
SwingWorker 0.0016474464579901153 2.302585092994046 0.0037933856556738813
T 0.0016474464579901153 1.2729656758128876 0.002097142793760935
concurrent 0.0016474464579901153 2.5257286443082556 0.0041610027089098115
RunnableFuture 0.0016474464579901153 2.995732273553991 0.004935308523153197
Throwable 0.0016474464579901153 1.9661128563728327 0.0032390656612402515
Exception 0.0016474464579901153 1.4271163556401458 0.00235109778523912
UnsupportedLookAndFeelException 0.0016474464579901153 2.5257286443082556 0.0041610027089098115
Timer 0.0016474464579901153 2.120263536200091 0.0034930206527184365
insideTimerAction 0.0016474464579901153 2.8134107167600364 0.004634943520197754
outsideTimerAction 0.0016474464579901153 2.8134107167600364 0.004634943520197754
stillInsideTimerAction 0.0016474464579901153 2.8134107167600364 0.004634943520197754
TransferHandler 0.0016474464579901153 2.5257286443082556 0.0041610027089098115
DropLocation 0.0016474464579901153 2.5257286443082556 0.0041610027089098115
JList 0.0016474464579901153 2.120263536200091 0.0034930206527184365
TransferSupport 0.0016474464579901153 2.5257286443082556 0.0041610027089098115
LazyInputMap 0.0016474464579901153 2.8134107167600364 0.004634943520197754
LazyValue 0.0016474464579901153 2.5257286443082556 0.0041610027089098115
ProxyLazyValue 0.0016474464579901153 2.8134107167600364 0.004634943520197754
UIManager 0.0016474464579901153 2.120263536200091 0.0034930206527184365
LookAndFeelInfo 0.0016474464579901153 2.5257286443082556 0.0041610027089098115
ViewportLayout 0.0016474464579901153 2.5257286443082556 0.0041610027089098115
WindowAdapter 0.0016474464579901153 2.995732273553991 0.004935308523153197
WindowFocusListener 0.0016474464579901153 2.659260036932778 0.004380988528719568
WindowListener 0.0016474464579901153 2.659260036932778 0.004380988528719568
WindowStateListener 0.0016474464579901153 2.659260036932778 0.004380988528719568
JMenu 0.0016474464579901153 2.302585092994046 0.0037933856556738813
WinListener 0.0016474464579901153 2.8134107167600364 0.004634943520197754
Interface 0.0016474464579901153 0.653926467406664 0.0010773088425150973
Hierarchy 0.0016474464579901153 1.5606477482646683 0.002571083605048877
CellEditor 0.0016474464579901153 2.302585092994046 0.0037933856556738813
ComboBoxEditor 0.0016474464579901153 2.302585092994046 0.0037933856556738813
EventListener 0.0016474464579901153 2.659260036932778 0.004380988528719568
Action 0.0016474464579901153 2.0402208285265546 0.003361154577473731
ItemSelectable 0.0016474464579901153 2.659260036932778 0.004380988528719568
JComboBox 0.0016474464579901153 2.302585092994046 0.0037933856556738813
KeySelectionManager 0.0016474464579901153 2.5257286443082556 0.0041610027089098115
ListCellRenderer 0.0016474464579901153 2.5257286443082556 0.0041610027089098115
ListModel 0.0016474464579901153 2.302585092994046 0.0037933856556738813
ComboBoxModel 0.0016474464579901153 2.5257286443082556 0.0041610027089098115
MutableComboBoxModel 0.0016474464579901153 2.302585092994046 0.0037933856556738813
MenuElement 0.0016474464579901153 2.5257286443082556 0.0041610027089098115
Painter 0.0016474464579901153 2.302585092994046 0.0037933856556738813
Renderer 0.0016474464579901153 2.5257286443082556 0.0041610027089098115
SpinnerModel 0.0016474464579901153 2.302585092994046 0.0037933856556738813
ActiveValue 0.0016474464579901153 2.8134107167600364 0.004634943520197754
Enum 0.0016474464579901153 1.5141277326297755 0.002494444370065528
Comparable 0.0016474464579901153 2.120263536200091 0.0034930206527184365
Alignment 0.0016474464579901153 2.120263536200091 0.0034930206527184365
SortOrder 0.0016474464579901153 2.5257286443082556 0.0041610027089098115
StateValue 0.0016474464579901153 2.5257286443082556 0.0041610027089098115
DropMode 0.0016474464579901153 2.5257286443082556 0.0041610027089098115
ComponentPlacement 0.0016474464579901153 2.302585092994046 0.0037933856556738813
ComparisonType 0.0016474464579901153 2.5257286443082556 0.0041610027089098115
PrintMode 0.0016474464579901153 2.5257286443082556 0.0041610027089098115
Platform 0.0016474464579901153 1.07880966137193 0.001777281155472702
Standard 0.0016474464579901153 1.1394342831883648 0.0018771569739511776
Ed 0.0016474464579901153 1.2729656758128876 0.002097142793760935
Prev 0.0016474464579901153 1.2729656758128876 0.002097142793760935
Next 0.0016474464579901153 1.171182981502945 0.0019294612545353296
Frames 0.0016474464579901153 1.3470736479666094 0.0022192317099944143
No 0.0016474464579901153 0.5798184952529422 9.55219926281618E-4
Classes 0.0016474464579901153 0.7133498878774648 0.0011752057460913752
Submit 0.0016474464579901153 1.07880966137193 0.001777281155472702
bug 0.0016474464579901153 1.1086626245216111 0.0018264623138741535
feature 0.0016474464579901153 1.1394342831883648 0.0018771569739511776
For 0.0032948929159802307 0.083381608939051 2.7473347261631304E-4
further 0.0016474464579901153 0.9416085398584451 0.0015512496538030397
reference 0.0016474464579901153 0.843970070294529 0.0013903955029563905
developer 0.0016474464579901153 1.07880966137193 0.001777281155472702
documentation 0.0032948929159802307 0.9416085398584451 0.0031024993076060794
see 0.0032948929159802307 0.3566749439387324 0.0011752057460913752
SE 0.0016474464579901153 1.1086626245216111 0.0018264623138741535
Documentation 0.0032948929159802307 0.9416085398584451 0.0031024993076060794
That 0.0032948929159802307 0.22314355131420976 7.352341064718608E-4
contains 0.0016474464579901153 0.5798184952529422 9.55219926281618E-4
detailed 0.0016474464579901153 1.0498221244986776 0.0017295257405250044
targeted 0.0016474464579901153 1.171182981502945 0.0019294612545353296
descriptions 0.0016474464579901153 1.0498221244986776 0.0017295257405250044
conceptual 0.0016474464579901153 1.171182981502945 0.0019294612545353296
overviews 0.0016474464579901153 1.171182981502945 0.0019294612545353296
definitions 0.0016474464579901153 0.7765287894989963 0.0012792896037874732
terms 0.0016474464579901153 1.0216512475319812 0.0016831157290477451
workarounds 0.0016474464579901153 1.171182981502945 0.0019294612545353296
working 0.0016474464579901153 0.9942522733438669 0.0016379773860689735
Oracle 0.0016474464579901153 0.8915981192837835 0.0014688601635647175
its 0.0016474464579901153 0.8675005677047231 0.0014291607375695602
affiliates 0.0016474464579901153 1.171182981502945 0.0019294612545353296
subject 0.0016474464579901153 1.1394342831883648 0.0018771569739511776
license 0.0016474464579901153 1.1086626245216111 0.0018264623138741535
redistribution 0.0016474464579901153 1.171182981502945 0.0019294612545353296
policy 0.0016474464579901153 1.0216512475319812 0.0016831157290477451
Scripting 0.0016474464579901153 1.0216512475319812 0.0016831157290477451
tracks 0.0016474464579901153 1.07880966137193 0.001777281155472702
web 0.0016474464579901153 0.8209805520698303 0.0013525215025862116
traffic 0.0016474464579901153 1.1086626245216111 0.0018264623138741535
does 0.0032948929159802307 0.7339691750802005 0.0024183498355196064
change 0.0016474464579901153 0.9162907318741551 0.0015095399207152474
content 0.0016474464579901153 0.44628710262841953 7.352341064718608E-4
way 0.0016474464579901153 1.1086626245216111 0.0018264623138741535
