org 0.00851063829787234 0.05129329438755048 4.365386756387275E-4
jsoup 0.02553191489361702 0.0 0.0
safety 0.00851063829787234 0.9162907318741551 0.00779821899467366
Java 0.029787234042553193 0.010050335853501506 2.99371706274513E-4
HTML 0.01702127659574468 0.0 0.0
Parser 0.00425531914893617 0.0 0.0
API 0.00851063829787234 0.0 0.0
Skip 0.00851063829787234 0.06187540371808745 5.265991805794677E-4
navigation 0.00851063829787234 0.06187540371808745 5.265991805794677E-4
links 0.00851063829787234 0.0408219945202552 3.474212299596187E-4
Overview 0.01276595744680851 0.06187540371808745 7.898987708692015E-4
Package 0.01702127659574468 0.06187540371808745 0.0010531983611589354
Class 0.02553191489361702 0.06187540371808745 0.001579797541738403
Use 0.01702127659574468 0.010050335853501506 1.7106954644257883E-4
Tree 0.01276595744680851 0.0408219945202552 5.211318449394281E-4
Deprecated 0.02127659574468085 0.06187540371808745 0.0013164979514486692
Index 0.01276595744680851 0.06187540371808745 7.898987708692015E-4
Help 0.01276595744680851 0.05129329438755048 6.548080134580912E-4
Contains 0.00851063829787234 0.5798184952529422 0.004934625491514401
the 0.02127659574468085 0.10536051565782635 0.002241713099102688
cleaner 0.01702127659574468 0.9162907318741551 0.01559643798934732
and 0.02127659574468085 0.09431067947124142 0.002006610201515775
safelist 0.01702127659574468 0.9162907318741551 0.01559643798934732
definitions 0.00851063829787234 0.7765287894989963 0.006608755655310607
Summary 0.00425531914893617 0.6931471805599453 0.0029495624704678524
Description 0.00425531914893617 0.24846135929849972 0.0010572823799936159
Cleaner 0.01702127659574468 0.9162907318741551 0.01559643798934732
The 0.02127659574468085 0.10536051565782635 0.002241713099102688
based 0.00425531914893617 1.2729656758128876 0.005416875216225053
Safelist 0.01702127659574468 0.9162907318741551 0.01559643798934732
Safe 0.00425531914893617 1.3093333199837622 0.005571631148867074
lists 0.00425531914893617 1.7147984280919266 0.007297014587625219
define 0.00425531914893617 1.8325814637483102 0.00779821899467366
what 0.00425531914893617 1.5141277326297755 0.006443096734594789
elements 0.00425531914893617 0.8675005677047231 0.0036914917774669067
attributes 0.00425531914893617 0.3566749439387324 0.001517765718888223
to 0.00851063829787234 0.17435338714477774 0.0014838586139981084
allow 0.00425531914893617 1.2729656758128876 0.005416875216225053
through 0.00425531914893617 1.2378743560016172 0.005267550451070711
Whitelist 0.00425531914893617 1.1086626245216111 0.0047177132958366435
As 0.00425531914893617 0.32850406697203605 0.0013978896466895151
of 0.01276595744680851 0.1165338162559516 0.00148766573943768
release 0.00425531914893617 1.6607312068216509 0.007066941305624046
v 0.00425531914893617 1.3470736479666094 0.005732228289219615
this 0.00851063829787234 0.3424903089467759 0.002914811139972561
class 0.02553191489361702 0.06187540371808745 0.001579797541738403
is 0.00851063829787234 0.22314355131420976 0.0018990940537379555
deprecated 0.02127659574468085 0.06187540371808745 0.0013164979514486692
in 0.01276595744680851 0.1508228897345837 0.0019253985923563875
favour 0.00425531914893617 2.302585092994046 0.009798234438272536
Copyright 0.00851063829787234 0.06187540371808745 5.265991805794677E-4
Jonathan 0.00425531914893617 0.0 0.0
Hedley 0.00425531914893617 0.0 0.0
All 0.01276595744680851 0.05129329438755048 6.548080134580912E-4
rights 0.00851063829787234 0.06187540371808745 5.265991805794677E-4
reserved 0.00851063829787234 0.06187540371808745 5.265991805794677E-4
ml 0.00425531914893617 3.2188758248682006 0.013697343935609365
title 0.00425531914893617 1.8971199848858813 0.008072850999514389
interface 0.00425531914893617 0.653926467406664 0.002782665818751762
java 0.029787234042553193 0.010050335853501506 2.99371706274513E-4
sql 0.05106382978723404 1.6607312068216509 0.08480329566748855
Wrapper 0.00851063829787234 2.5257286443082556 0.021495562930283027
javax 0.03829787234042553 1.3093333199837622 0.05014468033980366
RowSet 0.029787234042553193 1.6607312068216509 0.04946858913936832
rowset 0.029787234042553193 1.6607312068216509 0.04946858913936832
spi 0.02127659574468085 1.7147984280919266 0.0364850729381261
SyncResolver 0.00851063829787234 2.659260036932778 0.022632000314321516
RowSetReader 0.00425531914893617 2.407945608651872 0.010246577058093072
XmlReader 0.00425531914893617 2.5257286443082556 0.010747781465141514
RowSetWriter 0.00425531914893617 2.407945608651872 0.010246577058093072
TransactionalWriter 0.00425531914893617 2.8134107167600364 0.011971960496851218
XmlWriter 0.00425531914893617 2.5257286443082556 0.010747781465141514
ResultSet 0.00425531914893617 2.302585092994046 0.009798234438272536
also 0.00851063829787234 0.5108256237659907 0.004347452117157368
extends 0.00425531914893617 0.653926467406664 0.002782665818751762
lang 0.00425531914893617 0.653926467406664 0.002782665818751762
AutoCloseable 0.00425531914893617 2.8134107167600364 0.011971960496851218
Platform 0.00425531914893617 1.07880966137193 0.004590679410093319
Standard 0.00425531914893617 1.1394342831883648 0.004848656524205808
Ed 0.00425531914893617 1.2729656758128876 0.005416875216225053
Prev 0.00425531914893617 1.2729656758128876 0.005416875216225053
Next 0.00425531914893617 1.171182981502945 0.004983757368097638
Frames 0.00851063829787234 1.3470736479666094 0.01146445657843923
No 0.00425531914893617 0.5798184952529422 0.0024673127457572005
Classes 0.00425531914893617 0.7133498878774648 0.003035531437776446
Submit 0.00425531914893617 1.07880966137193 0.004590679410093319
a 0.00425531914893617 0.16251892949777494 6.915699127564892E-4
bug 0.00425531914893617 1.1086626245216111 0.0047177132958366435
or 0.00851063829787234 0.2613647641344075 0.00222438097135666
feature 0.00425531914893617 1.1394342831883648 0.004848656524205808
For 0.00425531914893617 0.083381608939051 3.548153571874511E-4
further 0.00425531914893617 0.9416085398584451 0.0040068448504614685
reference 0.00425531914893617 0.843970070294529 0.003591362001253315
developer 0.00851063829787234 1.07880966137193 0.009181358820186638
documentation 0.01702127659574468 0.9416085398584451 0.016027379401845874
see 0.00851063829787234 0.3566749439387324 0.003035531437776446
SE 0.00425531914893617 1.1086626245216111 0.0047177132958366435
Documentation 0.01702127659574468 0.9416085398584451 0.016027379401845874
That 0.00425531914893617 0.22314355131420976 9.495470268689778E-4
contains 0.00851063829787234 0.5798184952529422 0.004934625491514401
more 0.00425531914893617 0.7339691750802005 0.0031232730854476617
detailed 0.00425531914893617 1.0498221244986776 0.004467328189356075
targeted 0.00425531914893617 1.171182981502945 0.004983757368097638
descriptions 0.00425531914893617 1.0498221244986776 0.004467328189356075
with 0.00425531914893617 0.23572233352106994 0.0010030737596641273
conceptual 0.00425531914893617 1.171182981502945 0.004983757368097638
overviews 0.00425531914893617 1.171182981502945 0.004983757368097638
terms 0.00851063829787234 1.0216512475319812 0.008694904234314734
workarounds 0.00425531914893617 1.171182981502945 0.004983757368097638
working 0.00425531914893617 0.9942522733438669 0.004230860737633476
code 0.00425531914893617 0.5108256237659907 0.002173726058578684
examples 0.00425531914893617 0.7985076962177716 0.00339790509028839
Oracle 0.00425531914893617 0.8915981192837835 0.00379403455014376
its 0.00425531914893617 0.8675005677047231 0.0036914917774669067
affiliates 0.00425531914893617 1.171182981502945 0.004983757368097638
subject 0.00425531914893617 1.1394342831883648 0.004848656524205808
license 0.00425531914893617 1.1086626245216111 0.0047177132958366435
Also 0.00851063829787234 0.5108256237659907 0.004347452117157368
redistribution 0.00425531914893617 1.171182981502945 0.004983757368097638
policy 0.00425531914893617 1.0216512475319812 0.004347452117157367
Scripting 0.00425531914893617 1.0216512475319812 0.004347452117157367
on 0.00425531914893617 0.5447271754416719 0.0023179879806028594
page 0.00851063829787234 0.843970070294529 0.00718272400250663
tracks 0.00425531914893617 1.07880966137193 0.004590679410093319
web 0.00425531914893617 0.8209805520698303 0.0034935342641269377
traffic 0.00425531914893617 1.1086626245216111 0.0047177132958366435
but 0.00425531914893617 0.8209805520698303 0.0034935342641269377
does 0.00425531914893617 0.7339691750802005 0.0031232730854476617
not 0.00425531914893617 0.3424903089467759 0.0014574055699862806
change 0.00425531914893617 0.9162907318741551 0.00389910949733683
content 0.00425531914893617 0.44628710262841953 0.0018990940537379555
any 0.00425531914893617 0.5978370007556204 0.002543987237257959
way 0.00425531914893617 1.1086626245216111 0.0047177132958366435
555421250257107
any 0.007518796992481203 0.5978370007556204 0.004495015043275341
way 0.007518796992481203 1.1086626245216111 0.008335809206929407
