org 9.658725048293626E-4 0.05129329438755048 4.9542782731053266E-5
jsoup 0.0019317450096587251 0.0 0.0
safety 6.43915003219575E-4 0.9162907318741551 5.900133495648133E-4
Java 0.0016097875080489374 0.010050335853501506 1.617890510866308E-5
HTML 0.00128783000643915 0.0 0.0
Parser 3.219575016097875E-4 0.0 0.0
API 9.658725048293626E-4 0.0 0.0
Skip 6.43915003219575E-4 0.06187540371808745 3.984250078434479E-5
navigation 6.43915003219575E-4 0.06187540371808745 3.984250078434479E-5
links 6.43915003219575E-4 0.0408219945202552 2.62858947329396E-5
Overview 0.00128783000643915 0.06187540371808745 7.968500156868958E-5
Package 0.0035415325177076628 0.06187540371808745 2.1913375431389633E-4
Class 0.006117192530585963 0.06187540371808745 3.7850375745127545E-4
Use 0.0038634900193174502 0.010050335853501506 3.88293722607914E-5
Tree 9.658725048293626E-4 0.0408219945202552 3.9428842099409405E-5
Deprecated 0.0016097875080489374 0.06187540371808745 9.960625196086196E-5
Index 9.658725048293626E-4 0.06187540371808745 5.976375117651718E-5
Help 9.658725048293626E-4 0.05129329438755048 4.9542782731053266E-5
Contains 0.0016097875080489374 0.5798184952529422 9.333845705939185E-4
the 0.08209916291049582 0.10536051565782635 0.008650010139325731
cleaner 0.00128783000643915 0.9162907318741551 0.0011800266991296266
and 0.014810045074050225 0.09431067947124142 0.0013967454139333887
safelist 0.00128783000643915 0.9162907318741551 0.0011800266991296266
definitions 6.43915003219575E-4 0.7765287894989963 5.000185379903389E-4
Summary 9.658725048293626E-4 0.6931471805599453 6.694918035028448E-4
Description 0.0022537025112685126 0.24846135929849972 5.59957989404217E-4
Cleaner 0.00128783000643915 0.9162907318741551 0.0011800266991296266
The 0.08209916291049582 0.10536051565782635 0.008650010139325731
based 6.43915003219575E-4 1.2729656758128876 8.196816972394639E-4
Safelist 0.00128783000643915 0.9162907318741551 0.0011800266991296266
Safe 3.219575016097875E-4 1.3093333199837622 4.2154968447642054E-4
lists 6.43915003219575E-4 1.7147984280919266 0.0011041844353457352
define 3.219575016097875E-4 1.8325814637483102 5.900133495648133E-4
what 0.00128783000643915 1.5141277326297755 0.0019499391276622995
elements 3.219575016097875E-4 0.8675005677047231 2.7929831542328497E-4
attributes 3.219575016097875E-4 0.3566749439387324 1.148341738373253E-4
to 0.029298132646490664 0.17435338714477774 0.005108228663932638
allow 6.43915003219575E-4 1.2729656758128876 8.196816972394639E-4
through 3.219575016097875E-4 1.2378743560016172 3.9854293496510533E-4
Whitelist 3.219575016097875E-4 1.1086626245216111 3.569422487191278E-4
As 0.0025756600128783 0.32850406697203605 8.461147893677683E-4
of 0.017385705086928525 0.1165338162559516 0.0020260225620802918
release 3.219575016097875E-4 1.6607312068216509 5.34684870193706E-4
v 3.219575016097875E-4 1.3470736479666094 4.33700466183712E-4
this 0.0070830650354153256 0.3424903089467759 0.002425881132269501
class 0.006117192530585963 0.06187540371808745 3.7850375745127545E-4
is 0.018673535093367676 0.22314355131420976 0.004166878936324587
deprecated 0.0016097875080489374 0.06187540371808745 9.960625196086196E-5
in 0.01674179008370895 0.1508228897345837 0.0025250451597547815
favour 3.219575016097875E-4 2.302585092994046 7.413345437843032E-4
Copyright 6.43915003219575E-4 0.06187540371808745 3.984250078434479E-5
Jonathan 3.219575016097875E-4 0.0 0.0
Hedley 3.219575016097875E-4 0.0 0.0
All 0.004829362524146813 0.05129329438755048 2.4771391365526634E-4
rights 6.43915003219575E-4 0.06187540371808745 3.984250078434479E-5
reserved 6.43915003219575E-4 0.06187540371808745 3.984250078434479E-5
es 3.219575016097875E-4 3.506557897319982 0.001128962619871211
an 0.006117192530585963 0.4620354595965586 0.0028263598623099206
extension 3.219575016097875E-4 2.120263536200091 6.826347508693145E-4
SyncProvider 0.019639407598197038 2.5257286443082556 0.04960381432801146
abstract 6.43915003219575E-4 1.2729656758128876 8.196816972394639E-4
for 0.008692852543464262 0.083381608939051 7.248240313439719E-4
XML 0.0022537025112685126 1.2039728043259361 0.0027133965326083557
orientated 3.219575016097875E-4 4.605170185988092 0.0014826690875686065
synchronization 0.012556342562781713 2.302585092994046 0.02891204720758783
providers 9.658725048293626E-4 2.302585092994046 0.0022240036313529096
SyncFactory 0.00901481004507405 2.5257286443082556 0.022768963953841325
Service 0.0019317450096587251 1.6607312068216509 0.0032081092211622363
Provider 0.0077269800386349004 1.8971199848858813 0.01465900825410855
Interface 0.0025756600128783 0.653926467406664 0.0016842922534621096
SPI 0.0016097875080489374 1.7147984280919266 0.0027604610883643376
mechanism 0.0025756600128783 2.0402208285265546 0.005254915205477282
that 0.015453960077269801 0.22314355131420976 0.003448451533510003
generates 6.43915003219575E-4 2.8134107167600364 0.0018115973707405256
instances 3.219575016097875E-4 2.0402208285265546 6.568644006846602E-4
be 0.009658725048293626 0.47803580094299974 0.0046172163645492575
used 0.004185447520927237 0.6348782724359695 0.0026572496914576958
by 0.008370895041854474 0.27443684570176036 0.002297282030987047
disconnected 0.0051513200257566 2.302585092994046 0.011861352700548852
RowSet 0.018673535093367676 1.6607312068216509 0.03101172247123495
objects 0.0028976175144880875 1.3862943611198906 0.004016950821017069
provides 0.0025756600128783 0.843970070294529 0.002173779962123706
reader 6.43915003219575E-4 1.9661128563728327 0.0012660095662413605
writer 0.0025756600128783 1.9661128563728327 0.005064038264965442
capabilities 9.658725048293626E-4 2.120263536200091 0.002047904252607944
Exception 0.00128783000643915 1.4271163556401458 0.0018378832654734653
SyncFactoryException 0.00128783000643915 2.8134107167600364 0.003623194741481051
Indicates 0.00128783000643915 2.302585092994046 0.002965338175137213
error 6.43915003219575E-4 1.4696759700589417 9.463464069922354E-4
with 0.008370895041854474 0.23572233352106994 0.001973206912925891
SyncProviderException 0.0016097875080489374 2.8134107167600364 0.004528993426851314
javax 0.0016097875080489374 1.3093333199837622 0.002107748422382103
sql 0.0035415325177076628 1.6607312068216509 0.005881533572130767
rowset 0.018673535093367676 1.6607312068216509 0.03101172247123495
spi 0.0016097875080489374 1.7147984280919266 0.0027604610883643376
standard 0.0019317450096587251 1.1394342831883648 0.0022010964903831903
classes 0.00128783000643915 0.7133498878774648 9.186733906986024E-4
interfaces 0.00128783000643915 1.0216512475319812 0.001315713132687677
a 0.0360592401802962 0.16251892949777494 0.005860309112604892
third 6.43915003219575E-4 2.5257286443082556 0.0016263545681315232
party 9.658725048293626E-4 2.8134107167600364 0.0027173960561107887
vendor 0.0016097875080489374 2.995732273553991 0.004822492391426257
has 0.004507405022537025 0.7550225842780328 0.0034031925885036896
use 0.0038634900193174502 0.010050335853501506 3.88293722607914E-5
its 0.0038634900193174502 0.8675005677047231 0.0033515797850794194
implementation 0.009980682549903412 1.3470736479666094 0.01344471445169507
provider 0.0077269800386349004 1.8971199848858813 0.01465900825410855
These 0.0028976175144880875 1.5141277326297755 0.004387363037240174
are 0.009980682549903412 0.5447271754416719 0.00543674901438887
referred 9.658725048293626E-4 3.2188758248682006 0.0031090236557001294
as 0.0025756600128783 0.32850406697203605 8.461147893677683E-4
A 0.0360592401802962 0.16251892949777494 0.005860309112604892
may 0.00128783000643915 1.07880966137193 0.00138932345315123
have 0.0028976175144880875 0.9416085398584451 0.0027284213968853848
included 3.219575016097875E-4 2.407945608651872 7.752561521738157E-4
on 0.005473277527366388 0.5447271754416719 0.0029814430078906706
JDBC 0.00128783000643915 2.407945608651872 0.003101024608695263
web 6.43915003219575E-4 0.8209805520698303 5.286416948292532E-4
page 9.658725048293626E-4 0.843970070294529 8.151674857963899E-4
available 0.0019317450096587251 1.6607312068216509 0.0032081092211622363
implementations 0.0035415325177076628 1.8971199848858813 0.006718712116466418
sending 3.219575016097875E-4 3.912023005428146 0.0012595051530676581
email 3.219575016097875E-4 2.995732273553991 9.644984782852514E-4
jdbc 0.00128783000643915 2.407945608651872 0.003101024608695263
sun 6.43915003219575E-4 2.8134107167600364 0.0018115973707405256
com 9.658725048293626E-4 1.8325814637483102 0.00177004004869444
Doing 6.43915003219575E-4 3.2188758248682006 0.0020726824371334195
helps 3.219575016097875E-4 2.659260036932778 8.561687176216284E-4
make 0.0016097875080489374 1.5606477482646683 0.002512311249621166
developers 3.219575016097875E-4 1.8971199848858813 6.107920105878562E-4
aware 3.219575016097875E-4 3.912023005428146 0.0012595051530676581
To 0.029298132646490664 0.17435338714477774 0.005108228663932638
it 0.009658725048293626 0.47803580094299974 0.0046172163645492575
possible 9.658725048293626E-4 1.7719568419318754 0.0017114843933662674
object 0.023824855119124275 0.43078291609245434 0.010263340563696594
must 0.0022537025112685126 1.1086626245216111 0.002498595741033895
register 6.43915003219575E-4 2.302585092994046 0.0014826690875686065
singleton 0.0016097875080489374 3.912023005428146 0.00629752576533829
See 0.003219575016097875 0.3566749439387324 0.001148341738373253
comment 6.43915003219575E-4 1.7719568419318754 0.0011409895955775116
full 3.219575016097875E-4 1.3862943611198906 4.463278690018965E-4
explanation 3.219575016097875E-4 2.995732273553991 9.644984782852514E-4
registration 6.43915003219575E-4 2.995732273553991 0.0019289969565705028
process 9.658725048293626E-4 1.9661128563728327 0.0018990143493620407
naming 6.43915003219575E-4 2.407945608651872 0.0015505123043476315
convention 6.43915003219575E-4 3.912023005428146 0.0025190103061353162
Table 0.0025756600128783 1.5606477482646683 0.0040196979993938654
Contents 3.219575016097875E-4 1.1394342831883648 3.6684941506386504E-4
Specification 9.658725048293626E-4 1.6607312068216509 0.0016040546105811182
Architecture 6.43915003219575E-4 1.8325814637483102 0.0011800266991296266
Implementer 6.43915003219575E-4 3.2188758248682006 0.0020726824371334195
s 0.0016097875080489374 0.5447271754416719 8.768950023207854E-4
Guide 6.43915003219575E-4 2.407945608651872 0.0015505123043476315
Resolving 6.43915003219575E-4 3.912023005428146 0.0025190103061353162
Synchronization 0.012556342562781713 2.302585092994046 0.02891204720758783
Conflicts 0.005795235028976175 3.2188758248682006 0.018654141934200775
Related 0.0019317450096587251 1.8971199848858813 0.0036647520635271374
Specifications 6.43915003219575E-4 1.8325814637483102 0.0011800266991296266
Documentation 0.0022537025112685126 0.9416085398584451 0.0021221055309108548
following 0.0022537025112685126 1.7147984280919266 0.003864645523710073
up 6.43915003219575E-4 1.4271163556401458 9.189416327367326E-4
package 0.0035415325177076628 0.06187540371808745 2.1913375431389633E-4
SyncResolver 0.003219575016097875 2.659260036932778 0.008561687176216283
XmlReader 6.43915003219575E-4 2.5257286443082556 0.0016263545681315232
XmlWriter 6.43915003219575E-4 2.5257286443082556 0.0016263545681315232
TransactionalWriter 3.219575016097875E-4 2.8134107167600364 9.057986853702628E-4
also 0.0022537025112685126 0.5108256237659907 0.0011512489911017177
part 3.219575016097875E-4 1.7147984280919266 5.520922176728676E-4
RowSetReader 9.658725048293626E-4 2.407945608651872 0.0023257684565214476
RowSetWriter 9.658725048293626E-4 2.407945608651872 0.0023257684565214476
mechanisms 9.658725048293626E-4 2.8134107167600364 0.0027173960561107887
reading 3.219575016097875E-4 2.659260036932778 8.561687176216284E-4
data 0.017707662588538314 0.5978370007556204 0.010586295892324252
into 9.658725048293626E-4 0.8915981192837835 8.611701087737767E-4
writing 9.658725048293626E-4 2.8134107167600364 0.0027173960561107887
been 0.0025756600128783 1.4271163556401458 0.0036757665309469305
modified 0.003219575016097875 2.407945608651872 0.007752561521738158
back 6.43915003219575E-4 1.7719568419318754 0.0011409895955775116
underlying 0.0022537025112685126 2.207274913189721 0.004974541014915662
source 0.012234385061171926 1.07880966137193 0.013198572804936684
or 0.008048937540244688 0.2613647641344075 0.002103708661738631
XMLReader 6.43915003219575E-4 2.5257286443082556 0.0016263545681315232
reads 6.43915003219575E-4 2.5257286443082556 0.0016263545681315232
when 0.006117192530585963 0.843970070294529 0.0051627274100438025
CachedRowSet 0.0022537025112685126 2.120263536200091 0.004778443256085202
methods 0.0016097875080489374 0.24846135929849972 3.9996999243158355E-4
execute 3.219575016097875E-4 2.120263536200091 6.826347508693145E-4
populate 0.0022537025112685126 2.995732273553991 0.00675148934799676
called 0.00128783000643915 1.7719568419318754 0.002281979191155023
XMLWriter 6.43915003219575E-4 2.5257286443082556 0.0016263545681315232
writes 0.00128783000643915 3.912023005428146 0.0050380206122706325
changes 0.0035415325177076628 1.3862943611198906 0.004909606559020862
method 0.0025756600128783 0.32850406697203605 8.461147893677683E-4
acceptChanges 0.00128783000643915 3.2188758248682006 0.004145364874266839
known 6.43915003219575E-4 2.120263536200091 0.001365269501738629
using 0.0022537025112685126 0.8209805520698303 0.0018502459319023866
determines 6.43915003219575E-4 1.8971199848858813 0.0012215840211757124
level 0.0025756600128783 1.7147984280919266 0.004416737741382941
uses 0.0016097875080489374 0.9942522733438669 0.0016005348894782144
various 3.219575016097875E-4 2.659260036932778 8.561687176216284E-4
levels 0.0016097875080489374 3.912023005428146 0.00629752576533829
grades 0.0025756600128783 3.912023005428146 0.010076041224541265
lower 3.219575016097875E-4 2.0402208285265546 6.568644006846602E-4
optimistic 0.0022537025112685126 3.912023005428146 0.008816536071473606
concurrency 0.0016097875080489374 3.912023005428146 0.00629752576533829
because 9.658725048293626E-4 2.5257286443082556 0.002439531852197285
they 9.658725048293626E-4 1.2729656758128876 0.001229522545859196
optimistically 3.219575016097875E-4 3.912023005428146 0.0012595051530676581
assume 6.43915003219575E-4 3.2188758248682006 0.0020726824371334195
there 0.0038634900193174502 1.2729656758128876 0.004918090183436784
will 0.006117192530585963 0.5447271754416719 0.003332201008818985
no 0.005795235028976175 0.5798184952529422 0.0033601844541381065
conflicts 0.005795235028976175 3.2188758248682006 0.018654141934200775
very 3.219575016097875E-4 2.207274913189721 7.106487164165232E-4
few 6.43915003219575E-4 3.912023005428146 0.0025190103061353162
conflict 0.0038634900193174502 2.659260036932778 0.01027402461145954
exists 3.219575016097875E-4 2.0402208285265546 6.568644006846602E-4
same 9.658725048293626E-4 0.9942522733438669 9.603209336869287E-4
Using 0.0022537025112685126 0.8209805520698303 0.0018502459319023866
model 6.43915003219575E-4 1.6094379124341003 0.0010363412185667097
means 3.219575016097875E-4 1.8325814637483102 5.900133495648133E-4
if 0.007405022537025113 0.616186139423817 0.0045628722494358625
modifications 6.43915003219575E-4 3.912023005428146 0.0025190103061353162
either 6.43915003219575E-4 1.8971199848858813 0.0012215840211757124
lost 9.658725048293626E-4 3.912023005428146 0.0037785154592029743
Higher 9.658725048293626E-4 2.8134107167600364 0.0027173960561107887
pessimistic 0.0019317450096587251 3.912023005428146 0.007557030918405949
others 3.219575016097875E-4 2.659260036932778 8.561687176216284E-4
accessing 6.43915003219575E-4 2.8134107167600364 0.0018115973707405256
making 3.219575016097875E-4 2.8134107167600364 9.057986853702628E-4
set 0.0025756600128783 0.4620354595965586 0.0011900462578147033
varying 3.219575016097875E-4 3.912023005428146 0.0012595051530676581
locks 0.0035415325177076628 2.5257286443082556 0.008944950124723378
increase 6.43915003219575E-4 3.2188758248682006 0.0020726824371334195
chances 3.219575016097875E-4 3.912023005428146 0.0012595051530676581
occur 3.219575016097875E-4 2.120263536200091 6.826347508693145E-4
lowest 9.658725048293626E-4 3.912023005428146 0.0037785154592029743
simply 9.658725048293626E-4 2.8134107167600364 0.0027173960561107887
any 0.0028976175144880875 0.5978370007556204 0.0017323029641985136
made 0.00128783000643915 1.8325814637483102 0.0023600533982592532
does 0.0022537025112685126 0.7339691750802005 0.0016541481730719266
nothing 6.43915003219575E-4 2.8134107167600364 0.0018115973707405256
check 0.0022537025112685126 1.3093333199837622 0.0029508477913349437
If 0.007405022537025113 0.616186139423817 0.0045628722494358625
values 0.00128783000643915 1.0216512475319812 0.001315713132687677
overwritten 3.219575016097875E-4 3.912023005428146 0.0012595051530676581
other 9.658725048293626E-4 0.8915981192837835 8.611701087737767E-4
parties 3.219575016097875E-4 3.2188758248682006 0.0010363412185667097
RIXMLProvider 0.0016097875080489374 3.912023005428146 0.00629752576533829
just 3.219575016097875E-4 2.120263536200091 6.826347508693145E-4
This 0.0070830650354153256 0.3424903089467759 0.002425881132269501
true 3.219575016097875E-4 1.1086626245216111 3.569422487191278E-4
typically 3.219575016097875E-4 1.8971199848858813 6.107920105878562E-4
sources 3.219575016097875E-4 2.659260036932778 8.561687176216284E-4
do 9.658725048293626E-4 0.9162907318741551 8.8502002434722E-4
not 0.003219575016097875 0.3424903089467759 0.001102673241940682
enable 3.219575016097875E-4 1.6094379124341003 5.181706092833549E-4
transaction 3.219575016097875E-4 2.659260036932778 8.561687176216284E-4
techniques 3.219575016097875E-4 3.2188758248682006 0.0010363412185667097
maintaining 3.219575016097875E-4 3.2188758248682006 0.0010363412185667097
integrity 3.219575016097875E-4 3.2188758248682006 0.0010363412185667097
However 6.43915003219575E-4 2.407945608651872 0.0015505123043476315
specific 3.219575016097875E-4 1.9661128563728327 6.330047831206802E-4
standards 3.219575016097875E-4 3.2188758248682006 0.0010363412185667097
groups 3.219575016097875E-4 2.995732273553991 9.644984782852514E-4
considered 6.43915003219575E-4 2.5257286443082556 0.0016263545681315232
offering 3.219575016097875E-4 2.5257286443082556 8.131772840657616E-4
For 0.008692852543464262 0.083381608939051 7.248240313439719E-4
details 9.658725048293626E-4 0.7550225842780328 7.292555546793621E-4
see 0.003219575016097875 0.3566749439387324 0.001148341738373253
http 3.219575016097875E-4 1.1394342831883648 3.6684941506386504E-4
www 3.219575016097875E-4 2.0402208285265546 6.568644006846602E-4
syncml 3.219575016097875E-4 3.2188758248682006 0.0010363412185667097
next 6.43915003219575E-4 1.171182981502945 7.541422933051803E-4
checks 9.658725048293626E-4 1.8325814637483102 0.00177004004869444
write 6.43915003219575E-4 2.120263536200091 0.001365269501738629
anything 3.219575016097875E-4 2.659260036932778 8.561687176216284E-4
problem 3.219575016097875E-4 3.506557897319982 0.001128962619871211
another 6.43915003219575E-4 1.6607312068216509 0.001069369740387412
corresponding 3.219575016097875E-4 1.9661128563728327 6.330047831206802E-4
since 3.219575016097875E-4 1.8971199848858813 6.107920105878562E-4
got 3.219575016097875E-4 3.912023005428146 0.0012595051530676581
RIOptimisticProvider 0.0019317450096587251 3.912023005428146 0.007557030918405949
At 0.003219575016097875 1.4271163556401458 0.004594708163683663
higher 9.658725048293626E-4 2.8134107167600364 0.0027173960561107887
take 3.219575016097875E-4 2.120263536200091 6.826347508693145E-4
steps 3.219575016097875E-4 2.8134107167600364 9.057986853702628E-4
avoid 3.219575016097875E-4 3.2188758248682006 0.0010363412185667097
setting 0.0025756600128783 1.6607312068216509 0.004277478961549648
Setting 0.0025756600128783 1.6607312068216509 0.004277478961549648
can 0.005473277527366388 0.7339691750802005 0.004017216991746108
vary 3.219575016097875E-4 2.8134107167600364 9.057986853702628E-4
from 0.0038634900193174502 0.38566248081198473 0.0014900031454423107
lock 0.008048937540244688 2.207274913189721 0.017766217910413083
single 3.219575016097875E-4 1.4696759700589417 4.731732034961177E-4
row 0.0022537025112685126 3.2188758248682006 0.007254388529966968
table 0.0025756600128783 1.5606477482646683 0.0040196979993938654
entire 0.00128783000643915 2.995732273553991 0.0038579939131410056
therefore 3.219575016097875E-4 2.5257286443082556 8.131772840657616E-4
tradeoff 3.219575016097875E-4 3.912023005428146 0.0012595051530676581
between 6.43915003219575E-4 1.7147984280919266 0.0011041844353457352
ability 6.43915003219575E-4 2.5257286443082556 0.0016263545681315232
users 6.43915003219575E-4 2.120263536200091 0.001365269501738629
access 3.219575016097875E-4 0.8675005677047231 2.7929831542328497E-4
concurrently 3.219575016097875E-4 3.2188758248682006 0.0010363412185667097
keep 3.219575016097875E-4 2.995732273553991 9.644984782852514E-4
synchronized 6.43915003219575E-4 3.2188758248682006 0.0020726824371334195
It 0.009658725048293626 0.47803580094299974 0.0046172163645492575
requirement 3.219575016097875E-4 3.912023005428146 0.0012595051530676581
all 0.004829362524146813 0.05129329438755048 2.4771391365526634E-4
FilteredRowSet 3.219575016097875E-4 2.5257286443082556 8.131772840657616E-4
JoinRowSet 3.219575016097875E-4 2.302585092994046 7.413345437843032E-4
WebRowSet 0.0019317450096587251 2.5257286443082556 0.00487906370439457
obtain 9.658725048293626E-4 2.120263536200091 0.002047904252607944
their 3.219575016097875E-4 1.2729656758128876 4.0984084861973196E-4
reference 0.0028976175144880875 0.843970070294529 0.0024455024573891695
RI 3.219575016097875E-4 3.912023005428146 0.0012595051530676581
two 3.219575016097875E-4 1.4271163556401458 4.594708163683663E-4
default 0.00128783000643915 1.0216512475319812 0.001315713132687677
instance 0.0019317450096587251 1.7719568419318754 0.0034229687867325348
supply 3.219575016097875E-4 2.407945608651872 7.752561521738157E-4
specified 0.0028976175144880875 0.9675840262617057 0.00280368842123482
assuming 3.219575016097875E-4 3.912023005428146 0.0012595051530676581
among 3.219575016097875E-4 3.2188758248682006 0.0010363412185667097
who 3.219575016097875E-4 2.302585092994046 7.413345437843032E-4
database 3.219575016097875E-4 1.8971199848858813 6.107920105878562E-4
avoids 3.219575016097875E-4 3.2188758248682006 0.0010363412185667097
rather 3.219575016097875E-4 2.120263536200091 6.826347508693145E-4
before 3.219575016097875E-4 1.8325814637483102 5.900133495648133E-4
trying 3.219575016097875E-4 3.912023005428146 0.0012595051530676581
synchronize 3.219575016097875E-4 3.912023005428146 0.0012595051530676581
meaning 3.219575016097875E-4 3.2188758248682006 0.0010363412185667097
persisted 3.219575016097875E-4 3.912023005428146 0.0012595051530676581
which 0.0035415325177076628 0.7550225842780328 0.0026739370338243274
written 9.658725048293626E-4 2.995732273553991 0.002893495434855754
format 9.658725048293626E-4 1.4696759700589417 0.0014195196104883532
read 3.219575016097875E-4 1.2729656758128876 4.0984084861973196E-4
checking 9.658725048293626E-4 2.995732273553991 0.002893495434855754
at 0.003219575016097875 1.4271163556401458 0.004594708163683663
updated 3.219575016097875E-4 2.8134107167600364 9.057986853702628E-4
dealing 3.219575016097875E-4 2.8134107167600364 9.057986853702628E-4
bundled 3.219575016097875E-4 3.912023005428146 0.0012595051530676581
makes 3.219575016097875E-4 1.8971199848858813 6.107920105878562E-4
them 6.43915003219575E-4 1.7719568419318754 0.0011409895955775116
always 3.219575016097875E-4 2.0402208285265546 6.568644006846602E-4
themselves 3.219575016097875E-4 2.8134107167600364 9.057986853702628E-4
being 9.658725048293626E-4 2.207274913189721 0.0021319461492495697
registered 0.0025756600128783 2.659260036932778 0.006849349740973027
When 0.006117192530585963 0.843970070294529 0.0051627274100438025
requests 3.219575016097875E-4 1.5606477482646683 5.024622499242332E-4
specifying 3.219575016097875E-4 3.2188758248682006 0.0010363412185667097
constructor 9.658725048293626E-4 0.6733445532637655 6.503649902740813E-4
argument 3.219575016097875E-4 2.5257286443082556 8.131772840657616E-4
setSyncProvider 9.658725048293626E-4 3.912023005428146 0.0037785154592029743
requested 9.658725048293626E-4 2.659260036932778 0.002568506152864885
creates 3.219575016097875E-4 1.7147984280919266 5.520922176728676E-4
passes 3.219575016097875E-4 3.2188758248682006 0.0010363412185667097
requesting 6.43915003219575E-4 3.2188758248682006 0.0020726824371334195
causes 3.219575016097875E-4 2.8134107167600364 9.057986853702628E-4
thrown 6.43915003219575E-4 1.8971199848858813 0.0012215840211757124
create 3.219575016097875E-4 0.8915981192837835 2.8705670292459223E-4
pass 3.219575016097875E-4 3.912023005428146 0.0012595051530676581
specify 9.658725048293626E-4 2.302585092994046 0.0022240036313529096
give 3.219575016097875E-4 3.912023005428146 0.0012595051530676581
implemented 0.0016097875080489374 1.0498221244986776 0.0016899905416913677
specification 9.658725048293626E-4 1.6607312068216509 0.0016040546105811182
further 0.00128783000643915 0.9416085398584451 0.00121263173194906
Vendors 3.219575016097875E-4 3.2188758248682006 0.0010363412185667097
develop 3.219575016097875E-4 3.912023005428146 0.0012595051530676581
one 0.0019317450096587251 1.07880966137193 0.002083985179726845
thus 3.219575016097875E-4 2.407945608651872 7.752561521738157E-4
giving 3.219575016097875E-4 2.995732273553991 9.644984782852514E-4
choice 3.219575016097875E-4 2.407945608651872 7.752561521738157E-4
registering 6.43915003219575E-4 3.2188758248682006 0.0020726824371334195
fully 6.43915003219575E-4 2.5257286443082556 0.0016263545681315232
qualified 3.219575016097875E-4 3.2188758248682006 0.0010363412185667097
name 3.219575016097875E-4 0.6931471805599453 2.2316393450094824E-4
Oracle 6.43915003219575E-4 0.8915981192837835 5.741134058491845E-4
Corporation 3.219575016097875E-4 3.912023005428146 0.0012595051530676581
discussed 3.219575016097875E-4 3.2188758248682006 0.0010363412185667097
detail 0.00128783000643915 1.9661128563728327 0.002532019132482721
below 6.43915003219575E-4 3.912023005428146 0.0025190103061353162
pluggable 6.43915003219575E-4 2.302585092994046 0.0014826690875686065
then 6.43915003219575E-4 1.2378743560016172 7.970858699302107E-4
generated 3.219575016097875E-4 1.7719568419318754 5.704947977887558E-4
required 6.43915003219575E-4 1.3093333199837622 8.430993689528411E-4
lazy 3.219575016097875E-4 3.912023005428146 0.0012595051530676581
employed 3.219575016097875E-4 3.912023005428146 0.0012595051530676581
limits 3.219575016097875E-4 2.995732273553991 9.644984782852514E-4
unnecessary 3.219575016097875E-4 3.912023005428146 0.0012595051530676581
resource 6.43915003219575E-4 1.6607312068216509 0.001069369740387412
consumption 3.219575016097875E-4 3.912023005428146 0.0012595051530676581
creating 3.219575016097875E-4 1.8971199848858813 6.107920105878562E-4
until 3.219575016097875E-4 1.7719568419318754 5.704947977887558E-4
configure 6.43915003219575E-4 2.302585092994046 0.0014826690875686065
logging 6.43915003219575E-4 1.8971199848858813 0.0012215840211757124
options 3.219575016097875E-4 2.407945608651872 7.752561521738157E-4
streams 3.219575016097875E-4 2.407945608651872 7.752561521738157E-4
provided 0.00128783000643915 1.5141277326297755 0.0019499391276622995
particular 3.219575016097875E-4 2.0402208285265546 6.568644006846602E-4
Registering 6.43915003219575E-4 3.2188758248682006 0.0020726824371334195
order 3.219575016097875E-4 1.2378743560016172 3.9854293496510533E-4
thereby 3.219575016097875E-4 3.912023005428146 0.0012595051530676581
System 0.0016097875080489374 1.2378743560016172 0.0019927146748255267
properties 0.0022537025112685126 1.7719568419318754 0.003993463584521291
Properties 0.0022537025112685126 1.7719568419318754 0.003993463584521291
command 3.219575016097875E-4 2.659260036932778 8.561687176216284E-4
line 3.219575016097875E-4 2.0402208285265546 6.568644006846602E-4
run 6.43915003219575E-4 1.1086626245216111 7.138844974382557E-4
time 6.43915003219575E-4 1.3470736479666094 8.67400932367424E-4
apply 3.219575016097875E-4 2.5257286443082556 8.131772840657616E-4
system 0.0016097875080489374 1.2378743560016172 0.0019927146748255267
wide 3.219575016097875E-4 2.659260036932778 8.561687176216284E-4
per 3.219575016097875E-4 1.7147984280919266 5.520922176728676E-4
invocation 3.219575016097875E-4 3.2188758248682006 0.0010363412185667097
application 0.0028976175144880875 1.3093333199837622 0.003793947160287785
section 3.219575016097875E-4 2.207274913189721 7.106487164165232E-4
related 0.0019317450096587251 1.8971199848858813 0.0036647520635271374
information 6.43915003219575E-4 1.3470736479666094 8.67400932367424E-4
Property 0.0019317450096587251 1.8325814637483102 0.00354008009738888
Files 6.43915003219575E-4 1.8325814637483102 0.0011800266991296266
property 0.0019317450096587251 1.8325814637483102 0.00354008009738888
file 0.00128783000643915 0.8915981192837835 0.001148226811698369
modifying 6.43915003219575E-4 2.8134107167600364 0.0018115973707405256
located 3.219575016097875E-4 3.2188758248682006 0.0010363412185667097
platform 6.43915003219575E-4 1.07880966137193 6.94661726575615E-4
technology 3.219575016097875E-4 1.7147984280919266 5.520922176728676E-4
includes 3.219575016097875E-4 2.659260036932778 8.561687176216284E-4
than 3.219575016097875E-4 1.3862943611198906 4.463278690018965E-4
edited 3.219575016097875E-4 2.659260036932778 8.561687176216284E-4
add 3.219575016097875E-4 1.171182981502945 3.7707114665259017E-4
additional 3.219575016097875E-4 2.207274913189721 7.106487164165232E-4
JNDI 0.00128783000643915 3.912023005428146 0.0050380206122706325
Context 0.0016097875080489374 2.0402208285265546 0.003284322003423301
Available 0.0019317450096587251 1.6607312068216509 0.0032081092211622363
context 0.0016097875080489374 2.0402208285265546 0.003284322003423301
attempt 9.658725048293626E-4 2.5257286443082556 0.002439531852197285
load 3.219575016097875E-4 1.8971199848858813 6.107920105878562E-4
bound 3.219575016097875E-4 2.5257286443082556 8.131772840657616E-4
factory 3.219575016097875E-4 2.207274913189721 7.106487164165232E-4
supplied 9.658725048293626E-4 1.5141277326297755 0.0014624543457467246
function 3.219575016097875E-4 2.995732273553991 9.644984782852514E-4
correctly 6.43915003219575E-4 2.659260036932778 0.0017123374352432568
Details 9.658725048293626E-4 0.7550225842780328 7.292555546793621E-4
how 9.658725048293626E-4 1.2039728043259361 0.001162884228260724
explained 3.219575016097875E-4 3.912023005428146 0.0012595051530676581
description 0.0022537025112685126 0.24846135929849972 5.59957989404217E-4
Instance 0.0019317450096587251 1.7719568419318754 0.0034229687867325348
Generation 3.219575016097875E-4 2.8134107167600364 9.057986853702628E-4
Policies 9.658725048293626E-4 2.8134107167600364 0.0027173960561107887
policies 9.658725048293626E-4 2.8134107167600364 0.0027173960561107887
adhered 3.219575016097875E-4 3.912023005428146 0.0012595051530676581
instantiated 3.219575016097875E-4 3.2188758248682006 0.0010363412185667097
reconfigured 3.219575016097875E-4 3.912023005428146 0.0012595051530676581
runtime 3.219575016097875E-4 2.207274913189721 7.106487164165232E-4
alternative 3.219575016097875E-4 3.912023005428146 0.0012595051530676581
contains 0.0016097875080489374 0.5798184952529422 9.333845705939185E-4
explored 3.219575016097875E-4 3.912023005428146 0.0012595051530676581
more 0.0019317450096587251 0.7339691750802005 0.0014178412912045084
Requirements 3.219575016097875E-4 2.207274913189721 7.106487164165232E-4
compliant 3.219575016097875E-4 3.2188758248682006 0.0010363412185667097
extend 3.219575016097875E-4 2.659260036932778 8.561687176216284E-4
implement 3.219575016097875E-4 1.7147984280919266 5.520922176728676E-4
In 0.01674179008370895 0.1508228897345837 0.0025250451597547815
addition 6.43915003219575E-4 2.8134107167600364 0.0018115973707405256
determine 6.43915003219575E-4 1.8325814637483102 0.0011800266991296266
grade 0.010624597553122988 3.2188758248682006 0.03419926021270142
locking 0.0019317450096587251 3.2188758248682006 0.006218047311400259
updatable 0.00128783000643915 2.8134107167600364 0.003623194741481051
view 0.0028976175144880875 1.4271163556401458 0.004135237347315297
defined 3.219575016097875E-4 1.1394342831883648 3.6684941506386504E-4
definition 3.219575016097875E-4 2.0402208285265546 6.568644006846602E-4
One 0.0019317450096587251 1.07880966137193 0.002083985179726845
criteria 3.219575016097875E-4 3.2188758248682006 0.0010363412185667097
supported 3.219575016097875E-4 1.6607312068216509 5.34684870193706E-4
expected 3.219575016097875E-4 2.207274913189721 7.106487164165232E-4
offer 6.43915003219575E-4 2.8134107167600364 0.0018115973707405256
range 3.219575016097875E-4 2.0402208285265546 6.568644006846602E-4
Furthermore 3.219575016097875E-4 3.2188758248682006 0.0010363412185667097
followed 3.219575016097875E-4 2.8134107167600364 9.057986853702628E-4
detailed 6.43915003219575E-4 1.0498221244986776 6.75996216676547E-4
Grades 0.0025756600128783 3.912023005428146 0.010076041224541265
JSR 6.43915003219575E-4 3.2188758248682006 0.0020726824371334195
defines 6.43915003219575E-4 1.8971199848858813 0.0012215840211757124
describe 3.219575016097875E-4 2.407945608651872 7.752561521738157E-4
quality 6.43915003219575E-4 3.2188758248682006 0.0020726824371334195
listed 3.219575016097875E-4 3.912023005428146 0.0012595051530676581
service 0.0019317450096587251 1.6607312068216509 0.0032081092211622363
highest 3.219575016097875E-4 3.912023005428146 0.0012595051530676581
GRADE 0.010624597553122988 3.2188758248682006 0.03419926021270142
NONE 6.43915003219575E-4 1.7719568419318754 0.0011409895955775116
No 0.005795235028976175 0.5798184952529422 0.0033601844541381065
originating 0.0019317450096587251 3.2188758248682006 0.006218047311400259
returning 0.0016097875080489374 3.2188758248682006 0.0051817060928335485
changed 0.0019317450096587251 2.0402208285265546 0.003941186404107962
overwriting 3.219575016097875E-4 3.912023005428146 0.0012595051530676581
whatever 3.219575016097875E-4 3.2188758248682006 0.0010363412185667097
compare 3.219575016097875E-4 2.407945608651872 7.752561521738157E-4
original 0.0016097875080489374 1.9661128563728327 0.0031650239156034007
current 9.658725048293626E-4 1.5606477482646683 0.0015073867497726998
CHECK 0.0022537025112685126 1.3093333199837622 0.0029508477913349437
MODIFIED 0.003219575016097875 2.407945608651872 0.007752561521738158
AT 0.003219575016097875 1.4271163556401458 0.004594708163683663
COMMIT 0.00128783000643915 3.2188758248682006 0.004145364874266839
low 6.43915003219575E-4 2.0402208285265546 0.0013137288013693204
rows 0.0019317450096587251 2.659260036932778 0.00513701230572977
last 3.219575016097875E-4 2.8134107167600364 9.057986853702628E-4
under 3.219575016097875E-4 2.407945608651872 7.752561521738157E-4
way 0.00128783000643915 1.1086626245216111 0.0014277689948765113
Any 0.0028976175144880875 0.5978370007556204 0.0017323029641985136
reflected 6.43915003219575E-4 3.912023005428146 0.0025190103061353162
ALL 0.004829362524146813 0.05129329438755048 2.4771391365526634E-4
high 6.43915003219575E-4 2.207274913189721 0.0014212974328330465
including 3.219575016097875E-4 1.0498221244986776 3.379981083382735E-4
finishes 6.43915003219575E-4 3.912023005428146 0.0025190103061353162
successfully 3.219575016097875E-4 2.5257286443082556 8.131772840657616E-4
LOCK 0.008048937540244688 2.207274913189721 0.017766217910413083
WHEN 0.006117192530585963 0.843970070294529 0.0051627274100438025
corresponds 3.219575016097875E-4 3.2188758248682006 0.0010363412185667097
reduce 3.219575016097875E-4 3.506557897319982 0.001128962619871211
possibility 3.219575016097875E-4 3.912023005428146 0.0012595051530676581
processes 3.219575016097875E-4 2.5257286443082556 8.131772840657616E-4
LOADED 9.658725048293626E-4 3.2188758248682006 0.0031090236557001294
affected 3.219575016097875E-4 3.912023005428146 0.0012595051530676581
query 9.658725048293626E-4 1.6607312068216509 0.0016040546105811182
Locks 0.0035415325177076628 2.5257286443082556 0.008944950124723378
constants 0.00128783000643915 2.207274913189721 0.002842594865666093
whether 9.658725048293626E-4 1.6607312068216509 0.0016040546105811182
placed 0.0025756600128783 2.995732273553991 0.007715987826282011
so 3.219575016097875E-4 1.3093333199837622 4.2154968447642054E-4
constructs 3.219575016097875E-4 3.2188758248682006 0.0010363412185667097
remain 0.00128783000643915 3.2188758248682006 0.004145364874266839
while 3.219575016097875E-4 1.9661128563728327 6.330047831206802E-4
should 0.00128783000643915 1.0498221244986776 0.001351992433353094
complementary 3.219575016097875E-4 3.912023005428146 0.0012595051530676581
majority 3.219575016097875E-4 3.912023005428146 0.0012595051530676581
settings 3.219575016097875E-4 1.171182981502945 3.7707114665259017E-4
requires 3.219575016097875E-4 2.8134107167600364 9.057986853702628E-4
fine 3.219575016097875E-4 3.2188758248682006 0.0010363412185667097
grained 3.219575016097875E-4 3.912023005428146 0.0012595051530676581
control 3.219575016097875E-4 1.3470736479666094 4.33700466183712E-4
over 3.219575016097875E-4 2.302585092994046 7.413345437843032E-4
degree 9.658725048293626E-4 2.659260036932778 0.002568506152864885
DATASOURCE 0.003219575016097875 2.8134107167600364 0.009057986853702628
NO 0.005795235028976175 0.5798184952529422 0.0033601844541381065
unless 3.219575016097875E-4 2.120263536200091 6.826347508693145E-4
otherwise 3.219575016097875E-4 1.2378743560016172 3.9854293496510533E-4
directed 3.219575016097875E-4 3.912023005428146 0.0012595051530676581
ROW 0.0022537025112685126 3.2188758248682006 0.007254388529966968
touched 0.00128783000643915 3.912023005428146 0.0050380206122706325
SQL 0.0035415325177076628 1.6607312068216509 0.005881533572130767
TABLE 0.0025756600128783 1.5606477482646683 0.0040196979993938654
tables 0.0016097875080489374 2.207274913189721 0.003553243582082616
was 9.658725048293626E-4 1.3862943611198906 0.0013389836070056896
DB 6.43915003219575E-4 3.2188758248682006 0.0020726824371334195
Updatable 0.00128783000643915 2.8134107167600364 0.003623194741481051
Views 3.219575016097875E-4 3.2188758248682006 0.0010363412185667097
populated 6.43915003219575E-4 3.2188758248682006 0.0020726824371334195
VIEW 0.0028976175144880875 1.4271163556401458 0.004135237347315297
indicate 3.219575016097875E-4 2.407945608651872 7.752561521738157E-4
update 6.43915003219575E-4 2.5257286443082556 0.0016263545681315232
derived 9.658725048293626E-4 2.5257286443082556 0.002439531852197285
UPDATABLE 0.00128783000643915 2.8134107167600364 0.003623194741481051
SYNC 0.0016097875080489374 2.659260036932778 0.0042808435881081415
supports 3.219575016097875E-4 1.5606477482646683 5.024622499242332E-4
NONUPDATABLE 3.219575016097875E-4 3.912023005428146 0.0012595051530676581
support 3.219575016097875E-4 1.1394342831883648 3.6684941506386504E-4
Usage 3.219575016097875E-4 2.0402208285265546 6.568644006846602E-4
Grading 3.219575016097875E-4 3.912023005428146 0.0012595051530676581
Locking 0.0019317450096587251 3.2188758248682006 0.006218047311400259
example 3.219575016097875E-4 1.0498221244986776 3.379981083382735E-4
CachedRowSetImpl 9.658725048293626E-4 3.912023005428146 0.0037785154592029743
reconfigures 3.219575016097875E-4 3.912023005428146 0.0012595051530676581
calling 6.43915003219575E-4 2.8134107167600364 0.0018115973707405256
crs 9.658725048293626E-4 3.912023005428146 0.0037785154592029743
new 3.219575016097875E-4 0.616186139423817 1.983857499754723E-4
foo 3.219575016097875E-4 3.912023005428146 0.0012595051530676581
bar 3.219575016097875E-4 2.407945608651872 7.752561521738157E-4
HASyncProvider 3.219575016097875E-4 3.912023005428146 0.0012595051530676581
An 0.006117192530585963 0.4620354595965586 0.0028263598623099206
retrieve 9.658725048293626E-4 2.5257286443082556 0.002439531852197285
currently 9.658725048293626E-4 2.407945608651872 0.0023257684565214476
flexibility 3.219575016097875E-4 2.995732273553991 9.644984782852514E-4
possibilities 3.219575016097875E-4 3.912023005428146 0.0012595051530676581
successful 3.219575016097875E-4 2.302585092994046 7.413345437843032E-4
operation 3.219575016097875E-4 1.6094379124341003 5.181706092833549E-4
shown 3.219575016097875E-4 2.995732273553991 9.644984782852514E-4
code 6.43915003219575E-4 0.5108256237659907 3.289282831719193E-4
fragment 3.219575016097875E-4 1.7719568419318754 5.704947977887558E-4
sync 0.0016097875080489374 2.659260036932778 0.0042808435881081415
getSyncProvider 3.219575016097875E-4 3.912023005428146 0.0012595051530676581
switch 6.43915003219575E-4 2.8134107167600364 0.0018115973707405256
getProviderGrade 3.219575016097875E-4 3.912023005428146 0.0012595051530676581
case 0.0028976175144880875 1.3470736479666094 0.0039033041956534078
break 0.0028976175144880875 3.912023005428146 0.011335546377608922
getDataSourcLock 3.219575016097875E-4 3.912023005428146 0.0012595051530676581
datasource 0.003219575016097875 2.8134107167600364 0.009057986853702628
statement 6.43915003219575E-4 2.407945608651872 0.0015505123043476315
static 3.219575016097875E-4 0.5621189181535412 1.8097840249631076E-4
utility 3.219575016097875E-4 2.0402208285265546 6.568644006846602E-4
list 3.219575016097875E-4 0.653926467406664 2.105365316827637E-4
Enumeration 3.219575016097875E-4 2.302585092994046 7.413345437843032E-4
e 3.219575016097875E-4 0.7765287894989963 2.5000926899516944E-4
getRegisteredProviders 3.219575016097875E-4 3.912023005428146 0.0012595051530676581
interface 0.0025756600128783 0.653926467406664 0.0016842922534621096
decide 6.43915003219575E-4 3.506557897319982 0.002257925239742422
manually 3.219575016097875E-4 3.912023005428146 0.0012595051530676581
occurs 3.219575016097875E-4 1.6607312068216509 5.34684870193706E-4
detected 3.219575016097875E-4 3.912023005428146 0.0012595051530676581
throws 6.43915003219575E-4 1.6094379124341003 0.0010363412185667097
catch 6.43915003219575E-4 3.912023005428146 0.0025190103061353162
exception 0.00128783000643915 1.4271163556401458 0.0018378832654734653
getSyncResolver 3.219575016097875E-4 3.912023005428146 0.0012595051530676581
special 3.219575016097875E-4 2.8134107167600364 9.057986853702628E-4
kind 3.219575016097875E-4 2.659260036932778 8.561687176216284E-4
JdbcRowSet 3.219575016097875E-4 2.5257286443082556 8.131772840657616E-4
examines 3.219575016097875E-4 3.912023005428146 0.0012595051530676581
duplicate 3.219575016097875E-4 2.407945608651872 7.752561521738157E-4
except 3.219575016097875E-4 2.407945608651872 7.752561521738157E-4
only 3.219575016097875E-4 0.843970070294529 2.7172249526546326E-4
causing 3.219575016097875E-4 3.2188758248682006 0.0010363412185667097
column 3.219575016097875E-4 2.207274913189721 7.106487164165232E-4
null 3.219575016097875E-4 1.2039728043259361 3.8762807608690793E-4
navigate 3.219575016097875E-4 3.2188758248682006 0.0010363412185667097
value 0.0019317450096587251 0.5447271754416719 0.0010522740027849426
nextConflict 3.219575016097875E-4 3.912023005428146 0.0012595051530676581
previousConflict 3.219575016097875E-4 3.912023005428146 0.0012595051530676581
doing 6.43915003219575E-4 3.2188758248682006 0.0020726824371334195
finding 3.219575016097875E-4 3.2188758248682006 0.0010363412185667097
out 3.219575016097875E-4 0.9675840262617057 3.115209356927578E-4
involved 3.219575016097875E-4 3.912023005428146 0.0012595051530676581
delete 3.219575016097875E-4 2.8134107167600364 9.057986853702628E-4
insert 3.219575016097875E-4 2.5257286443082556 8.131772840657616E-4
getting 3.219575016097875E-4 2.407945608651872 7.752561521738157E-4
caused 3.219575016097875E-4 2.8134107167600364 9.057986853702628E-4
needs 6.43915003219575E-4 2.120263536200091 0.001365269501738629
delegates 3.219575016097875E-4 3.912023005428146 0.0012595051530676581
How 9.658725048293626E-4 1.2039728043259361 0.001162884228260724
done 3.219575016097875E-4 2.659260036932778 8.561687176216284E-4
After 3.219575016097875E-4 1.5606477482646683 5.024622499242332E-4
completed 3.219575016097875E-4 2.659260036932778 8.561687176216284E-4
found 3.219575016097875E-4 1.5141277326297755 4.874847819155749E-4
get 3.219575016097875E-4 0.6733445532637655 2.1678833009136043E-4
about 3.219575016097875E-4 1.4696759700589417 4.731732034961177E-4
each 3.219575016097875E-4 1.5606477482646683 5.024622499242332E-4
logic 3.219575016097875E-4 3.912023005428146 0.0012595051530676581
user 6.43915003219575E-4 1.0216512475319812 6.578565663438385E-4
decides 3.219575016097875E-4 3.2188758248682006 0.0010363412185667097
persist 3.219575016097875E-4 2.995732273553991 9.644984782852514E-4
overwrite 3.219575016097875E-4 3.912023005428146 0.0012595051530676581
Logging 6.43915003219575E-4 1.8971199848858813 0.0012215840211757124
APIs 3.219575016097875E-4 2.120263536200091 6.826347508693145E-4
Resource 6.43915003219575E-4 1.6607312068216509 0.001069369740387412
DataSource 0.003219575016097875 2.8134107167600364 0.009057986853702628
Connections 3.219575016097875E-4 2.407945608651872 7.752561521738157E-4
Platform 6.43915003219575E-4 1.07880966137193 6.94661726575615E-4
Standard 0.0019317450096587251 1.1394342831883648 0.0022010964903831903
Ed 3.219575016097875E-4 1.2729656758128876 4.0984084861973196E-4
Prev 3.219575016097875E-4 1.2729656758128876 4.0984084861973196E-4
Next 6.43915003219575E-4 1.171182981502945 7.541422933051803E-4
Frames 6.43915003219575E-4 1.3470736479666094 8.67400932367424E-4
Classes 0.00128783000643915 0.7133498878774648 9.186733906986024E-4
Submit 3.219575016097875E-4 1.07880966137193 3.473308632878075E-4
bug 3.219575016097875E-4 1.1086626245216111 3.569422487191278E-4
feature 3.219575016097875E-4 1.1394342831883648 3.6684941506386504E-4
developer 6.43915003219575E-4 1.07880966137193 6.94661726575615E-4
documentation 0.0022537025112685126 0.9416085398584451 0.0021221055309108548
SE 3.219575016097875E-4 1.1086626245216111 3.569422487191278E-4
That 0.015453960077269801 0.22314355131420976 0.003448451533510003
targeted 3.219575016097875E-4 1.171182981502945 3.7707114665259017E-4
descriptions 3.219575016097875E-4 1.0498221244986776 3.379981083382735E-4
conceptual 3.219575016097875E-4 1.171182981502945 3.7707114665259017E-4
overviews 3.219575016097875E-4 1.171182981502945 3.7707114665259017E-4
terms 6.43915003219575E-4 1.0216512475319812 6.578565663438385E-4
workarounds 3.219575016097875E-4 1.171182981502945 3.7707114665259017E-4
working 3.219575016097875E-4 0.9942522733438669 3.201069778956429E-4
examples 3.219575016097875E-4 0.7985076962177716 2.5708554289046093E-4
affiliates 3.219575016097875E-4 1.171182981502945 3.7707114665259017E-4
subject 3.219575016097875E-4 1.1394342831883648 3.6684941506386504E-4
license 3.219575016097875E-4 1.1086626245216111 3.569422487191278E-4
Also 0.0022537025112685126 0.5108256237659907 0.0011512489911017177
redistribution 3.219575016097875E-4 1.171182981502945 3.7707114665259017E-4
policy 3.219575016097875E-4 1.0216512475319812 3.2892828317191927E-4
Scripting 3.219575016097875E-4 1.0216512475319812 3.2892828317191927E-4
tracks 3.219575016097875E-4 1.07880966137193 3.473308632878075E-4
traffic 3.219575016097875E-4 1.1086626245216111 3.569422487191278E-4
but 3.219575016097875E-4 0.8209805520698303 2.643208474146266E-4
change 3.219575016097875E-4 0.9162907318741551 2.9500667478240666E-4
content 3.219575016097875E-4 0.44628710262841953 1.4368548056291678E-4
8507
content 0.001451378809869376 0.44628710262841953 6.477316438728875E-4
