Uses 0.002240717029449424 0.9942522733438669 0.002227838000450406
of 0.01824583866837388 0.1165338162559516 0.0021262572108160186
Package 0.004161331626120359 0.06187540371808745 2.574840743710425E-4
org 0.003201024327784891 0.05129329438755048 1.641910831867813E-4
jsoup 0.004801536491677336 0.0 0.0
safety 0.002240717029449424 0.9162907318741551 0.0020531482468370953
Java 0.0016005121638924455 0.010050335853501506 1.6085684784733525E-5
HTML 0.0012804097311139564 0.0 0.0
Parser 3.201024327784891E-4 0.0 0.0
API 9.603072983354673E-4 0.0 0.0
Skip 6.402048655569782E-4 0.06187540371808745 3.961293451862193E-5
navigation 6.402048655569782E-4 0.06187540371808745 3.961293451862193E-5
links 6.402048655569782E-4 0.0408219945202552 2.6134439513607682E-5
Overview 0.0012804097311139564 0.06187540371808745 7.922586903724386E-5
Class 0.005761843790012804 0.06187540371808745 3.565164106675974E-4
Use 0.004161331626120359 0.010050335853501506 4.182278044030716E-5
Tree 9.603072983354673E-4 0.0408219945202552 3.9201659270411523E-5
Deprecated 0.002240717029449424 0.06187540371808745 1.3864527081517675E-4
Index 9.603072983354673E-4 0.06187540371808745 5.941940177793289E-5
Help 9.603072983354673E-4 0.05129329438755048 4.925732495603439E-5
Packages 3.201024327784891E-4 0.9162907318741551 2.933068924052993E-4
that 0.015044814340588988 0.22314355131420976 0.003357153300821978
use 0.004161331626120359 0.010050335853501506 4.182278044030716E-5
Description 0.002240717029449424 0.24846135929849972 5.567315989403003E-4
Contains 0.0019206145966709346 0.5798184952529422 0.0011136078654025777
the 0.08130601792573623 0.10536051565782635 0.008566443974740042
main 3.201024327784891E-4 1.2378743560016172 3.9624659283022317E-4
Jsoup 0.004801536491677336 0.0 0.0
class 0.005761843790012804 0.06187540371808745 3.565164106675974E-4
which 0.0038412291933418692 0.7550225842780328 0.0029002147923612013
provides 0.002560819462227913 0.843970070294529 0.0021612549815480894
convenient 3.201024327784891E-4 1.6094379124341003 5.151849911760884E-4
static 6.402048655569782E-4 0.5621189181535412 3.5987126642352186E-4
access 6.402048655569782E-4 0.8675005677047231 5.553780843180045E-4
to 0.029449423815621 0.17435338714477774 0.005134606791715606
functionality 3.201024327784891E-4 1.0498221244986776 3.360506160367086E-4
cleaner 9.603072983354673E-4 0.9162907318741551 8.799206772158979E-4
and 0.015044814340588988 0.09431067947124142 0.0014188866629796244
safelist 0.0016005121638924455 0.9162907318741551 0.0014665344620264965
definitions 6.402048655569782E-4 0.7765287894989963 4.971375092823279E-4
Classes 0.0019206145966709346 0.7133498878774648 0.0013700702071910336
in 0.017605633802816902 0.1508228897345837 0.002655332565749713
used 0.004481434058898848 0.6348782724359695 0.0028451651133494156
by 0.008642765685019206 0.27443684570176036 0.002371893352736085
Safelist 0.0016005121638924455 0.9162907318741551 0.0014665344620264965
Safe 6.402048655569782E-4 1.3093333199837622 8.382415620894764E-4
lists 9.603072983354673E-4 1.7147984280919266 0.0016467334456708642
define 6.402048655569782E-4 1.8325814637483102 0.0011732275696211972
what 0.0016005121638924455 1.5141277326297755 0.0024233798537608444
elements 6.402048655569782E-4 0.8675005677047231 5.553780843180045E-4
attributes 6.402048655569782E-4 0.3566749439387324 2.2834503453183892E-4
allow 9.603072983354673E-4 1.2729656758128876 0.0012224382290136563
through 6.402048655569782E-4 1.2378743560016172 7.924931856604463E-4
Whitelist 6.402048655569782E-4 1.1086626245216111 7.097712064799047E-4
As 0.002880921895006402 0.32850406697203605 9.463945591383882E-4
release 6.402048655569782E-4 1.6607312068216509 0.0010632081989895331
v 6.402048655569782E-4 1.3470736479666094 8.624031036918114E-4
this 0.00736235595390525 0.3424903089467759 0.002521535565229144
is 0.01888604353393086 0.22314355131420976 0.0042142988244361
deprecated 0.002240717029449424 0.06187540371808745 1.3864527081517675E-4
favour 6.402048655569782E-4 2.302585092994046 0.0014741261798937554
Copyright 6.402048655569782E-4 0.06187540371808745 3.961293451862193E-5
Jonathan 3.201024327784891E-4 0.0 0.0
Hedley 3.201024327784891E-4 0.0 0.0
All 0.004801536491677336 0.05129329438755048 2.4628662478017195E-4
rights 6.402048655569782E-4 0.06187540371808745 3.961293451862193E-5
reserved 6.402048655569782E-4 0.06187540371808745 3.961293451862193E-5
avax 3.201024327784891E-4 4.605170185988092 0.0014741261798937554
sql 0.0038412291933418692 1.6607312068216509 0.006379249193937199
rowset 0.01824583866837388 1.6607312068216509 0.030301433671201698
spi 0.0016005121638924455 1.7147984280919266 0.0027445557427847734
SyncProviderException 0.0016005121638924455 2.8134107167600364 0.004502898074199802
Indicates 9.603072983354673E-4 2.302585092994046 0.002211189269840633
an 0.005441741357234315 0.4620354595965586 0.0025142774689953574
error 3.201024327784891E-4 1.4696759700589417 4.7044685341195315E-4
with 0.008002560819462228 0.23572233352106994 0.0018863823105079221
SyncProvider 0.01856594110115237 2.5257286443082556 0.0468925292477205
mechanism 0.0016005121638924455 2.0402208285265546 0.003265398253083474
javax 0.0016005121638924455 1.3093333199837622 0.0020956039052236913
The 0.08130601792573623 0.10536051565782635 0.008566443974740042
standard 0.0019206145966709346 1.1394342831883648 0.0021884141162388567
classes 0.0019206145966709346 0.7133498878774648 0.0013700702071910336
interfaces 0.0012804097311139564 1.0216512475319812 0.0013081321991446622
a 0.03585147247119078 0.16251892949777494 0.005826542926936874
third 6.402048655569782E-4 2.5257286443082556 0.0016169837671627756
party 9.603072983354673E-4 2.8134107167600364 0.002701738844519881
vendor 0.0016005121638924455 2.995732273553991 0.004794705943588333
has 0.004481434058898848 0.7550225842780328 0.003383583924421402
its 0.0038412291933418692 0.8675005677047231 0.003332268505908027
implementation 0.009923175416133162 1.3470736479666094 0.013367248107223076
synchronization 0.011843790012804098 2.302585092994046 0.027271334328034476
provider 0.00736235595390525 1.8971199848858813 0.013967272615997206
These 0.002880921895006402 1.5141277326297755 0.00436208373676952
are 0.009923175416133162 0.5447271754416719 0.005405423315842455
referred 9.603072983354673E-4 3.2188758248682006 0.0030911099470565307
as 0.002880921895006402 0.32850406697203605 9.463945591383882E-4
Service 0.0016005121638924455 1.6607312068216509 0.002658020497473833
Provider 0.00736235595390525 1.8971199848858813 0.013967272615997206
Interface 0.002240717029449424 0.653926467406664 0.0014652641715258159
SPI 0.0016005121638924455 1.7147984280919266 0.0027445557427847734
A 0.03585147247119078 0.16251892949777494 0.005826542926936874
may 0.0012804097311139564 1.07880966137193 0.0013813183884403713
have 0.002880921895006402 0.9416085398584451 0.002712700659003203
included 3.201024327784891E-4 2.407945608651872 7.707892473277438E-4
on 0.005441741357234315 0.5447271754416719 0.0029642643990103784
JDBC 0.0012804097311139564 2.407945608651872 0.0030831569893109752
web 6.402048655569782E-4 0.8209805520698303 5.255957439627595E-4
page 9.603072983354673E-4 0.843970070294529 8.104706180805336E-4
available 0.0019206145966709346 1.6607312068216509 0.0031896245969685994
implementations 0.0035211267605633804 1.8971199848858813 0.006679999946781272
sending 3.201024327784891E-4 3.912023005428146 0.001252248081122966
email 3.201024327784891E-4 2.995732273553991 9.589411887176666E-4
jdbc 0.0012804097311139564 2.407945608651872 0.0030831569893109752
sun 6.402048655569782E-4 2.8134107167600364 0.0018011592296799208
com 9.603072983354673E-4 1.8325814637483102 0.0017598413544317958
Doing 6.402048655569782E-4 3.2188758248682006 0.0020607399647043535
helps 3.201024327784891E-4 2.659260036932778 8.51235607212797E-4
make 0.0016005121638924455 1.5606477482646683 0.0024978357046489567
developers 3.201024327784891E-4 1.8971199848858813 6.072727224346611E-4
aware 3.201024327784891E-4 3.912023005428146 0.001252248081122966
To 0.029449423815621 0.17435338714477774 0.005134606791715606
it 0.009603072983354673 0.47803580094299974 0.004590612685112033
possible 9.603072983354673E-4 1.7719568419318754 0.001701623087642646
for 0.008002560819462228 0.083381608939051 6.67266396759371E-4
RowSet 0.01824583866837388 1.6607312068216509 0.030301433671201698
object 0.023687580025608196 0.43078291609245434 0.010204204798604873
must 0.002240717029449424 1.1086626245216111 0.0024841992226796667
register 6.402048655569782E-4 2.302585092994046 0.0014741261798937554
SyncFactory 0.008322663252240717 2.5257286443082556 0.021020788973116083
singleton 0.0016005121638924455 3.912023005428146 0.00626124040561483
See 0.003201024327784891 0.3566749439387324 0.0011417251726591946
comment 6.402048655569782E-4 1.7719568419318754 0.001134415391761764
full 3.201024327784891E-4 1.3862943611198906 4.4375619754157827E-4
explanation 3.201024327784891E-4 2.995732273553991 9.589411887176666E-4
registration 6.402048655569782E-4 2.995732273553991 0.0019178823774353333
process 9.603072983354673E-4 1.9661128563728327 0.0018880725253260238
naming 6.402048655569782E-4 2.407945608651872 0.0015415784946554876
convention 6.402048655569782E-4 3.912023005428146 0.002504496162245932
be 0.009282970550576185 0.47803580094299974 0.004437592262274966
Table 0.002560819462227913 1.5606477482646683 0.003996537127438331
Contents 3.201024327784891E-4 1.1394342831883648 3.6473568603980947E-4
Specification 9.603072983354673E-4 1.6607312068216509 0.0015948122984842997
Architecture 6.402048655569782E-4 1.8325814637483102 0.0011732275696211972
Implementer 6.402048655569782E-4 3.2188758248682006 0.0020607399647043535
s 0.0016005121638924455 0.5447271754416719 8.718424702971702E-4
Guide 6.402048655569782E-4 2.407945608651872 0.0015415784946554876
Resolving 6.402048655569782E-4 3.912023005428146 0.002504496162245932
Synchronization 0.011843790012804098 2.302585092994046 0.027271334328034476
Conflicts 0.005761843790012804 3.2188758248682006 0.018546659682339185
Related 0.0019206145966709346 1.8971199848858813 0.0036436363346079663
Specifications 6.402048655569782E-4 1.8325814637483102 0.0011732275696211972
Documentation 0.002240717029449424 0.9416085398584451 0.0021098782903358243
following 0.002240717029449424 1.7147984280919266 0.0038423780398986833
up 6.402048655569782E-4 1.4271163556401458 9.136468345967643E-4
package 0.004161331626120359 0.06187540371808745 2.574840743710425E-4
SyncFactoryException 9.603072983354673E-4 2.8134107167600364 0.002701738844519881
SyncResolver 0.003201024327784891 2.659260036932778 0.00851235607212797
XmlReader 6.402048655569782E-4 2.5257286443082556 0.0016169837671627756
XmlWriter 6.402048655569782E-4 2.5257286443082556 0.0016169837671627756
TransactionalWriter 3.201024327784891E-4 2.8134107167600364 9.005796148399604E-4
also 0.002240717029449424 0.5108256237659907 0.0011446156742515798
part 3.201024327784891E-4 1.7147984280919266 5.489111485569547E-4
RowSetReader 9.603072983354673E-4 2.407945608651872 0.0023123677419832314
RowSetWriter 9.603072983354673E-4 2.407945608651872 0.0023123677419832314
disconnected 0.004481434058898848 2.302585092994046 0.010318883259256287
mechanisms 9.603072983354673E-4 2.8134107167600364 0.002701738844519881
reading 3.201024327784891E-4 2.659260036932778 8.51235607212797E-4
data 0.017605633802816902 0.5978370007556204 0.010525299309077824
into 9.603072983354673E-4 0.8915981192837835 8.562081811303939E-4
writing 9.603072983354673E-4 2.8134107167600364 0.002701738844519881
been 0.002560819462227913 1.4271163556401458 0.003654587338387057
modified 0.003201024327784891 2.407945608651872 0.007707892473277438
back 6.402048655569782E-4 1.7719568419318754 0.001134415391761764
underlying 0.002240717029449424 2.207274913189721 0.004945878486660707
source 0.012163892445582587 1.07880966137193 0.013122524690183528
reader 3.201024327784891E-4 1.9661128563728327 6.293575084420079E-4
or 0.008002560819462228 0.2613647641344075 0.002091587421049996
XMLReader 6.402048655569782E-4 2.5257286443082556 0.0016169837671627756
reads 6.402048655569782E-4 2.5257286443082556 0.0016169837671627756
when 0.006081946222791294 0.843970070294529 0.005132980581176713
CachedRowSet 0.002240717029449424 2.120263536200091 0.004750910612484199
methods 0.0016005121638924455 0.24846135929849972 3.976654278145002E-4
execute 3.201024327784891E-4 2.120263536200091 6.787015160691712E-4
populate 0.002240717029449424 2.995732273553991 0.006712588321023667
called 0.0012804097311139564 1.7719568419318754 0.002268830783523528
writer 0.002240717029449424 1.9661128563728327 0.004405502559094055
XMLWriter 6.402048655569782E-4 2.5257286443082556 0.0016169837671627756
writes 0.0012804097311139564 3.912023005428146 0.005008992324491864
changes 0.0035211267605633804 1.3862943611198906 0.004881318172957361
method 0.002560819462227913 0.32850406697203605 8.412396081230116E-4
acceptChanges 0.0012804097311139564 3.2188758248682006 0.004121479929408707
known 6.402048655569782E-4 2.120263536200091 0.0013574030321383424
using 0.002240717029449424 0.8209805520698303 0.0018395851038696585
determines 6.402048655569782E-4 1.8971199848858813 0.0012145454448693222
level 0.002560819462227913 1.7147984280919266 0.004391289188455638
uses 0.002240717029449424 0.9942522733438669 0.002227838000450406
various 3.201024327784891E-4 2.659260036932778 8.51235607212797E-4
levels 0.0016005121638924455 3.912023005428146 0.00626124040561483
grades 0.002560819462227913 3.912023005428146 0.010017984648983728
lower 3.201024327784891E-4 2.0402208285265546 6.530796506166948E-4
optimistic 0.002240717029449424 3.912023005428146 0.008765736567860763
concurrency 0.0016005121638924455 3.912023005428146 0.00626124040561483
because 9.603072983354673E-4 2.5257286443082556 0.0024254756507441633
they 9.603072983354673E-4 1.2729656758128876 0.0012224382290136563
optimistically 3.201024327784891E-4 3.912023005428146 0.001252248081122966
assume 6.402048655569782E-4 3.2188758248682006 0.0020607399647043535
there 0.0038412291933418692 1.2729656758128876 0.004889752916054625
will 0.006081946222791294 0.5447271754416719 0.003313001387129247
no 0.005761843790012804 0.5798184952529422 0.0033408235962077335
conflicts 0.005761843790012804 3.2188758248682006 0.018546659682339185
very 3.201024327784891E-4 2.207274913189721 7.065540695229581E-4
few 6.402048655569782E-4 3.912023005428146 0.002504496162245932
conflict 0.0038412291933418692 2.659260036932778 0.010214827286553563
exists 3.201024327784891E-4 2.0402208285265546 6.530796506166948E-4
same 9.603072983354673E-4 0.9942522733438669 9.547877144787454E-4
Using 0.002240717029449424 0.8209805520698303 0.0018395851038696585
model 6.402048655569782E-4 1.6094379124341003 0.0010303699823521768
means 3.201024327784891E-4 1.8325814637483102 5.866137848105986E-4
if 0.00736235595390525 0.616186139423817 0.004536581692300829
modifications 6.402048655569782E-4 3.912023005428146 0.002504496162245932
either 6.402048655569782E-4 1.8971199848858813 0.0012145454448693222
lost 9.603072983354673E-4 3.912023005428146 0.003756744243368898
Higher 9.603072983354673E-4 2.8134107167600364 0.002701738844519881
pessimistic 0.0019206145966709346 3.912023005428146 0.007513488486737796
others 3.201024327784891E-4 2.659260036932778 8.51235607212797E-4
accessing 6.402048655569782E-4 2.8134107167600364 0.0018011592296799208
making 3.201024327784891E-4 2.8134107167600364 9.005796148399604E-4
set 0.002560819462227913 0.4620354595965586 0.0011831893971742857
varying 3.201024327784891E-4 3.912023005428146 0.001252248081122966
locks 0.0035211267605633804 2.5257286443082556 0.008893410719395266
increase 6.402048655569782E-4 3.2188758248682006 0.0020607399647043535
chances 3.201024327784891E-4 3.912023005428146 0.001252248081122966
occur 3.201024327784891E-4 2.120263536200091 6.787015160691712E-4
lowest 9.603072983354673E-4 3.912023005428146 0.003756744243368898
simply 9.603072983354673E-4 2.8134107167600364 0.002701738844519881
any 0.002880921895006402 0.5978370007556204 0.001722321705121826
made 0.0012804097311139564 1.8325814637483102 0.0023464551392423944
does 0.002240717029449424 0.7339691750802005 0.0016446172296931511
nothing 6.402048655569782E-4 2.8134107167600364 0.0018011592296799208
check 0.002240717029449424 1.3093333199837622 0.002933845467313168
If 0.00736235595390525 0.616186139423817 0.004536581692300829
values 0.0012804097311139564 1.0216512475319812 0.0013081321991446622
overwritten 3.201024327784891E-4 3.912023005428146 0.001252248081122966
other 9.603072983354673E-4 0.8915981192837835 8.562081811303939E-4
parties 3.201024327784891E-4 3.2188758248682006 0.0010303699823521768
RIXMLProvider 0.0016005121638924455 3.912023005428146 0.00626124040561483
just 3.201024327784891E-4 2.120263536200091 6.787015160691712E-4
This 0.00736235595390525 0.3424903089467759 0.002521535565229144
true 3.201024327784891E-4 1.1086626245216111 3.5488560323995234E-4
typically 3.201024327784891E-4 1.8971199848858813 6.072727224346611E-4
XML 0.0019206145966709346 1.2039728043259361 0.002312367741983232
sources 3.201024327784891E-4 2.659260036932778 8.51235607212797E-4
do 9.603072983354673E-4 0.9162907318741551 8.799206772158979E-4
not 0.003201024327784891 0.3424903089467759 0.001096319810969193
enable 3.201024327784891E-4 1.6094379124341003 5.151849911760884E-4
transaction 3.201024327784891E-4 2.659260036932778 8.51235607212797E-4
techniques 3.201024327784891E-4 3.2188758248682006 0.0010303699823521768
maintaining 3.201024327784891E-4 3.2188758248682006 0.0010303699823521768
integrity 3.201024327784891E-4 3.2188758248682006 0.0010303699823521768
However 6.402048655569782E-4 2.407945608651872 0.0015415784946554876
specific 3.201024327784891E-4 1.9661128563728327 6.293575084420079E-4
standards 3.201024327784891E-4 3.2188758248682006 0.0010303699823521768
groups 3.201024327784891E-4 2.995732273553991 9.589411887176666E-4
considered 6.402048655569782E-4 2.5257286443082556 0.0016169837671627756
offering 3.201024327784891E-4 2.5257286443082556 8.084918835813878E-4
based 3.201024327784891E-4 1.2729656758128876 4.074794096712188E-4
For 0.008002560819462228 0.083381608939051 6.67266396759371E-4
details 9.603072983354673E-4 0.7550225842780328 7.250536980903003E-4
see 0.003201024327784891 0.3566749439387324 0.0011417251726591946
http 3.201024327784891E-4 1.1394342831883648 3.6473568603980947E-4
www 3.201024327784891E-4 2.0402208285265546 6.530796506166948E-4
syncml 3.201024327784891E-4 3.2188758248682006 0.0010303699823521768
next 6.402048655569782E-4 1.171182981502945 7.497970432157138E-4
checks 9.603072983354673E-4 1.8325814637483102 0.0017598413544317958
write 6.402048655569782E-4 2.120263536200091 0.0013574030321383424
anything 3.201024327784891E-4 2.659260036932778 8.51235607212797E-4
problem 3.201024327784891E-4 3.506557897319982 0.0011224577136107496
another 6.402048655569782E-4 1.6607312068216509 0.0010632081989895331
corresponding 3.201024327784891E-4 1.9661128563728327 6.293575084420079E-4
since 3.201024327784891E-4 1.8971199848858813 6.072727224346611E-4
got 3.201024327784891E-4 3.912023005428146 0.001252248081122966
RIOptimisticProvider 0.0019206145966709346 3.912023005428146 0.007513488486737796
At 0.003201024327784891 1.4271163556401458 0.004568234172983822
higher 9.603072983354673E-4 2.8134107167600364 0.002701738844519881
take 3.201024327784891E-4 2.120263536200091 6.787015160691712E-4
steps 3.201024327784891E-4 2.8134107167600364 9.005796148399604E-4
avoid 3.201024327784891E-4 3.2188758248682006 0.0010303699823521768
setting 0.002560819462227913 1.6607312068216509 0.0042528327959581325
Setting 0.002560819462227913 1.6607312068216509 0.0042528327959581325
can 0.005441741357234315 0.7339691750802005 0.003994070414969081
vary 3.201024327784891E-4 2.8134107167600364 9.005796148399604E-4
from 0.0038412291933418692 0.38566248081198473 0.0014814179800716441
lock 0.008002560819462228 2.207274913189721 0.017663851738073954
single 3.201024327784891E-4 1.4696759700589417 4.7044685341195315E-4
row 0.002240717029449424 3.2188758248682006 0.007212589876465238
table 0.002560819462227913 1.5606477482646683 0.003996537127438331
entire 0.0012804097311139564 2.995732273553991 0.0038357647548706666
therefore 3.201024327784891E-4 2.5257286443082556 8.084918835813878E-4
tradeoff 3.201024327784891E-4 3.912023005428146 0.001252248081122966
between 6.402048655569782E-4 1.7147984280919266 0.0010978222971139095
ability 6.402048655569782E-4 2.5257286443082556 0.0016169837671627756
users 6.402048655569782E-4 2.120263536200091 0.0013574030321383424
concurrently 3.201024327784891E-4 3.2188758248682006 0.0010303699823521768
keep 3.201024327784891E-4 2.995732273553991 9.589411887176666E-4
synchronized 6.402048655569782E-4 3.2188758248682006 0.0020607399647043535
It 0.009603072983354673 0.47803580094299974 0.004590612685112033
requirement 3.201024327784891E-4 3.912023005428146 0.001252248081122966
all 0.004801536491677336 0.05129329438755048 2.4628662478017195E-4
objects 0.002240717029449424 1.3862943611198906 0.0031062933827910484
FilteredRowSet 3.201024327784891E-4 2.5257286443082556 8.084918835813878E-4
JoinRowSet 3.201024327784891E-4 2.302585092994046 7.370630899468777E-4
WebRowSet 0.0019206145966709346 2.5257286443082556 0.0048509513014883265
obtain 9.603072983354673E-4 2.120263536200091 0.0020361045482075136
their 3.201024327784891E-4 1.2729656758128876 4.074794096712188E-4
reference 0.002880921895006402 0.843970070294529 0.0024314118542416007
RI 3.201024327784891E-4 3.912023005428146 0.001252248081122966
two 3.201024327784891E-4 1.4271163556401458 4.5682341729838213E-4
providers 6.402048655569782E-4 2.302585092994046 0.0014741261798937554
default 0.0012804097311139564 1.0216512475319812 0.0013081321991446622
instance 0.0019206145966709346 1.7719568419318754 0.003403246175285292
supply 3.201024327784891E-4 2.407945608651872 7.707892473277438E-4
specified 0.002880921895006402 0.9675840262617057 0.0027875340065157974
assuming 3.201024327784891E-4 3.912023005428146 0.001252248081122966
among 3.201024327784891E-4 3.2188758248682006 0.0010303699823521768
who 3.201024327784891E-4 2.302585092994046 7.370630899468777E-4
database 3.201024327784891E-4 1.8971199848858813 6.072727224346611E-4
avoids 3.201024327784891E-4 3.2188758248682006 0.0010303699823521768
rather 3.201024327784891E-4 2.120263536200091 6.787015160691712E-4
before 3.201024327784891E-4 1.8325814637483102 5.866137848105986E-4
trying 3.201024327784891E-4 3.912023005428146 0.001252248081122966
synchronize 3.201024327784891E-4 3.912023005428146 0.001252248081122966
meaning 3.201024327784891E-4 3.2188758248682006 0.0010303699823521768
persisted 3.201024327784891E-4 3.912023005428146 0.001252248081122966
written 9.603072983354673E-4 2.995732273553991 0.002876823566153
format 9.603072983354673E-4 1.4696759700589417 0.0014113405602358595
read 3.201024327784891E-4 1.2729656758128876 4.074794096712188E-4
checking 9.603072983354673E-4 2.995732273553991 0.002876823566153
at 0.003201024327784891 1.4271163556401458 0.004568234172983822
updated 3.201024327784891E-4 2.8134107167600364 9.005796148399604E-4
dealing 3.201024327784891E-4 2.8134107167600364 9.005796148399604E-4
bundled 3.201024327784891E-4 3.912023005428146 0.001252248081122966
makes 3.201024327784891E-4 1.8971199848858813 6.072727224346611E-4
them 6.402048655569782E-4 1.7719568419318754 0.001134415391761764
always 3.201024327784891E-4 2.0402208285265546 6.530796506166948E-4
themselves 3.201024327784891E-4 2.8134107167600364 9.005796148399604E-4
being 9.603072983354673E-4 2.207274913189721 0.0021196622085688744
registered 0.002560819462227913 2.659260036932778 0.006809884857702376
When 0.006081946222791294 0.843970070294529 0.005132980581176713
requests 3.201024327784891E-4 1.5606477482646683 4.995671409297914E-4
specifying 3.201024327784891E-4 3.2188758248682006 0.0010303699823521768
constructor 9.603072983354673E-4 0.6733445532637655 6.466176887936288E-4
argument 3.201024327784891E-4 2.5257286443082556 8.084918835813878E-4
setSyncProvider 9.603072983354673E-4 3.912023005428146 0.003756744243368898
requested 9.603072983354673E-4 2.659260036932778 0.0025537068216383908
creates 3.201024327784891E-4 1.7147984280919266 5.489111485569547E-4
passes 3.201024327784891E-4 3.2188758248682006 0.0010303699823521768
requesting 6.402048655569782E-4 3.2188758248682006 0.0020607399647043535
causes 3.201024327784891E-4 2.8134107167600364 9.005796148399604E-4
thrown 6.402048655569782E-4 1.8971199848858813 0.0012145454448693222
create 3.201024327784891E-4 0.8915981192837835 2.8540272704346463E-4
pass 3.201024327784891E-4 3.912023005428146 0.001252248081122966
specify 9.603072983354673E-4 2.302585092994046 0.002211189269840633
give 3.201024327784891E-4 3.912023005428146 0.001252248081122966
implemented 0.0016005121638924455 1.0498221244986776 0.0016802530801835428
specification 9.603072983354673E-4 1.6607312068216509 0.0015948122984842997
further 0.0012804097311139564 0.9416085398584451 0.0012056447373347567
Vendors 3.201024327784891E-4 3.2188758248682006 0.0010303699823521768
develop 3.201024327784891E-4 3.912023005428146 0.001252248081122966
one 0.0019206145966709346 1.07880966137193 0.002071977582660557
thus 3.201024327784891E-4 2.407945608651872 7.707892473277438E-4
giving 3.201024327784891E-4 2.995732273553991 9.589411887176666E-4
choice 3.201024327784891E-4 2.407945608651872 7.707892473277438E-4
registering 6.402048655569782E-4 3.2188758248682006 0.0020607399647043535
fully 6.402048655569782E-4 2.5257286443082556 0.0016169837671627756
qualified 3.201024327784891E-4 3.2188758248682006 0.0010303699823521768
name 3.201024327784891E-4 0.6931471805599453 2.2187809877078913E-4
Oracle 6.402048655569782E-4 0.8915981192837835 5.708054540869293E-4
Corporation 3.201024327784891E-4 3.912023005428146 0.001252248081122966
discussed 3.201024327784891E-4 3.2188758248682006 0.0010303699823521768
detail 0.0012804097311139564 1.9661128563728327 0.0025174300337680315
below 6.402048655569782E-4 3.912023005428146 0.002504496162245932
pluggable 6.402048655569782E-4 2.302585092994046 0.0014741261798937554
then 6.402048655569782E-4 1.2378743560016172 7.924931856604463E-4
generated 3.201024327784891E-4 1.7719568419318754 5.67207695880882E-4
required 6.402048655569782E-4 1.3093333199837622 8.382415620894764E-4
lazy 3.201024327784891E-4 3.912023005428146 0.001252248081122966
employed 3.201024327784891E-4 3.912023005428146 0.001252248081122966
limits 3.201024327784891E-4 2.995732273553991 9.589411887176666E-4
unnecessary 3.201024327784891E-4 3.912023005428146 0.001252248081122966
resource 6.402048655569782E-4 1.6607312068216509 0.0010632081989895331
consumption 3.201024327784891E-4 3.912023005428146 0.001252248081122966
creating 3.201024327784891E-4 1.8971199848858813 6.072727224346611E-4
until 3.201024327784891E-4 1.7719568419318754 5.67207695880882E-4
configure 6.402048655569782E-4 2.302585092994046 0.0014741261798937554
logging 6.402048655569782E-4 1.8971199848858813 0.0012145454448693222
options 3.201024327784891E-4 2.407945608651872 7.707892473277438E-4
streams 3.201024327784891E-4 2.407945608651872 7.707892473277438E-4
provided 0.0012804097311139564 1.5141277326297755 0.0019387038830086755
particular 3.201024327784891E-4 2.0402208285265546 6.530796506166948E-4
Registering 6.402048655569782E-4 3.2188758248682006 0.0020607399647043535
order 3.201024327784891E-4 1.2378743560016172 3.9624659283022317E-4
thereby 3.201024327784891E-4 3.912023005428146 0.001252248081122966
System 0.0016005121638924455 1.2378743560016172 0.001981232964151116
properties 0.002240717029449424 1.7719568419318754 0.0039704538711661744
Properties 0.002240717029449424 1.7719568419318754 0.0039704538711661744
command 3.201024327784891E-4 2.659260036932778 8.51235607212797E-4
line 3.201024327784891E-4 2.0402208285265546 6.530796506166948E-4
run 6.402048655569782E-4 1.1086626245216111 7.097712064799047E-4
time 6.402048655569782E-4 1.3470736479666094 8.624031036918114E-4
apply 3.201024327784891E-4 2.5257286443082556 8.084918835813878E-4
system 0.0016005121638924455 1.2378743560016172 0.001981232964151116
wide 3.201024327784891E-4 2.659260036932778 8.51235607212797E-4
per 3.201024327784891E-4 1.7147984280919266 5.489111485569547E-4
invocation 3.201024327784891E-4 3.2188758248682006 0.0010303699823521768
application 0.002880921895006402 1.3093333199837622 0.0037720870294026443
section 3.201024327784891E-4 2.207274913189721 7.065540695229581E-4
related 0.0019206145966709346 1.8971199848858813 0.0036436363346079663
information 6.402048655569782E-4 1.3470736479666094 8.624031036918114E-4
Property 0.0019206145966709346 1.8325814637483102 0.0035196827088635916
Files 6.402048655569782E-4 1.8325814637483102 0.0011732275696211972
property 0.0019206145966709346 1.8325814637483102 0.0035196827088635916
file 0.0012804097311139564 0.8915981192837835 0.0011416109081738585
modifying 6.402048655569782E-4 2.8134107167600364 0.0018011592296799208
located 3.201024327784891E-4 3.2188758248682006 0.0010303699823521768
platform 6.402048655569782E-4 1.07880966137193 6.906591942201857E-4
technology 3.201024327784891E-4 1.7147984280919266 5.489111485569547E-4
includes 3.201024327784891E-4 2.659260036932778 8.51235607212797E-4
than 3.201024327784891E-4 1.3862943611198906 4.4375619754157827E-4
edited 3.201024327784891E-4 2.659260036932778 8.51235607212797E-4
add 3.201024327784891E-4 1.171182981502945 3.748985216078569E-4
additional 3.201024327784891E-4 2.207274913189721 7.065540695229581E-4
JNDI 0.0012804097311139564 3.912023005428146 0.005008992324491864
Context 0.0016005121638924455 2.0402208285265546 0.003265398253083474
Available 0.0019206145966709346 1.6607312068216509 0.0031896245969685994
context 0.0016005121638924455 2.0402208285265546 0.003265398253083474
attempt 9.603072983354673E-4 2.5257286443082556 0.0024254756507441633
load 3.201024327784891E-4 1.8971199848858813 6.072727224346611E-4
bound 3.201024327784891E-4 2.5257286443082556 8.084918835813878E-4
factory 3.201024327784891E-4 2.207274913189721 7.065540695229581E-4
supplied 9.603072983354673E-4 1.5141277326297755 0.0014540279122565065
function 3.201024327784891E-4 2.995732273553991 9.589411887176666E-4
correctly 6.402048655569782E-4 2.659260036932778 0.001702471214425594
Details 9.603072983354673E-4 0.7550225842780328 7.250536980903003E-4
how 9.603072983354673E-4 1.2039728043259361 0.001156183870991616
explained 3.201024327784891E-4 3.912023005428146 0.001252248081122966
description 0.002240717029449424 0.24846135929849972 5.567315989403003E-4
Instance 0.0019206145966709346 1.7719568419318754 0.003403246175285292
Generation 3.201024327784891E-4 2.8134107167600364 9.005796148399604E-4
Policies 9.603072983354673E-4 2.8134107167600364 0.002701738844519881
generates 3.201024327784891E-4 2.8134107167600364 9.005796148399604E-4
policies 9.603072983354673E-4 2.8134107167600364 0.002701738844519881
adhered 3.201024327784891E-4 3.912023005428146 0.001252248081122966
instantiated 3.201024327784891E-4 3.2188758248682006 0.0010303699823521768
reconfigured 3.201024327784891E-4 3.912023005428146 0.001252248081122966
runtime 3.201024327784891E-4 2.207274913189721 7.065540695229581E-4
alternative 3.201024327784891E-4 3.912023005428146 0.001252248081122966
contains 0.0019206145966709346 0.5798184952529422 0.0011136078654025777
explored 3.201024327784891E-4 3.912023005428146 0.001252248081122966
more 0.0019206145966709346 0.7339691750802005 0.0014096719111655579
Requirements 3.201024327784891E-4 2.207274913189721 7.065540695229581E-4
compliant 3.201024327784891E-4 3.2188758248682006 0.0010303699823521768
extend 3.201024327784891E-4 2.659260036932778 8.51235607212797E-4
implement 3.201024327784891E-4 1.7147984280919266 5.489111485569547E-4
abstract 3.201024327784891E-4 1.2729656758128876 4.074794096712188E-4
In 0.017605633802816902 0.1508228897345837 0.002655332565749713
addition 6.402048655569782E-4 2.8134107167600364 0.0018011592296799208
determine 6.402048655569782E-4 1.8325814637483102 0.0011732275696211972
grade 0.01056338028169014 3.2188758248682006 0.03400220941762184
locking 0.0019206145966709346 3.2188758248682006 0.0061822198941130614
updatable 0.0012804097311139564 2.8134107167600364 0.0036023184593598416
view 0.002880921895006402 1.4271163556401458 0.00411141075568544
capabilities 6.402048655569782E-4 2.120263536200091 0.0013574030321383424
defined 3.201024327784891E-4 1.1394342831883648 3.6473568603980947E-4
definition 3.201024327784891E-4 2.0402208285265546 6.530796506166948E-4
One 0.0019206145966709346 1.07880966137193 0.002071977582660557
criteria 3.201024327784891E-4 3.2188758248682006 0.0010303699823521768
supported 3.201024327784891E-4 1.6607312068216509 5.316040994947666E-4
expected 3.201024327784891E-4 2.207274913189721 7.065540695229581E-4
offer 6.402048655569782E-4 2.8134107167600364 0.0018011592296799208
range 3.201024327784891E-4 2.0402208285265546 6.530796506166948E-4
Furthermore 3.201024327784891E-4 3.2188758248682006 0.0010303699823521768
followed 3.201024327784891E-4 2.8134107167600364 9.005796148399604E-4
detailed 6.402048655569782E-4 1.0498221244986776 6.721012320734172E-4
Grades 0.002560819462227913 3.912023005428146 0.010017984648983728
JSR 6.402048655569782E-4 3.2188758248682006 0.0020607399647043535
defines 6.402048655569782E-4 1.8971199848858813 0.0012145454448693222
describe 3.201024327784891E-4 2.407945608651872 7.707892473277438E-4
quality 6.402048655569782E-4 3.2188758248682006 0.0020607399647043535
listed 3.201024327784891E-4 3.912023005428146 0.001252248081122966
service 0.0016005121638924455 1.6607312068216509 0.002658020497473833
highest 3.201024327784891E-4 3.912023005428146 0.001252248081122966
GRADE 0.01056338028169014 3.2188758248682006 0.03400220941762184
NONE 6.402048655569782E-4 1.7719568419318754 0.001134415391761764
No 0.005761843790012804 0.5798184952529422 0.0033408235962077335
originating 0.0019206145966709346 3.2188758248682006 0.0061822198941130614
returning 0.0016005121638924455 3.2188758248682006 0.005151849911760884
changed 0.0019206145966709346 2.0402208285265546 0.003918477903700169
overwriting 3.201024327784891E-4 3.912023005428146 0.001252248081122966
whatever 3.201024327784891E-4 3.2188758248682006 0.0010303699823521768
compare 3.201024327784891E-4 2.407945608651872 7.707892473277438E-4
original 0.0016005121638924455 1.9661128563728327 0.0031467875422100393
current 9.603072983354673E-4 1.5606477482646683 0.0014987014227893741
CHECK 0.002240717029449424 1.3093333199837622 0.002933845467313168
MODIFIED 0.003201024327784891 2.407945608651872 0.007707892473277438
AT 0.003201024327784891 1.4271163556401458 0.004568234172983822
COMMIT 0.0012804097311139564 3.2188758248682006 0.004121479929408707
low 6.402048655569782E-4 2.0402208285265546 0.0013061593012333897
rows 0.0019206145966709346 2.659260036932778 0.0051074136432767816
last 3.201024327784891E-4 2.8134107167600364 9.005796148399604E-4
under 3.201024327784891E-4 2.407945608651872 7.707892473277438E-4
way 0.0012804097311139564 1.1086626245216111 0.0014195424129598093
Any 0.002880921895006402 0.5978370007556204 0.001722321705121826
reflected 6.402048655569782E-4 3.912023005428146 0.002504496162245932
ALL 0.004801536491677336 0.05129329438755048 2.4628662478017195E-4
high 6.402048655569782E-4 2.207274913189721 0.0014131081390459162
including 3.201024327784891E-4 1.0498221244986776 3.360506160367086E-4
finishes 6.402048655569782E-4 3.912023005428146 0.002504496162245932
successfully 3.201024327784891E-4 2.5257286443082556 8.084918835813878E-4
LOCK 0.008002560819462228 2.207274913189721 0.017663851738073954
WHEN 0.006081946222791294 0.843970070294529 0.005132980581176713
corresponds 3.201024327784891E-4 3.2188758248682006 0.0010303699823521768
reduce 3.201024327784891E-4 3.506557897319982 0.0011224577136107496
possibility 3.201024327784891E-4 3.912023005428146 0.001252248081122966
processes 3.201024327784891E-4 2.5257286443082556 8.084918835813878E-4
LOADED 9.603072983354673E-4 3.2188758248682006 0.0030911099470565307
affected 3.201024327784891E-4 3.912023005428146 0.001252248081122966
query 9.603072983354673E-4 1.6607312068216509 0.0015948122984842997
Locks 0.0035211267605633804 2.5257286443082556 0.008893410719395266
constants 0.0012804097311139564 2.207274913189721 0.0028262162780918324
whether 9.603072983354673E-4 1.6607312068216509 0.0015948122984842997
placed 0.002560819462227913 2.995732273553991 0.007671529509741333
so 3.201024327784891E-4 1.3093333199837622 4.191207810447382E-4
constructs 3.201024327784891E-4 3.2188758248682006 0.0010303699823521768
remain 0.0012804097311139564 3.2188758248682006 0.004121479929408707
while 3.201024327784891E-4 1.9661128563728327 6.293575084420079E-4
should 0.0012804097311139564 1.0498221244986776 0.0013442024641468343
complementary 3.201024327784891E-4 3.912023005428146 0.001252248081122966
majority 3.201024327784891E-4 3.912023005428146 0.001252248081122966
settings 3.201024327784891E-4 1.171182981502945 3.748985216078569E-4
requires 3.201024327784891E-4 2.8134107167600364 9.005796148399604E-4
fine 3.201024327784891E-4 3.2188758248682006 0.0010303699823521768
grained 3.201024327784891E-4 3.912023005428146 0.001252248081122966
control 3.201024327784891E-4 1.3470736479666094 4.312015518459057E-4
over 3.201024327784891E-4 2.302585092994046 7.370630899468777E-4
degree 9.603072983354673E-4 2.659260036932778 0.0025537068216383908
DATASOURCE 0.003201024327784891 2.8134107167600364 0.009005796148399603
NO 0.005761843790012804 0.5798184952529422 0.0033408235962077335
unless 3.201024327784891E-4 2.120263536200091 6.787015160691712E-4
otherwise 3.201024327784891E-4 1.2378743560016172 3.9624659283022317E-4
directed 3.201024327784891E-4 3.912023005428146 0.001252248081122966
ROW 0.002240717029449424 3.2188758248682006 0.007212589876465238
touched 0.0012804097311139564 3.912023005428146 0.005008992324491864
SQL 0.0038412291933418692 1.6607312068216509 0.006379249193937199
TABLE 0.002560819462227913 1.5606477482646683 0.003996537127438331
tables 0.0016005121638924455 2.207274913189721 0.0035327703476147904
was 9.603072983354673E-4 1.3862943611198906 0.001331268592624735
DB 6.402048655569782E-4 3.2188758248682006 0.0020607399647043535
Updatable 0.0012804097311139564 2.8134107167600364 0.0036023184593598416
Views 3.201024327784891E-4 3.2188758248682006 0.0010303699823521768
populated 6.402048655569782E-4 3.2188758248682006 0.0020607399647043535
VIEW 0.002880921895006402 1.4271163556401458 0.00411141075568544
indicate 3.201024327784891E-4 2.407945608651872 7.707892473277438E-4
update 6.402048655569782E-4 2.5257286443082556 0.0016169837671627756
derived 9.603072983354673E-4 2.5257286443082556 0.0024254756507441633
UPDATABLE 0.0012804097311139564 2.8134107167600364 0.0036023184593598416
SYNC 0.0016005121638924455 2.659260036932778 0.004256178036063985
supports 3.201024327784891E-4 1.5606477482646683 4.995671409297914E-4
NONUPDATABLE 3.201024327784891E-4 3.912023005428146 0.001252248081122966
support 3.201024327784891E-4 1.1394342831883648 3.6473568603980947E-4
Usage 3.201024327784891E-4 2.0402208285265546 6.530796506166948E-4
Grading 3.201024327784891E-4 3.912023005428146 0.001252248081122966
Locking 0.0019206145966709346 3.2188758248682006 0.0061822198941130614
example 3.201024327784891E-4 1.0498221244986776 3.360506160367086E-4
CachedRowSetImpl 9.603072983354673E-4 3.912023005428146 0.003756744243368898
reconfigures 3.201024327784891E-4 3.912023005428146 0.001252248081122966
calling 6.402048655569782E-4 2.8134107167600364 0.0018011592296799208
crs 9.603072983354673E-4 3.912023005428146 0.003756744243368898
new 3.201024327784891E-4 0.616186139423817 1.9724268227394907E-4
foo 3.201024327784891E-4 3.912023005428146 0.001252248081122966
bar 3.201024327784891E-4 2.407945608651872 7.707892473277438E-4
HASyncProvider 3.201024327784891E-4 3.912023005428146 0.001252248081122966
An 0.005441741357234315 0.4620354595965586 0.0025142774689953574
retrieve 9.603072983354673E-4 2.5257286443082556 0.0024254756507441633
currently 9.603072983354673E-4 2.407945608651872 0.0023123677419832314
flexibility 3.201024327784891E-4 2.995732273553991 9.589411887176666E-4
possibilities 3.201024327784891E-4 3.912023005428146 0.001252248081122966
successful 3.201024327784891E-4 2.302585092994046 7.370630899468777E-4
operation 3.201024327784891E-4 1.6094379124341003 5.151849911760884E-4
shown 3.201024327784891E-4 2.995732273553991 9.589411887176666E-4
code 6.402048655569782E-4 0.5108256237659907 3.270330497861656E-4
fragment 3.201024327784891E-4 1.7719568419318754 5.67207695880882E-4
sync 0.0016005121638924455 2.659260036932778 0.004256178036063985
getSyncProvider 3.201024327784891E-4 3.912023005428146 0.001252248081122966
switch 6.402048655569782E-4 2.8134107167600364 0.0018011592296799208
getProviderGrade 3.201024327784891E-4 3.912023005428146 0.001252248081122966
case 0.002880921895006402 1.3470736479666094 0.0038808139666131514
break 0.002880921895006402 3.912023005428146 0.011270232730106695
getDataSourcLock 3.201024327784891E-4 3.912023005428146 0.001252248081122966
datasource 0.003201024327784891 2.8134107167600364 0.009005796148399603
statement 6.402048655569782E-4 2.407945608651872 0.0015415784946554876
utility 3.201024327784891E-4 2.0402208285265546 6.530796506166948E-4
list 3.201024327784891E-4 0.653926467406664 2.0932345307511652E-4
Enumeration 3.201024327784891E-4 2.302585092994046 7.370630899468777E-4
e 3.201024327784891E-4 0.7765287894989963 2.4856875464116397E-4
getRegisteredProviders 3.201024327784891E-4 3.912023005428146 0.001252248081122966
interface 0.002240717029449424 0.653926467406664 0.0014652641715258159
decide 6.402048655569782E-4 3.506557897319982 0.002244915427221499
manually 3.201024327784891E-4 3.912023005428146 0.001252248081122966
occurs 3.201024327784891E-4 1.6607312068216509 5.316040994947666E-4
detected 3.201024327784891E-4 3.912023005428146 0.001252248081122966
throws 6.402048655569782E-4 1.6094379124341003 0.0010303699823521768
catch 6.402048655569782E-4 3.912023005428146 0.002504496162245932
exception 6.402048655569782E-4 1.4271163556401458 9.136468345967643E-4
getSyncResolver 3.201024327784891E-4 3.912023005428146 0.001252248081122966
special 3.201024327784891E-4 2.8134107167600364 9.005796148399604E-4
kind 3.201024327784891E-4 2.659260036932778 8.51235607212797E-4
JdbcRowSet 3.201024327784891E-4 2.5257286443082556 8.084918835813878E-4
examines 3.201024327784891E-4 3.912023005428146 0.001252248081122966
duplicate 3.201024327784891E-4 2.407945608651872 7.707892473277438E-4
except 3.201024327784891E-4 2.407945608651872 7.707892473277438E-4
only 3.201024327784891E-4 0.843970070294529 2.7015687269351117E-4
causing 3.201024327784891E-4 3.2188758248682006 0.0010303699823521768
column 3.201024327784891E-4 2.207274913189721 7.065540695229581E-4
null 3.201024327784891E-4 1.2039728043259361 3.8539462366387196E-4
navigate 3.201024327784891E-4 3.2188758248682006 0.0010303699823521768
value 0.0019206145966709346 0.5447271754416719 0.0010462109643566042
nextConflict 3.201024327784891E-4 3.912023005428146 0.001252248081122966
previousConflict 3.201024327784891E-4 3.912023005428146 0.001252248081122966
doing 6.402048655569782E-4 3.2188758248682006 0.0020607399647043535
finding 3.201024327784891E-4 3.2188758248682006 0.0010303699823521768
out 3.201024327784891E-4 0.9675840262617057 3.097260007239775E-4
involved 3.201024327784891E-4 3.912023005428146 0.001252248081122966
delete 3.201024327784891E-4 2.8134107167600364 9.005796148399604E-4
insert 3.201024327784891E-4 2.5257286443082556 8.084918835813878E-4
getting 3.201024327784891E-4 2.407945608651872 7.707892473277438E-4
caused 3.201024327784891E-4 2.8134107167600364 9.005796148399604E-4
needs 6.402048655569782E-4 2.120263536200091 0.0013574030321383424
delegates 3.201024327784891E-4 3.912023005428146 0.001252248081122966
How 9.603072983354673E-4 1.2039728043259361 0.001156183870991616
done 3.201024327784891E-4 2.659260036932778 8.51235607212797E-4
After 3.201024327784891E-4 1.5606477482646683 4.995671409297914E-4
completed 3.201024327784891E-4 2.659260036932778 8.51235607212797E-4
found 3.201024327784891E-4 1.5141277326297755 4.8467597075216887E-4
get 3.201024327784891E-4 0.6733445532637655 2.1553922959787627E-4
about 3.201024327784891E-4 1.4696759700589417 4.7044685341195315E-4
each 3.201024327784891E-4 1.5606477482646683 4.995671409297914E-4
logic 3.201024327784891E-4 3.912023005428146 0.001252248081122966
user 6.402048655569782E-4 1.0216512475319812 6.540660995723311E-4
decides 3.201024327784891E-4 3.2188758248682006 0.0010303699823521768
persist 3.201024327784891E-4 2.995732273553991 9.589411887176666E-4
overwrite 3.201024327784891E-4 3.912023005428146 0.001252248081122966
Logging 6.402048655569782E-4 1.8971199848858813 0.0012145454448693222
APIs 3.201024327784891E-4 2.120263536200091 6.787015160691712E-4
Resource 6.402048655569782E-4 1.6607312068216509 0.0010632081989895331
DataSource 0.003201024327784891 2.8134107167600364 0.009005796148399603
Connections 3.201024327784891E-4 2.407945608651872 7.707892473277438E-4
Platform 6.402048655569782E-4 1.07880966137193 6.906591942201857E-4
Standard 0.0019206145966709346 1.1394342831883648 0.0021884141162388567
Ed 3.201024327784891E-4 1.2729656758128876 4.074794096712188E-4
Prev 3.201024327784891E-4 1.2729656758128876 4.074794096712188E-4
Next 6.402048655569782E-4 1.171182981502945 7.497970432157138E-4
Frames 6.402048655569782E-4 1.3470736479666094 8.624031036918114E-4
Submit 3.201024327784891E-4 1.07880966137193 3.4532959711009283E-4
bug 3.201024327784891E-4 1.1086626245216111 3.5488560323995234E-4
feature 3.201024327784891E-4 1.1394342831883648 3.6473568603980947E-4
developer 6.402048655569782E-4 1.07880966137193 6.906591942201857E-4
documentation 0.002240717029449424 0.9416085398584451 0.0021098782903358243
SE 3.201024327784891E-4 1.1086626245216111 3.5488560323995234E-4
That 0.015044814340588988 0.22314355131420976 0.003357153300821978
targeted 3.201024327784891E-4 1.171182981502945 3.748985216078569E-4
descriptions 3.201024327784891E-4 1.0498221244986776 3.360506160367086E-4
conceptual 3.201024327784891E-4 1.171182981502945 3.748985216078569E-4
overviews 3.201024327784891E-4 1.171182981502945 3.748985216078569E-4
terms 6.402048655569782E-4 1.0216512475319812 6.540660995723311E-4
workarounds 3.201024327784891E-4 1.171182981502945 3.748985216078569E-4
working 3.201024327784891E-4 0.9942522733438669 3.1826257149291515E-4
examples 3.201024327784891E-4 0.7985076962177716 2.5560425615165543E-4
affiliates 3.201024327784891E-4 1.171182981502945 3.748985216078569E-4
subject 3.201024327784891E-4 1.1394342831883648 3.6473568603980947E-4
license 3.201024327784891E-4 1.1086626245216111 3.5488560323995234E-4
Also 0.002240717029449424 0.5108256237659907 0.0011446156742515798
redistribution 3.201024327784891E-4 1.171182981502945 3.748985216078569E-4
policy 3.201024327784891E-4 1.0216512475319812 3.2703304978616554E-4
Scripting 3.201024327784891E-4 1.0216512475319812 3.2703304978616554E-4
tracks 3.201024327784891E-4 1.07880966137193 3.4532959711009283E-4
traffic 3.201024327784891E-4 1.1086626245216111 3.5488560323995234E-4
but 3.201024327784891E-4 0.8209805520698303 2.6279787198137973E-4
change 3.201024327784891E-4 0.9162907318741551 2.933068924052993E-4
content 3.201024327784891E-4 0.44628710262841953 1.4285758726902034E-4
