Uses 0.007905138339920948 0.9942522733438669 0.007859701765564164
of 0.02766798418972332 0.1165338162559516 0.0032242557857377913
Package 0.023715415019762844 0.06187540371808745 0.001467400878689821
org 0.03557312252964427 0.05129329438755048 0.001824662646197448
jsoup 0.05928853754940711 0.0 0.0
safety 0.02766798418972332 0.9162907318741551 0.025351917482684134
Java 0.011857707509881422 0.010050335853501506 1.1917394292689532E-4
HTML 0.015810276679841896 0.0 0.0
Parser 0.003952569169960474 0.0 0.0
API 0.007905138339920948 0.0 0.0
Skip 0.007905138339920948 0.06187540371808745 4.891336262299403E-4
navigation 0.007905138339920948 0.06187540371808745 4.891336262299403E-4
links 0.007905138339920948 0.0408219945202552 3.227035139941122E-4
Overview 0.011857707509881422 0.06187540371808745 7.337004393449105E-4
Class 0.03162055335968379 0.06187540371808745 0.001956534504919761
Use 0.019762845849802372 0.010050335853501506 1.986232382114922E-4
Tree 0.011857707509881422 0.0408219945202552 4.8405527099116836E-4
Deprecated 0.02766798418972332 0.06187540371808745 0.0017119676918047912
Index 0.011857707509881422 0.06187540371808745 7.337004393449105E-4
Help 0.011857707509881422 0.05129329438755048 6.082208820658159E-4
Packages 0.003952569169960474 0.9162907318741551 0.0036217024975263045
that 0.007905138339920948 0.22314355131420976 0.0017639806428000771
use 0.019762845849802372 0.010050335853501506 1.986232382114922E-4
Description 0.011857707509881422 0.24846135929849972 0.0029461821260691663
Contains 0.011857707509881422 0.5798184952529422 0.006875318125528958
the 0.02766798418972332 0.10536051565782635 0.002915113081441836
main 0.003952569169960474 1.2378743560016172 0.004892784015816668
Jsoup 0.05928853754940711 0.0 0.0
class 0.03162055335968379 0.06187540371808745 0.001956534504919761
which 0.003952569169960474 0.7550225842780328 0.002984278989241236
provides 0.003952569169960474 0.843970070294529 0.003335850080215529
convenient 0.003952569169960474 1.6094379124341003 0.00636141467365257
static 0.003952569169960474 0.5621189181535412 0.002221813905745222
access 0.003952569169960474 0.8675005677047231 0.0034288559988328972
to 0.015810276679841896 0.17435338714477774 0.0027565752908265254
functionality 0.003952569169960474 1.0498221244986776 0.00414949456323588
cleaner 0.011857707509881422 0.9162907318741551 0.010865107492578914
and 0.023715415019762844 0.09431067947124142 0.002236616904456318
safelist 0.019762845849802372 0.9162907318741551 0.018108512487631526
definitions 0.007905138339920948 0.7765287894989963 0.006138567505920919
Classes 0.011857707509881422 0.7133498878774648 0.008458694322657685
in 0.019762845849802372 0.1508228897345837 0.002980689520446318
used 0.007905138339920948 0.6348782724359695 0.005018800572616359
by 0.007905138339920948 0.27443684570176036 0.002169461230843955
Safelist 0.019762845849802372 0.9162907318741551 0.018108512487631526
Safe 0.007905138339920948 1.3093333199837622 0.010350461027539622
lists 0.007905138339920948 1.7147984280919266 0.013555718799145664
define 0.007905138339920948 1.8325814637483102 0.014486809990105218
what 0.007905138339920948 1.5141277326297755 0.011969389190749212
elements 0.007905138339920948 0.8675005677047231 0.0068577119976657944
attributes 0.007905138339920948 0.3566749439387324 0.0028195647742192283
allow 0.007905138339920948 1.2729656758128876 0.010062969769271837
through 0.007905138339920948 1.2378743560016172 0.009785568031633336
Whitelist 0.007905138339920948 1.1086626245216111 0.008764131419143171
As 0.007905138339920948 0.32850406697203605 0.002596870094640601
release 0.007905138339920948 1.6607312068216509 0.013128309935349018
v 0.007905138339920948 1.3470736479666094 0.010648803541238018
this 0.011857707509881422 0.3424903089467759 0.004061149908459793
is 0.011857707509881422 0.22314355131420976 0.0026459709642001157
deprecated 0.02766798418972332 0.06187540371808745 0.0017119676918047912
favour 0.007905138339920948 2.302585092994046 0.018202253699557674
Copyright 0.007905138339920948 0.06187540371808745 4.891336262299403E-4
Jonathan 0.003952569169960474 0.0 0.0
Hedley 0.003952569169960474 0.0 0.0
All 0.011857707509881422 0.05129329438755048 6.082208820658159E-4
rights 0.007905138339920948 0.06187540371808745 4.891336262299403E-4
reserved 0.007905138339920948 0.06187540371808745 4.891336262299403E-4
Platform 0.003952569169960474 1.07880966137193 0.00426406980779419
Standard 0.003952569169960474 1.1394342831883648 0.004503692818926343
Ed 0.003952569169960474 1.2729656758128876 0.0050314848846359185
Prev 0.003952569169960474 1.2729656758128876 0.0050314848846359185
Next 0.003952569169960474 1.171182981502945 0.004629181745070929
Frames 0.007905138339920948 1.3470736479666094 0.010648803541238018
No 0.003952569169960474 0.5798184952529422 0.0022917727085096525
Submit 0.003952569169960474 1.07880966137193 0.00426406980779419
a 0.003952569169960474 0.16251892949777494 6.423673102678851E-4
bug 0.003952569169960474 1.1086626245216111 0.004382065709571586
or 0.007905138339920948 0.2613647641344075 0.0020661246176633
feature 0.003952569169960474 1.1394342831883648 0.004503692818926343
For 0.003952569169960474 0.083381608939051 3.2957157683419366E-4
further 0.003952569169960474 0.9416085398584451 0.003721772884815988
reference 0.003952569169960474 0.843970070294529 0.003335850080215529
developer 0.007905138339920948 1.07880966137193 0.00852813961558838
documentation 0.015810276679841896 0.9416085398584451 0.014887091539263953
see 0.007905138339920948 0.3566749439387324 0.0028195647742192283
SE 0.003952569169960474 1.1086626245216111 0.004382065709571586
Documentation 0.015810276679841896 0.9416085398584451 0.014887091539263953
That 0.007905138339920948 0.22314355131420976 0.0017639806428000771
contains 0.011857707509881422 0.5798184952529422 0.006875318125528958
more 0.003952569169960474 0.7339691750802005 0.0029010639331233223
detailed 0.003952569169960474 1.0498221244986776 0.00414949456323588
targeted 0.003952569169960474 1.171182981502945 0.004629181745070929
descriptions 0.003952569169960474 1.0498221244986776 0.00414949456323588
with 0.003952569169960474 0.23572233352106994 9.317088281465215E-4
conceptual 0.003952569169960474 1.171182981502945 0.004629181745070929
overviews 0.003952569169960474 1.171182981502945 0.004629181745070929
terms 0.007905138339920948 1.0216512475319812 0.008076294446893131
workarounds 0.003952569169960474 1.171182981502945 0.004629181745070929
working 0.003952569169960474 0.9942522733438669 0.003929850882782082
code 0.003952569169960474 0.5108256237659907 0.0020190736117232833
examples 0.003952569169960474 0.7985076962177716 0.003156156902046528
Oracle 0.003952569169960474 0.8915981192837835 0.0035241032382758238
its 0.003952569169960474 0.8675005677047231 0.0034288559988328972
affiliates 0.003952569169960474 1.171182981502945 0.004629181745070929
subject 0.003952569169960474 1.1394342831883648 0.004503692818926343
license 0.003952569169960474 1.1086626245216111 0.004382065709571586
Also 0.003952569169960474 0.5108256237659907 0.0020190736117232833
redistribution 0.003952569169960474 1.171182981502945 0.004629181745070929
policy 0.003952569169960474 1.0216512475319812 0.004038147223446566
Scripting 0.003952569169960474 1.0216512475319812 0.004038147223446566
on 0.003952569169960474 0.5447271754416719 0.0021530718396904026
page 0.007905138339920948 0.843970070294529 0.006671700160431058
tracks 0.003952569169960474 1.07880966137193 0.00426406980779419
web 0.003952569169960474 0.8209805520698303 0.003244982419248341
traffic 0.003952569169960474 1.1086626245216111 0.004382065709571586
but 0.003952569169960474 0.8209805520698303 0.003244982419248341
does 0.003952569169960474 0.7339691750802005 0.0029010639331233223
not 0.003952569169960474 0.3424903089467759 0.0013537166361532644
change 0.003952569169960474 0.9162907318741551 0.0036217024975263045
content 0.003952569169960474 0.44628710262841953 0.0017639806428000771
any 0.003952569169960474 0.5978370007556204 0.002362992097848302
way 0.003952569169960474 1.1086626245216111 0.004382065709571586
