org 0.018656716417910446 0.05129329438755048 9.569644475289268E-4
jsoup 0.029850746268656716 0.0 0.0
safety 0.018656716417910446 0.9162907318741551 0.01709497634093573
Class 0.026119402985074626 0.06187540371808745 0.001616148604576911
Hierarchy 0.011194029850746268 1.5606477482646683 0.017469937480574644
Java 0.014925373134328358 0.010050335853501506 1.5000501273882845E-4
HTML 0.0037313432835820895 0.0 0.0
Parser 0.0037313432835820895 0.0 0.0
API 0.007462686567164179 0.0 0.0
Skip 0.007462686567164179 0.06187540371808745 4.617567441648317E-4
navigation 0.007462686567164179 0.06187540371808745 4.617567441648317E-4
links 0.007462686567164179 0.0408219945202552 3.0464175015115823E-4
Overview 0.011194029850746268 0.06187540371808745 6.926351162472475E-4
Package 0.018656716417910446 0.06187540371808745 0.0011543918604120793
Use 0.018656716417910446 0.010050335853501506 1.8750626592353554E-4
Tree 0.014925373134328358 0.0408219945202552 6.092835003023165E-4
Deprecated 0.011194029850746268 0.06187540371808745 6.926351162472475E-4
Index 0.011194029850746268 0.06187540371808745 6.926351162472475E-4
Help 0.011194029850746268 0.05129329438755048 5.741786685173561E-4
For 0.014925373134328358 0.083381608939051 0.001244501625955985
Hierarchies 0.0037313432835820895 2.120263536200091 0.00791143110522422
All 0.014925373134328358 0.05129329438755048 7.655715580231415E-4
Packages 0.0037313432835820895 0.9162907318741551 0.003418995268187146
java 0.014925373134328358 0.010050335853501506 1.5000501273882845E-4
lang 0.0037313432835820895 0.653926467406664 0.002440024132114418
Object 0.0037313432835820895 0.43078291609245434 0.0016073989406434864
Cleaner 0.0037313432835820895 0.9162907318741551 0.003418995268187146
Safelist 0.0037313432835820895 0.9162907318741551 0.003418995268187146
Whitelist 0.0037313432835820895 1.1086626245216111 0.004136800837767206
Copyright 0.007462686567164179 0.06187540371808745 4.617567441648317E-4
Jonathan 0.0037313432835820895 0.0 0.0
Hedley 0.0037313432835820895 0.0 0.0
rights 0.007462686567164179 0.06187540371808745 4.617567441648317E-4
reserved 0.007462686567164179 0.06187540371808745 4.617567441648317E-4
and 0.018656716417910446 0.09431067947124142 0.0017595276020753994
Description 0.007462686567164179 0.24846135929849972 0.0018541892484962665
SyncProvider 0.018656716417910446 2.5257286443082556 0.04712180306545253
The 0.026119402985074626 0.10536051565782635 0.0027519537671820316
synchronization 0.011194029850746268 2.302585092994046 0.02577520626485872
mechanism 0.022388059701492536 2.0402208285265546 0.04567658571328107
that 0.018656716417910446 0.22314355131420976 0.004163125957354659
provides 0.007462686567164179 0.843970070294529 0.006298284106675589
reader 0.007462686567164179 1.9661128563728327 0.014672484002782333
writer 0.007462686567164179 1.9661128563728327 0.014672484002782333
capabilities 0.007462686567164179 2.120263536200091 0.01582286221044844
for 0.014925373134328358 0.083381608939051 0.001244501625955985
disconnected 0.011194029850746268 2.302585092994046 0.02577520626485872
RowSet 0.018656716417910446 1.6607312068216509 0.03098379117204572
objects 0.011194029850746268 1.3862943611198906 0.015518220460297282
SyncProviderException 0.007462686567164179 2.8134107167600364 0.02099560236388087
Indicates 0.011194029850746268 2.302585092994046 0.02577520626485872
an 0.011194029850746268 0.4620354595965586 0.005172038726827148
error 0.011194029850746268 1.4696759700589417 0.01645159667976427
with 0.014925373134328358 0.23572233352106994 0.003518243783896566
the 0.026119402985074626 0.10536051565782635 0.0027519537671820316
Classes 0.007462686567164179 0.7133498878774648 0.00532350662595123
in 0.007462686567164179 0.1508228897345837 0.0011255439532431618
javax 0.007462686567164179 1.3093333199837622 0.0097711441789833
sql 0.007462686567164179 1.6607312068216509 0.01239351646881829
rowset 0.018656716417910446 1.6607312068216509 0.03098379117204572
spi 0.011194029850746268 1.7147984280919266 0.019195504792073805
used 0.007462686567164179 0.6348782724359695 0.00473789755549231
by 0.007462686567164179 0.27443684570176036 0.0020480361619534355
SyncFactory 0.007462686567164179 2.5257286443082556 0.01884872122618101
Service 0.0037313432835820895 1.6607312068216509 0.006196758234409145
Provider 0.0037313432835820895 1.8971199848858813 0.007078805913753288
Interface 0.0037313432835820895 0.653926467406664 0.002440024132114418
SPI 0.011194029850746268 1.7147984280919266 0.019195504792073805
generates 0.0037313432835820895 2.8134107167600364 0.010497801181940434
instances 0.0037313432835820895 2.0402208285265546 0.007612764285546846
to 0.014925373134328358 0.17435338714477774 0.002602289360369817
be 0.007462686567164179 0.47803580094299974 0.0035674313503208936
SyncFactoryException 0.0037313432835820895 2.8134107167600364 0.010497801181940434
SyncResolver 0.0037313432835820895 2.659260036932778 0.00992261207810738
Defines 0.0037313432835820895 1.8971199848858813 0.007078805913753288
a 0.014925373134328358 0.16251892949777494 0.0024256556641458946
framework 0.0037313432835820895 2.120263536200091 0.00791143110522422
allows 0.0037313432835820895 1.9661128563728327 0.0073362420013911665
applications 0.0037313432835820895 1.6607312068216509 0.006196758234409145
use 0.018656716417910446 0.010050335853501506 1.8750626592353554E-4
manual 0.0037313432835820895 2.995732273553991 0.011178105498335787
decision 0.0037313432835820895 2.995732273553991 0.011178105498335787
tree 0.014925373134328358 0.0408219945202552 6.092835003023165E-4
decide 0.0037313432835820895 3.506557897319982 0.013084171258656649
what 0.0037313432835820895 1.5141277326297755 0.005649730345633491
should 0.0037313432835820895 1.0498221244986776 0.003917246733204021
done 0.0037313432835820895 2.659260036932778 0.00992261207810738
when 0.0037313432835820895 0.843970070294529 0.0031491420533377944
conflict 0.0037313432835820895 2.659260036932778 0.00992261207810738
occurs 0.0037313432835820895 1.6607312068216509 0.006196758234409145
Platform 0.0037313432835820895 1.07880966137193 0.00402540918422362
Standard 0.0037313432835820895 1.1394342831883648 0.0042516204596580775
Ed 0.0037313432835820895 1.2729656758128876 0.004749871924674953
Prev 0.0037313432835820895 1.2729656758128876 0.004749871924674953
Next 0.0037313432835820895 1.171182981502945 0.004370085751876661
Frames 0.007462686567164179 1.3470736479666094 0.010052788417661265
No 0.0037313432835820895 0.5798184952529422 0.002163501847958739
Submit 0.0037313432835820895 1.07880966137193 0.00402540918422362
bug 0.0037313432835820895 1.1086626245216111 0.004136800837767206
or 0.007462686567164179 0.2613647641344075 0.001950483314435877
feature 0.0037313432835820895 1.1394342831883648 0.0042516204596580775
further 0.0037313432835820895 0.9416085398584451 0.0035134647009643473
reference 0.0037313432835820895 0.843970070294529 0.0031491420533377944
developer 0.007462686567164179 1.07880966137193 0.00805081836844724
documentation 0.014925373134328358 0.9416085398584451 0.01405385880385739
see 0.007462686567164179 0.3566749439387324 0.002661753312975615
SE 0.0037313432835820895 1.1086626245216111 0.004136800837767206
Documentation 0.014925373134328358 0.9416085398584451 0.01405385880385739
That 0.018656716417910446 0.22314355131420976 0.004163125957354659
contains 0.0037313432835820895 0.5798184952529422 0.002163501847958739
more 0.0037313432835820895 0.7339691750802005 0.002738690951791793
detailed 0.0037313432835820895 1.0498221244986776 0.003917246733204021
targeted 0.0037313432835820895 1.171182981502945 0.004370085751876661
descriptions 0.0037313432835820895 1.0498221244986776 0.003917246733204021
conceptual 0.0037313432835820895 1.171182981502945 0.004370085751876661
overviews 0.0037313432835820895 1.171182981502945 0.004370085751876661
definitions 0.0037313432835820895 0.7765287894989963 0.00289749548320521
of 0.0037313432835820895 0.1165338162559516 4.3482767259683434E-4
terms 0.007462686567164179 1.0216512475319812 0.007624263041283442
workarounds 0.0037313432835820895 1.171182981502945 0.004370085751876661
working 0.0037313432835820895 0.9942522733438669 0.0037098965423278613
code 0.0037313432835820895 0.5108256237659907 0.001906065760320861
examples 0.0037313432835820895 0.7985076962177716 0.0029795063291707894
Oracle 0.0037313432835820895 0.8915981192837835 0.003326858654043968
its 0.0037313432835820895 0.8675005677047231 0.003236942416808668
affiliates 0.0037313432835820895 1.171182981502945 0.004370085751876661
is 0.0037313432835820895 0.22314355131420976 8.326251914709319E-4
subject 0.0037313432835820895 1.1394342831883648 0.0042516204596580775
license 0.0037313432835820895 1.1086626245216111 0.004136800837767206
Also 0.0037313432835820895 0.5108256237659907 0.001906065760320861
redistribution 0.0037313432835820895 1.171182981502945 0.004370085751876661
policy 0.0037313432835820895 1.0216512475319812 0.003812131520641721
Scripting 0.0037313432835820895 1.0216512475319812 0.003812131520641721
on 0.0037313432835820895 0.5447271754416719 0.002032564087468925
this 0.0037313432835820895 0.3424903089467759 0.001277948913980507
page 0.007462686567164179 0.843970070294529 0.006298284106675589
tracks 0.0037313432835820895 1.07880966137193 0.00402540918422362
web 0.0037313432835820895 0.8209805520698303 0.003063360268917277
traffic 0.0037313432835820895 1.1086626245216111 0.004136800837767206
but 0.0037313432835820895 0.8209805520698303 0.003063360268917277
does 0.0037313432835820895 0.7339691750802005 0.002738690951791793
not 0.0037313432835820895 0.3424903089467759 0.001277948913980507
change 0.0037313432835820895 0.9162907318741551 0.003418995268187146
content 0.0037313432835820895 0.44628710262841953 0.0016652503829418638
any 0.0037313432835820895 0.5978370007556204 0.0022307350774463447
way 0.0037313432835820895 1.1086626245216111 0.004136800837767206
