Uses 0.0010922992900054614 0.9942522733438669 0.0010860210522598219
of 0.02239213544511196 0.1165338162559516 0.0026094409975390585
Class 0.010922992900054615 0.06187540371808745 6.758645955006822E-4
org 0.0016384489350081922 0.05129329438755048 8.404144356234377E-5
jsoup 0.0032768978700163844 0.0 0.0
safety 0.0016384489350081922 0.9162907318741551 0.0015012955737970864
Cleaner 0.0016384489350081922 0.9162907318741551 0.0015012955737970864
Java 0.002730748225013654 0.010050335853501506 2.7444936792740325E-5
HTML 0.0010922992900054614 0.0 0.0
Parser 5.461496450027307E-4 0.0 0.0
API 0.0016384489350081922 0.0 0.0
Skip 0.0010922992900054614 0.06187540371808745 6.75864595500682E-5
navigation 0.0010922992900054614 0.06187540371808745 6.75864595500682E-5
links 0.0010922992900054614 0.0408219945202552 4.458983563108159E-5
Overview 0.0016384489350081922 0.06187540371808745 1.0137968932510232E-4
Package 0.008192244675040962 0.06187540371808745 5.068984466255116E-4
Use 0.005461496450027308 0.010050335853501506 5.488987358548065E-5
Tree 0.0016384489350081922 0.0408219945202552 6.688475344662239E-5
Deprecated 0.0016384489350081922 0.06187540371808745 1.0137968932510232E-4
Index 0.0016384489350081922 0.06187540371808745 1.0137968932510232E-4
Help 0.0016384489350081922 0.05129329438755048 8.404144356234377E-5
No 0.0032768978700163844 0.5798184952529422 0.0019000059920904712
usage 0.0010922992900054614 2.0402208285265546 0.0022285317624539096
Copyright 0.0010922992900054614 0.06187540371808745 6.75864595500682E-5
Jonathan 5.461496450027307E-4 0.0 0.0
Hedley 5.461496450027307E-4 0.0 0.0
All 0.009284543965046422 0.05129329438755048 4.762348468532813E-4
rights 0.0010922992900054614 0.06187540371808745 6.75864595500682E-5
reserved 0.0010922992900054614 0.06187540371808745 6.75864595500682E-5
RowSet 0.03222282905516111 1.6607312068216509 0.053513457783985474
html 0.0010922992900054614 0.0 0.0
title 5.461496450027307E-4 1.8971199848858813 0.00103611140627301
interface 0.013653741125068269 0.653926467406664 0.008928542700800984
in 0.018022938285090113 0.1508228897345837 0.002718271633665353
javax 0.0032768978700163844 1.3093333199837622 0.0042905515673962715
sql 0.006007646095030038 1.6607312068216509 0.009977085349556613
rowset 0.03222282905516111 1.6607312068216509 0.053513457783985474
CachedRowSet 0.006007646095030038 2.120263536200091 0.012737792953687056
The 0.05570726379027854 0.10536051565782635 0.0058693460388303045
that 0.018569087930092845 0.22314355131420976 0.004143572225386746
all 0.009284543965046422 0.05129329438755048 4.762348468532813E-4
standard 0.013653741125068269 1.1394342831883648 0.015557540731681661
implementations 0.015292190060076462 1.8971199848858813 0.02901111937564428
must 0.0070999453850355 1.1086626245216111 0.007871444084533559
implement 0.0032768978700163844 1.7147984280919266 0.005619219316521878
FilteredRowSet 0.0038230475150191155 2.5257286443082556 0.009655980617235277
JdbcRowSet 0.005461496450027308 2.5257286443082556 0.013794258024621822
Joinable 0.002184598580010923 2.5257286443082556 0.005517703209848728
Background 5.461496450027307E-4 2.407945608651872 0.0013150986393511042
JoinRowSet 0.004915346805024577 2.302585092994046 0.011318004280145502
provides 0.008738394320043691 0.843970070294529 0.007374943268548587
a 0.04423812124522119 0.16251892949777494 0.007189532107766122
mechanism 0.0016384489350081922 2.0402208285265546 0.003342797643680865
for 0.011469142545057346 0.083381608939051 9.563155585582037E-4
combining 5.461496450027307E-4 2.659260036932778 0.0014523539251407851
related 0.0032768978700163844 1.8971199848858813 0.00621666843763806
data 0.006553795740032769 0.5978370007556204 0.003918101588786152
from 0.002730748225013654 0.38566248081198473 0.0010531471349316897
different 0.0016384489350081922 2.120263536200091 0.0034739435328237428
objects 0.0070999453850355 1.3862943611198906 0.009842614251533904
into 5.461496450027307E-4 0.8915981192837835 4.869459963319407E-4
one 0.0016384489350081922 1.07880966137193 0.0017675745407513873
object 0.02075368651010377 0.43078291609245434 0.008940333594491133
which 0.002184598580010923 0.7550225842780328 0.0016494212654899678
represents 5.461496450027307E-4 1.8971199848858813 0.00103611140627301
an 0.008192244675040962 0.4620354595965586 0.0037851075335600106
SQL 0.006007646095030038 1.6607312068216509 0.009977085349556613
JOIN 0.002184598580010923 2.5257286443082556 0.005517703209848728
Predicate 0.0010922992900054614 2.8134107167600364 0.003073086528410744
the 0.05570726379027854 0.10536051565782635 0.0058693460388303045
framework 5.461496450027307E-4 2.120263536200091 0.0011579811776079143
to 0.030038230475150193 0.17435338714477774 0.005237267227177923
describe 5.461496450027307E-4 2.407945608651872 0.0013150986393511042
their 0.002184598580010923 1.2729656758128876 0.002780919007783479
filters 0.0016384489350081922 2.995732273553991 0.004908354353174207
RowSetFactory 0.002184598580010923 2.8134107167600364 0.006146173056821488
An 0.008192244675040962 0.4620354595965586 0.0037851075335600106
defines 5.461496450027307E-4 1.8971199848858813 0.00103611140627301
implementation 0.006553795740032769 1.3470736479666094 0.008828445535553966
factory 0.0010922992900054614 2.207274913189721 0.002411004820523999
is 0.010922992900054615 0.22314355131420976 0.002437395426698086
used 0.002184598580010923 0.6348782724359695 0.0013869541724434067
obtain 0.002730748225013654 2.120263536200091 0.005789905888039571
types 0.0016384489350081922 1.6094379124341003 0.0026369818335894597
WebRowSet 0.0032768978700163844 2.5257286443082556 0.008276554814773093
Summary 0.0010922992900054614 0.6931471805599453 7.571241731949156E-4
Description 0.0016384489350081922 0.24846135929849972 4.0709124953331463E-4
BaseRowSet 0.004369197160021846 2.407945608651872 0.010520789114808833
abstract 0.002730748225013654 1.2729656758128876 0.003476148759729349
class 0.010922992900054615 0.06187540371808745 6.758645955006822E-4
providing 0.0016384489350081922 2.207274913189721 0.0036165072307859985
with 0.005461496450027308 0.23572233352106994 0.0012873966877174766
its 0.0038230475150191155 0.8675005677047231 0.0033164958896412136
basic 5.461496450027307E-4 1.4696759700589417 8.026630093167349E-4
functionality 0.0016384489350081922 1.0498221244986776 0.0017200799418328962
RowSetMetaDataImpl 0.0016384489350081922 2.995732273553991 0.004908354353174207
Provides 0.008738394320043691 0.843970070294529 0.007374943268548587
methods 0.0016384489350081922 0.24846135929849972 4.0709124953331463E-4
set 0.005461496450027308 0.4620354595965586 0.0025234050223733404
and 0.017476788640087382 0.09431067947124142 0.0016482478116219142
get 0.0010922992900054614 0.6733445532637655 7.354937774590556E-4
metadata 0.0010922992900054614 2.5257286443082556 0.002758851604924364
information 0.0010922992900054614 1.3470736479666094 0.0014714075892589943
about 0.0010922992900054614 1.4696759700589417 0.0016053260186334698
s 0.0032768978700163844 0.5447271754416719 0.001785015320944856
columns 5.461496450027307E-4 3.2188758248682006 0.0017579878890596396
RowSetProvider 5.461496450027307E-4 2.995732273553991 0.0016361181177247355
A 0.04423812124522119 0.16251892949777494 0.007189532107766122
enables 5.461496450027307E-4 2.207274913189721 0.0012055024102619995
applications 0.0010922992900054614 1.6607312068216509 0.0018140155181012023
can 0.008192244675040962 0.7339691750802005 0.00601285506619498
be 0.009830693610049153 0.47803580094299974 0.004699423493705076
create 0.0010922992900054614 0.8915981192837835 9.738919926638814E-4
Exception 0.0010922992900054614 1.4271163556401458 0.0015588381820209128
RowSetWarning 0.002730748225013654 2.8134107167600364 0.007682716321026861
extension 0.002184598580010923 2.120263536200091 0.004631924710431657
SQLException 5.461496450027307E-4 2.407945608651872 0.0013150986393511042
database 0.0010922992900054614 1.8971199848858813 0.00207222281254602
warnings 0.002730748225013654 3.506557897319982 0.00957552675401415
on 0.007646095030038231 0.5447271754416719 0.004165035748871331
Standard 0.013653741125068269 1.1394342831883648 0.015557540731681661
interfaces 0.002730748225013654 1.0216512475319812 0.0027898723307809427
base 0.0010922992900054614 0.9162907318741551 0.0010008637158647243
classes 0.0016384489350081922 0.7133498878774648 0.0011687873640810456
JDBC 0.010922992900054615 2.407945608651872 0.026301972787022086
This 0.007646095030038231 0.3424903089467759 0.0026187134490742014
package 0.008192244675040962 0.06187540371808745 5.068984466255116E-4
contains 0.0016384489350081922 0.5798184952529422 9.500029960452356E-4
either 0.0010922992900054614 1.8971199848858813 0.00207222281254602
implements 5.461496450027307E-4 0.6931471805599453 3.785620865974578E-4
or 0.005461496450027308 0.2613647641344075 0.0014274427314822913
extends 5.461496450027307E-4 0.653926467406664 3.571417080320393E-4
Table 0.0010922992900054614 1.5606477482646683 0.0017046944273781193
Contents 0.0010922992900054614 1.1394342831883648 0.0012446032585345327
Specification 0.006553795740032769 1.6607312068216509 0.010884093108607214
Definitions 0.0038230475150191155 0.7765287894989963 0.0029687064590349396
Implementater 5.461496450027307E-4 3.912023005428146 0.0021365499756570974
Guide 0.0016384489350081922 2.407945608651872 0.003945295918053313
Related 0.0032768978700163844 1.8971199848858813 0.00621666843763806
Specifications 0.0010922992900054614 1.8325814637483102 0.0020017274317294487
Documentation 0.004369197160021846 0.9416085398584451 0.004114073358201835
specifies 5.461496450027307E-4 2.5257286443082556 0.001379425802462182
five 0.0010922992900054614 3.2188758248682006 0.0035159757781192793
extend 0.0016384489350081922 2.659260036932778 0.004357061775422356
described 0.0010922992900054614 2.8134107167600364 0.003073086528410744
specification 0.006553795740032769 1.6607312068216509 0.010884093108607214
It 0.004915346805024577 0.47803580094299974 0.002349711746852538
anticipated 5.461496450027307E-4 3.912023005428146 0.0021365499756570974
additional 5.461496450027307E-4 2.207274913189721 0.0012055024102619995
definitions 0.0038230475150191155 0.7765287894989963 0.0029687064590349396
more 0.005461496450027308 0.7339691750802005 0.0040085700441299865
specialized 5.461496450027307E-4 2.120263536200091 0.0011579811776079143
will 5.461496450027307E-4 0.5447271754416719 2.9750255349080934E-4
emerge 5.461496450027307E-4 3.912023005428146 0.0021365499756570974
as 0.006007646095030038 0.32850406697203605 0.0019735361751460384
this 0.007646095030038231 0.3424903089467759 0.0026187134490742014
technology 0.0010922992900054614 1.7147984280919266 0.0018730731055072926
matures 5.461496450027307E-4 3.912023005428146 0.0021365499756570974
Future 5.461496450027307E-4 1.8325814637483102 0.0010008637158647243
should 0.004369197160021846 1.0498221244986776 0.004586879844887723
specified 0.0016384489350081922 0.9675840262617057 0.0015853370173594303
subinterfaces 5.461496450027307E-4 3.2188758248682006 0.0017579878890596396
using 0.0010922992900054614 0.8209805520698303 8.967564741341674E-4
inheritance 5.461496450027307E-4 3.2188758248682006 0.0017579878890596396
similar 0.0010922992900054614 3.2188758248682006 0.0035159757781192793
way 0.0016384489350081922 1.1086626245216111 0.001816487096430821
it 0.004915346805024577 0.47803580094299974 0.002349711746852538
Note 5.461496450027307E-4 1.3093333199837622 7.150919278993786E-4
provided 0.0038230475150191155 1.5141277326297755 0.005788582265651791
form 0.0010922992900054614 0.9675840262617057 0.0010568913449062868
basis 0.0016384489350081922 2.407945608651872 0.003945295918053313
compliant 0.0032768978700163844 3.2188758248682006 0.010547927334357839
Vendors 5.461496450027307E-4 3.2188758248682006 0.0017579878890596396
advanced 5.461496450027307E-4 2.302585092994046 0.0012575560311272778
developers 5.461496450027307E-4 1.8971199848858813 0.00103611140627301
who 5.461496450027307E-4 2.302585092994046 0.0012575560311272778
intend 5.461496450027307E-4 3.912023005428146 0.0021365499756570974
provide 0.002184598580010923 1.3862943611198906 0.0030284966927796625
own 5.461496450027307E-4 2.0402208285265546 0.0011142658812269548
pay 5.461496450027307E-4 3.506557897319982 0.0019151053508028298
particular 0.0010922992900054614 2.0402208285265546 0.0022285317624539096
attention 5.461496450027307E-4 3.912023005428146 0.0021365499756570974
assertions 0.0010922992900054614 3.912023005428146 0.004273099951314195
detailed 0.0010922992900054614 1.0498221244986776 0.0011467199612219306
wrapper 5.461496450027307E-4 2.5257286443082556 0.001379425802462182
around 5.461496450027307E-4 2.0402208285265546 0.0011142658812269548
ResultSet 0.0010922992900054614 2.302585092994046 0.0025151120622545556
makes 0.0010922992900054614 1.8971199848858813 0.00207222281254602
possible 5.461496450027307E-4 1.7719568419318754 9.677536001812536E-4
use 0.005461496450027308 0.010050335853501506 5.488987358548065E-5
result 0.0010922992900054614 1.7719568419318754 0.0019355072003625071
JavaBeansTM 0.0010922992900054614 3.2188758248682006 0.0035159757781192793
component 0.002184598580010923 1.4696759700589417 0.0032106520372669396
Thus 0.0010922992900054614 2.407945608651872 0.0026301972787022084
Bean 5.461496450027307E-4 2.8134107167600364 0.001536543264205372
any 0.0038230475150191155 0.5978370007556204 0.0022855592601252555
tool 5.461496450027307E-4 2.407945608651872 0.0013150986393511042
available 0.002184598580010923 1.6607312068216509 0.0036280310362024047
assembling 5.461496450027307E-4 3.912023005428146 0.0021365499756570974
application 5.461496450027307E-4 1.3093333199837622 7.150919278993786E-4
part 5.461496450027307E-4 1.7147984280919266 9.365365527536463E-4
based 0.0010922992900054614 1.2729656758128876 0.0013904595038917395
architecture 0.0010922992900054614 1.8325814637483102 0.0020017274317294487
connected 0.0038230475150191155 2.120263536200091 0.0081058682432554
continually 5.461496450027307E-4 3.912023005428146 0.0021365499756570974
maintain 5.461496450027307E-4 2.0402208285265546 0.0011142658812269548
connection 0.0038230475150191155 1.2039728043259361 0.004602845237728866
source 0.004915346805024577 1.07880966137193 0.005302723622254162
enabled 5.461496450027307E-4 1.9661128563728327 0.0010737918385433274
driver 0.002730748225013654 2.207274913189721 0.0060275120513099975
In 0.018022938285090113 0.1508228897345837 0.002718271633665353
addition 0.0010922992900054614 2.8134107167600364 0.003073086528410744
fully 0.0016384489350081922 2.5257286443082556 0.0041382774073865465
updatable 0.0016384489350081922 2.8134107167600364 0.0046096297926161165
scrollable 0.0016384489350081922 2.120263536200091 0.0034739435328237428
tabular 0.0010922992900054614 3.912023005428146 0.004273099951314195
structure 5.461496450027307E-4 1.4696759700589417 8.026630093167349E-4
defined 0.002184598580010923 1.1394342831883648 0.0024892065170690654
serializable 5.461496450027307E-4 1.4271163556401458 7.794190910104564E-4
generally 5.461496450027307E-4 1.3470736479666094 7.357037946294972E-4
disconnected 0.006007646095030038 2.302585092994046 0.013833116342400056
typically 0.0010922992900054614 1.8971199848858813 0.00207222281254602
rows 0.0010922992900054614 2.659260036932778 0.0029047078502815703
but 0.0016384489350081922 0.8209805520698303 0.001345134711201251
also 0.002184598580010923 0.5108256237659907 0.0011159489323123773
contain 5.461496450027307E-4 1.5606477482646683 8.523472136890597E-4
file 5.461496450027307E-4 0.8915981192837835 4.869459963319407E-4
format 0.002184598580010923 1.4696759700589417 0.0032106520372669396
such 0.0010922992900054614 1.5141277326297755 0.0016538806473290828
spreadsheet 5.461496450027307E-4 3.2188758248682006 0.0017579878890596396
SyncFactory 0.002184598580010923 2.5257286443082556 0.005517703209848728
manage 5.461496450027307E-4 2.207274913189721 0.0012055024102619995
pluggable 5.461496450027307E-4 2.302585092994046 0.0012575560311272778
SyncProvider 0.0032768978700163844 2.5257286443082556 0.008276554814773093
synchronization 0.0010922992900054614 2.302585092994046 0.0025151120622545556
between 0.0016384489350081922 1.7147984280919266 0.002809609658260939
originating 0.0016384489350081922 3.2188758248682006 0.005273963667178919
Typically 0.0010922992900054614 1.8971199848858813 0.00207222281254602
relies 5.461496450027307E-4 2.659260036932778 0.0014523539251407851
upon 0.0010922992900054614 3.2188758248682006 0.0035159757781192793
connectivity 5.461496450027307E-4 3.2188758248682006 0.0017579878890596396
Further 0.0010922992900054614 0.9416085398584451 0.0010285183395504587
details 0.002184598580010923 0.7550225842780328 0.0016494212654899678
are 0.0070999453850355 0.5447271754416719 0.003867533195380522
discussed 5.461496450027307E-4 3.2188758248682006 0.0017579878890596396
spi 0.0010922992900054614 1.7147984280919266 0.0018730731055072926
read 0.0016384489350081922 1.2729656758128876 0.0020856892558376093
write 0.0016384489350081922 2.120263536200091 0.0034739435328237428
well 0.0010922992900054614 1.7719568419318754 0.0019355072003625071
formed 0.0010922992900054614 3.912023005428146 0.004273099951314195
XML 0.0038230475150191155 1.2039728043259361 0.004602845237728866
calls 0.0010922992900054614 2.407945608651872 0.0026301972787022084
XmlReader 5.461496450027307E-4 2.5257286443082556 0.001379425802462182
RowSetReader 0.0010922992900054614 2.407945608651872 0.0026301972787022084
XmlWriter 5.461496450027307E-4 2.5257286443082556 0.001379425802462182
RowSetWriter 0.0010922992900054614 2.407945608651872 0.0026301972787022084
reader 5.461496450027307E-4 1.9661128563728327 0.0010737918385433274
writer 5.461496450027307E-4 1.9661128563728327 0.0010737918385433274
required 0.002184598580010923 1.3093333199837622 0.0028603677115975144
by 0.004915346805024577 0.27443684570176036 0.0013489522727011705
order 0.0010922992900054614 1.2378743560016172 0.0013521292801765342
ensure 0.004369197160021846 2.407945608651872 0.010520789114808833
generic 5.461496450027307E-4 2.207274913189721 0.0012055024102619995
Schema 0.0010922992900054614 2.207274913189721 0.002411004820523999
published 5.461496450027307E-4 3.2188758248682006 0.0017579878890596396
at 0.0010922992900054614 1.4271163556401458 0.0015588381820209128
http 5.461496450027307E-4 1.1394342831883648 6.223016292672663E-4
java 0.002730748225013654 0.010050335853501506 2.7444936792740325E-5
sun 0.0010922992900054614 2.8134107167600364 0.003073086528410744
com 0.0010922992900054614 1.8325814637483102 0.0020017274317294487
xml 0.0038230475150191155 1.2039728043259361 0.004602845237728866
ns 5.461496450027307E-4 3.912023005428146 0.0021365499756570974
jdbc 0.010922992900054615 2.407945608651872 0.026301972787022086
webrowset 0.0032768978700163844 2.5257286443082556 0.008276554814773093
xsd 5.461496450027307E-4 3.912023005428146 0.0021365499756570974
filtering 0.0010922992900054614 2.120263536200091 0.0023159623552158285
programmatic 5.461496450027307E-4 3.912023005428146 0.0021365499756570974
extensible 5.461496450027307E-4 3.912023005428146 0.0021365499756570974
There 0.0010922992900054614 1.2729656758128876 0.0013904595038917395
many 5.461496450027307E-4 1.7147984280919266 9.365365527536463E-4
instances 0.0016384489350081922 2.0402208285265546 0.003342797643680865
when 0.0010922992900054614 0.843970070294529 9.218679085685734E-4
has 0.0016384489350081922 0.7550225842780328 0.0012370659491174759
need 0.0016384489350081922 1.7147984280919266 0.002809609658260939
contents 0.0010922992900054614 1.1394342831883648 0.0012446032585345327
without 0.0010922992900054614 1.8325814637483102 0.0020017274317294487
sacrificing 5.461496450027307E-4 3.912023005428146 0.0021365499756570974
environment 0.0016384489350081922 1.9661128563728327 0.0032213755156299826
thus 0.0010922992900054614 2.407945608651872 0.0026301972787022084
saving 5.461496450027307E-4 3.2188758248682006 0.0017579878890596396
expense 5.461496450027307E-4 3.912023005428146 0.0021365499756570974
having 5.461496450027307E-4 3.2188758248682006 0.0017579878890596396
Solutions 5.461496450027307E-4 2.5257286443082556 0.001379425802462182
vary 5.461496450027307E-4 2.8134107167600364 0.001536543264205372
heavyweight 5.461496450027307E-4 3.912023005428146 0.0021365499756570974
full 5.461496450027307E-4 1.3862943611198906 7.571241731949156E-4
scale 5.461496450027307E-4 2.659260036932778 0.0014523539251407851
query 5.461496450027307E-4 1.6607312068216509 9.070077590506012E-4
abilities 5.461496450027307E-4 3.912023005428146 0.0021365499756570974
portable 5.461496450027307E-4 2.302585092994046 0.0012575560311272778
components 5.461496450027307E-4 2.120263536200091 0.0011579811776079143
lightweight 5.461496450027307E-4 2.407945608651872 0.0013150986393511042
approaches 5.461496450027307E-4 3.912023005428146 0.0021365499756570974
consumes 5.461496450027307E-4 3.2188758248682006 0.0017579878890596396
may 0.0010922992900054614 1.07880966137193 0.0011783830271675914
define 5.461496450027307E-4 1.8325814637483102 0.0010008637158647243
filter 0.0016384489350081922 1.9661128563728327 0.0032213755156299826
run 5.461496450027307E-4 1.1086626245216111 6.054956988102736E-4
time 5.461496450027307E-4 1.3470736479666094 7.357037946294972E-4
turn 5.461496450027307E-4 2.995732273553991 0.0016361181177247355
tasked 5.461496450027307E-4 3.912023005428146 0.0021365499756570974
enforcing 0.0010922992900054614 3.912023005428146 0.004273099951314195
both 0.0016384489350081922 1.6094379124341003 0.0026369818335894597
inbound 5.461496450027307E-4 3.912023005428146 0.0021365499756570974
outbound 5.461496450027307E-4 3.2188758248682006 0.0017579878890596396
operations 5.461496450027307E-4 1.6607312068216509 9.070077590506012E-4
That 0.018569087930092845 0.22314355131420976 0.004143572225386746
considered 5.461496450027307E-4 2.5257286443082556 0.001379425802462182
bi 5.461496450027307E-4 3.912023005428146 0.0021365499756570974
directional 5.461496450027307E-4 3.2188758248682006 0.0017579878890596396
however 5.461496450027307E-4 2.407945608651872 0.0013150986393511042
sufficient 5.461496450027307E-4 3.2188758248682006 0.0017579878890596396
mechanics 5.461496450027307E-4 3.912023005428146 0.0021365499756570974
permit 0.0010922992900054614 3.2188758248682006 0.0035159757781192793
implemented 0.0010922992900054614 1.0498221244986776 0.0011467199612219306
describes 0.0010922992900054614 2.302585092994046 0.0025151120622545556
relationships 0.0010922992900054614 3.506557897319982 0.0038302107016056595
established 5.461496450027307E-4 3.2188758248682006 0.0017579878890596396
two 0.0010922992900054614 1.4271163556401458 0.0015588381820209128
Any 0.0038230475150191155 0.5978370007556204 0.0022855592601252555
number 0.0010922992900054614 1.2378743560016172 0.0013521292801765342
added 0.0010922992900054614 1.6607312068216509 0.0018140155181012023
RowSetobjects 5.461496450027307E-4 3.912023005428146 0.0021365499756570974
like 5.461496450027307E-4 1.171182981502945 6.396411695810732E-4
fashion 5.461496450027307E-4 3.2188758248682006 0.0017579878890596396
By 0.004915346805024577 0.27443684570176036 0.0013489522727011705
definition 5.461496450027307E-4 2.0402208285265546 0.0011142658812269548
statement 5.461496450027307E-4 2.407945608651872 0.0013150986393511042
combine 5.461496450027307E-4 2.8134107167600364 0.001536543264205372
contained 0.0010922992900054614 2.120263536200091 0.0023159623552158285
relational 5.461496450027307E-4 2.8134107167600364 0.001536543264205372
tables 5.461496450027307E-4 2.207274913189721 0.0012055024102619995
common 5.461496450027307E-4 1.7719568419318754 9.677536001812536E-4
attribute 5.461496450027307E-4 0.6931471805599453 3.785620865974578E-4
establishing 5.461496450027307E-4 3.912023005428146 0.0021365499756570974
then 0.0010922992900054614 1.2378743560016172 0.0013521292801765342
column 0.002730748225013654 2.207274913189721 0.0060275120513099975
matches 5.461496450027307E-4 2.5257286443082556 0.001379425802462182
establishes 5.461496450027307E-4 3.912023005428146 0.0021365499756570974
touch 5.461496450027307E-4 2.659260036932778 0.0014523539251407851
Implementer 0.0010922992900054614 3.2188758248682006 0.0035159757781192793
Compliant 0.0032768978700163844 3.2188758248682006 0.010547927334357839
Implementations 0.015292190060076462 1.8971199848858813 0.02901111937564428
follow 5.461496450027307E-4 2.5257286443082556 0.001379425802462182
accordance 5.461496450027307E-4 3.912023005428146 0.0021365499756570974
terms 0.0016384489350081922 1.0216512475319812 0.0016739233984685656
Community 5.461496450027307E-4 2.8134107167600364 0.001536543264205372
Process 5.461496450027307E-4 1.9661128563728327 0.0010737918385433274
Test 5.461496450027307E-4 1.1394342831883648 6.223016292672663E-4
Compatibility 0.0010922992900054614 1.6607312068216509 0.0018140155181012023
Kit 5.461496450027307E-4 3.912023005428146 0.0021365499756570974
TCK 5.461496450027307E-4 3.912023005428146 0.0021365499756570974
licensed 5.461496450027307E-4 3.912023005428146 0.0021365499756570974
compatibility 0.0010922992900054614 1.6607312068216509 0.0018140155181012023
following 0.0010922992900054614 1.7147984280919266 0.0018730731055072926
paragraphs 5.461496450027307E-4 3.912023005428146 0.0021365499756570974
outline 5.461496450027307E-4 2.407945608651872 0.0013150986393511042
starting 5.461496450027307E-4 1.7147984280919266 9.365365527536463E-4
points 5.461496450027307E-4 2.8134107167600364 0.001536543264205372
implementers 0.0010922992900054614 3.912023005428146 0.004273099951314195
Implementers 0.0010922992900054614 3.912023005428146 0.004273099951314195
consult 5.461496450027307E-4 3.912023005428146 0.0021365499756570974
guidelines 5.461496450027307E-4 3.912023005428146 0.0021365499756570974
Constructor 0.0010922992900054614 0.6733445532637655 7.354937774590556E-4
no 0.0032768978700163844 0.5798184952529422 0.0019000059920904712
argument 5.461496450027307E-4 2.5257286443082556 0.001379425802462182
constructor 0.0010922992900054614 0.6733445532637655 7.354937774590556E-4
Role 0.0010922992900054614 2.407945608651872 0.0026301972787022084
For 0.011469142545057346 0.083381608939051 9.563155585582037E-4
example 0.0010922992900054614 1.0498221244986776 0.0011467199612219306
built 5.461496450027307E-4 2.120263536200091 0.0011579811776079143
regardless 5.461496450027307E-4 2.302585092994046 0.0012575560311272778
whether 5.461496450027307E-4 1.6607312068216509 9.070077590506012E-4
exist 5.461496450027307E-4 2.659260036932778 0.0014523539251407851
including 5.461496450027307E-4 1.0498221244986776 5.733599806109653E-4
property 0.0016384489350081922 1.8325814637483102 0.0030025911475941728
manipulation 0.0010922992900054614 3.2188758248682006 0.0035159757781192793
event 0.002184598580010923 1.6094379124341003 0.0035159757781192793
notification 0.0010922992900054614 2.407945608651872 0.0026301972787022084
JavaBeans 0.0016384489350081922 3.2188758248682006 0.005273963667178919
requirements 0.0016384489350081922 2.207274913189721 0.0036165072307859985
As 0.006007646095030038 0.32850406697203605 0.0019735361751460384
reference 0.0010922992900054614 0.843970070294529 9.218679085685734E-4
table 0.0010922992900054614 1.5606477482646683 0.0017046944273781193
illustrates 5.461496450027307E-4 3.912023005428146 0.0021365499756570974
features 5.461496450027307E-4 2.120263536200091 0.0011579811776079143
Feature 0.0010922992900054614 1.1394342831883648 0.0012446032585345327
Details 0.002184598580010923 0.7550225842780328 0.0016494212654899678
Properties 0.0016384489350081922 1.7719568419318754 0.002903260800543761
mechanisms 5.461496450027307E-4 2.8134107167600364 0.001536543264205372
allow 5.461496450027307E-4 1.2729656758128876 6.952297519458697E-4
command 0.0016384489350081922 2.659260036932778 0.004357061775422356
values 5.461496450027307E-4 1.0216512475319812 5.579744661561884E-4
Refer 0.0010922992900054614 2.659260036932778 0.0029047078502815703
documentation 0.004369197160021846 0.9416085398584451 0.004114073358201835
properties 0.0016384489350081922 1.7719568419318754 0.002903260800543761
Event 0.002184598580010923 1.6094379124341003 0.0035159757781192793
notifications 5.461496450027307E-4 2.120263536200091 0.0011579811776079143
registered 5.461496450027307E-4 2.659260036932778 0.0014523539251407851
listeners 5.461496450027307E-4 2.659260036932778 0.0014523539251407851
RowSetEvent 5.461496450027307E-4 2.995732273553991 0.0016361181177247355
how 5.461496450027307E-4 1.2039728043259361 6.575493196755522E-4
register 5.461496450027307E-4 2.302585092994046 0.0012575560311272778
handle 5.461496450027307E-4 2.407945608651872 0.0013150986393511042
events 5.461496450027307E-4 1.5606477482646683 8.523472136890597E-4
generated 0.0010922992900054614 1.7719568419318754 0.0019355072003625071
Setters 5.461496450027307E-4 3.912023005428146 0.0021365499756570974
complete 5.461496450027307E-4 1.7147984280919266 9.365365527536463E-4
setter 0.0010922992900054614 3.912023005428146 0.004273099951314195
setting 5.461496450027307E-4 1.6607312068216509 9.070077590506012E-4
parameters 5.461496450027307E-4 0.5978370007556204 3.265084657321793E-4
Streams 5.461496450027307E-4 2.407945608651872 0.0013150986393511042
fields 5.461496450027307E-4 1.1086626245216111 6.054956988102736E-4
storing 5.461496450027307E-4 3.2188758248682006 0.0017579878890596396
stream 0.0010922992900054614 1.3862943611198906 0.0015142483463898313
constants 5.461496450027307E-4 2.207274913189721 0.0012055024102619995
type 5.461496450027307E-4 0.44628710262841953 2.4373954266980856E-4
designation 5.461496450027307E-4 3.912023005428146 0.0021365499756570974
Connected 0.0038230475150191155 2.120263536200091 0.0081058682432554
Requirements 0.0016384489350081922 2.207274913189721 0.0036165072307859985
always 5.461496450027307E-4 2.0402208285265546 0.0011142658812269548
solely 5.461496450027307E-4 3.2188758248682006 0.0017579878890596396
Furthermore 5.461496450027307E-4 3.2188758248682006 0.0017579878890596396
therefore 0.0010922992900054614 2.5257286443082556 0.002758851604924364
operating 5.461496450027307E-4 2.8134107167600364 0.001536543264205372
do 0.0010922992900054614 0.9162907318741551 0.0010008637158647243
not 0.0016384489350081922 0.3424903089467759 5.611528819444716E-4
They 5.461496450027307E-4 1.2729656758128876 6.952297519458697E-4
safely 5.461496450027307E-4 3.912023005428146 0.0021365499756570974
rely 5.461496450027307E-4 2.8134107167600364 0.001536543264205372
supply 5.461496450027307E-4 2.407945608651872 0.0013150986393511042
needs 5.461496450027307E-4 2.120263536200091 0.0011579811776079143
virtue 5.461496450027307E-4 3.912023005428146 0.0021365499756570974
presence 5.461496450027307E-4 3.912023005428146 0.0021365499756570974
underlying 5.461496450027307E-4 2.207274913189721 0.0012055024102619995
Disconnected 0.006007646095030038 2.302585092994046 0.013833116342400056
delegate 5.461496450027307E-4 2.5257286443082556 0.001379425802462182
management 5.461496450027307E-4 1.6094379124341003 8.789939445298198E-4
To 0.030038230475150193 0.17435338714477774 0.005237267227177923
semantics 5.461496450027307E-4 3.912023005428146 0.0021365499756570974
original 5.461496450027307E-4 1.9661128563728327 0.0010737918385433274
made 5.461496450027307E-4 1.8325814637483102 0.0010008637158647243
populate 5.461496450027307E-4 2.995732273553991 0.0016361181177247355
closed 5.461496450027307E-4 2.302585092994046 0.0012575560311272778
garbage 5.461496450027307E-4 2.8134107167600364 0.001536543264205372
collector 5.461496450027307E-4 2.5257286443082556 0.001379425802462182
recover 5.461496450027307E-4 3.912023005428146 0.0021365499756570974
release 5.461496450027307E-4 1.6607312068216509 9.070077590506012E-4
resources 5.461496450027307E-4 1.9661128563728327 0.0010737918385433274
ensures 5.461496450027307E-4 3.2188758248682006 0.0017579878890596396
critical 5.461496450027307E-4 2.207274913189721 0.0012055024102619995
maintained 5.461496450027307E-4 2.407945608651872 0.0013150986393511042
re 5.461496450027307E-4 2.120263536200091 0.0011579811776079143
establish 5.461496450027307E-4 3.2188758248682006 0.0017579878890596396
extraneous 5.461496450027307E-4 3.912023005428146 0.0021365499756570974
references 5.461496450027307E-4 2.5257286443082556 0.001379425802462182
remain 5.461496450027307E-4 3.2188758248682006 0.0017579878890596396
Connection 0.0038230475150191155 1.2039728043259361 0.004602845237728866
RowsetMetaDataImpl 0.0016384489350081922 2.995732273553991 0.004908354353174207
utility 5.461496450027307E-4 2.0402208285265546 0.0011142658812269548
RowSetMetaData 5.461496450027307E-4 2.995732273553991 0.0016361181177247355
supplying 5.461496450027307E-4 3.912023005428146 0.0021365499756570974
method 0.002184598580010923 0.32850406697203605 7.176495182349231E-4
free 5.461496450027307E-4 1.8971199848858813 0.00103611140627301
so 0.0010922992900054614 1.3093333199837622 0.0014301838557987572
Similar 0.0010922992900054614 3.2188758248682006 0.0035159757781192793
SQLWarning 5.461496450027307E-4 2.995732273553991 0.0016361181177247355
silently 5.461496450027307E-4 3.912023005428146 0.0021365499756570974
chained 0.0010922992900054614 3.912023005428146 0.004273099951314195
whose 5.461496450027307E-4 2.407945608651872 0.0013150986393511042
caused 5.461496450027307E-4 2.8134107167600364 0.001536543264205372
warning 0.002184598580010923 2.659260036932778 0.0058094157005631405
thrown 5.461496450027307E-4 1.8971199848858813 0.00103611140627301
chaining 5.461496450027307E-4 1.7719568419318754 9.677536001812536E-4
occurs 5.461496450027307E-4 1.6607312068216509 9.070077590506012E-4
if 0.0010922992900054614 0.616186139423817 6.730596826038416E-4
via 5.461496450027307E-4 1.8971199848858813 0.00103611140627301
getRowSetWarnings 0.0010922992900054614 3.912023005428146 0.004273099951314195
After 5.461496450027307E-4 1.5606477482646683 8.523472136890597E-4
been 5.461496450027307E-4 1.4271163556401458 7.794190910104564E-4
retrieved 5.461496450027307E-4 2.407945608651872 0.0013150986393511042
getNextWarning 0.0010922992900054614 3.912023005428146 0.004273099951314195
called 0.0010922992900054614 1.7719568419318754 0.0019355072003625071
retrieve 0.0010922992900054614 2.5257286443082556 0.002758851604924364
might 5.461496450027307E-4 2.8134107167600364 0.001536543264205372
If 0.0010922992900054614 0.616186139423817 6.730596826038416E-4
returned 5.461496450027307E-4 2.120263536200091 0.0011579811776079143
until 5.461496450027307E-4 1.7719568419318754 9.677536001812536E-4
there 0.0010922992900054614 1.2729656758128876 0.0013904595038917395
Interface 0.013653741125068269 0.653926467406664 0.008928542700800984
capability 5.461496450027307E-4 3.2188758248682006 0.0017579878890596396
operation 5.461496450027307E-4 1.6094379124341003 8.789939445298198E-4
match 0.002184598580010923 2.120263536200091 0.004631924710431657
unset 5.461496450027307E-4 3.912023005428146 0.0021365499756570974
adding 5.461496450027307E-4 2.407945608651872 0.0013150986393511042
SyncML 5.461496450027307E-4 3.2188758248682006 0.0017579878890596396
Tutorial 5.461496450027307E-4 2.995732273553991 0.0016361181177247355
Platform 5.461496450027307E-4 1.07880966137193 5.891915135837957E-4
Ed 5.461496450027307E-4 1.2729656758128876 6.952297519458697E-4
Prev 5.461496450027307E-4 1.2729656758128876 6.952297519458697E-4
Next 5.461496450027307E-4 1.171182981502945 6.396411695810732E-4
Frames 0.0010922992900054614 1.3470736479666094 0.0014714075892589943
Classes 0.0016384489350081922 0.7133498878774648 0.0011687873640810456
Submit 5.461496450027307E-4 1.07880966137193 5.891915135837957E-4
bug 5.461496450027307E-4 1.1086626245216111 6.054956988102736E-4
feature 0.0010922992900054614 1.1394342831883648 0.0012446032585345327
further 0.0010922992900054614 0.9416085398584451 0.0010285183395504587
developer 0.0010922992900054614 1.07880966137193 0.0011783830271675914
see 0.0010922992900054614 0.3566749439387324 3.8959578802701513E-4
SE 5.461496450027307E-4 1.1086626245216111 6.054956988102736E-4
targeted 5.461496450027307E-4 1.171182981502945 6.396411695810732E-4
descriptions 5.461496450027307E-4 1.0498221244986776 5.733599806109653E-4
conceptual 5.461496450027307E-4 1.171182981502945 6.396411695810732E-4
overviews 5.461496450027307E-4 1.171182981502945 6.396411695810732E-4
workarounds 5.461496450027307E-4 1.171182981502945 6.396411695810732E-4
working 5.461496450027307E-4 0.9942522733438669 5.430105261299109E-4
code 5.461496450027307E-4 0.5108256237659907 2.7898723307809433E-4
examples 5.461496450027307E-4 0.7985076962177716 4.361046948212843E-4
Oracle 5.461496450027307E-4 0.8915981192837835 4.869459963319407E-4
affiliates 5.461496450027307E-4 1.171182981502945 6.396411695810732E-4
subject 5.461496450027307E-4 1.1394342831883648 6.223016292672663E-4
license 5.461496450027307E-4 1.1086626245216111 6.054956988102736E-4
Also 0.002184598580010923 0.5108256237659907 0.0011159489323123773
redistribution 5.461496450027307E-4 1.171182981502945 6.396411695810732E-4
policy 5.461496450027307E-4 1.0216512475319812 5.579744661561884E-4
Scripting 5.461496450027307E-4 1.0216512475319812 5.579744661561884E-4
page 0.0010922992900054614 0.843970070294529 9.218679085685734E-4
tracks 5.461496450027307E-4 1.07880966137193 5.891915135837957E-4
web 5.461496450027307E-4 0.8209805520698303 4.483782370670837E-4
traffic 5.461496450027307E-4 1.1086626245216111 6.054956988102736E-4
does 5.461496450027307E-4 0.7339691750802005 4.008570044129986E-4
change 5.461496450027307E-4 0.9162907318741551 5.004318579323622E-4
content 5.461496450027307E-4 0.44628710262841953 2.4373954266980856E-4
