Cleaner 0.03397027600849257 0.9162907318741551 0.031126649065788707
jsoup 0.012738853503184714 0.0 0.0
Java 0.006369426751592357 0.010050335853501506 6.401487804778029E-5
HTML 0.01910828025477707 0.0 0.0
Parser 0.0021231422505307855 0.0 0.0
API 0.0021231422505307855 0.0 0.0
Skip 0.004246284501061571 0.06187540371808745 2.6274056780504226E-4
navigation 0.004246284501061571 0.06187540371808745 2.6274056780504226E-4
links 0.004246284501061571 0.0408219945202552 1.7334180263378003E-4
Overview 0.004246284501061571 0.06187540371808745 2.6274056780504226E-4
Package 0.006369426751592357 0.06187540371808745 3.941108517075634E-4
Class 0.010615711252653927 0.06187540371808745 6.568514195126056E-4
Use 0.008492569002123142 0.010050335853501506 8.535317073037372E-5
Tree 0.004246284501061571 0.0408219945202552 1.7334180263378003E-4
Deprecated 0.010615711252653927 0.06187540371808745 6.568514195126056E-4
Index 0.004246284501061571 0.06187540371808745 2.6274056780504226E-4
Help 0.004246284501061571 0.05129329438755048 2.1780592096624408E-4
org 0.004246284501061571 0.05129329438755048 2.1780592096624408E-4
safety 0.004246284501061571 0.9162907318741551 0.0038908311332235884
java 0.006369426751592357 0.010050335853501506 6.401487804778029E-5
lang 0.004246284501061571 0.653926467406664 0.0027767578233828622
Object 0.008492569002123142 0.43078291609245434 0.0036584536398509924
public 0.012738853503184714 0.6931471805599453 0.008829900389298666
class 0.010615711252653927 0.06187540371808745 6.568514195126056E-4
extends 0.0021231422505307855 0.653926467406664 0.0013883789116914311
The 0.07006369426751592 0.10536051565782635 0.007381946956917769
safelist 0.03184713375796178 0.9162907318741551 0.029181233499176912
based 0.0021231422505307855 1.2729656758128876 0.0027026872097938165
cleaner 0.03397027600849257 0.9162907318741551 0.031126649065788707
to 0.014861995753715499 0.17435338714477774 0.0025912392993916013
ensure 0.004246284501061571 2.407945608651872 0.010224822117417714
that 0.016985138004246284 0.22314355131420976 0.003790124013829465
end 0.0021231422505307855 2.0402208285265546 0.004331679041457653
user 0.004246284501061571 1.0216512475319812 0.00433822185788527
provided 0.0021231422505307855 1.5141277326297755 0.003214708561846657
contains 0.0021231422505307855 0.5798184952529422 0.0012310371449107051
only 0.014861995753715499 0.843970070294529 0.01254307960098026
the 0.07006369426751592 0.10536051565782635 0.007381946956917769
elements 0.008492569002123142 0.8675005677047231 0.00736730843061336
and 0.016985138004246284 0.09431067947124142 0.0016018799060932725
attributes 0.008492569002123142 0.3566749439387324 0.0030290865727280883
you 0.0021231422505307855 0.9162907318741551 0.0019454155666117942
are 0.010615711252653927 0.5447271754416719 0.005782666405962547
expecting 0.0021231422505307855 3.2188758248682006 0.00683413126298981
no 0.008492569002123142 0.5798184952529422 0.0049241485796428204
junk 0.0021231422505307855 3.2188758248682006 0.00683413126298981
cross 0.0021231422505307855 2.5257286443082556 0.0053624811981067
site 0.0021231422505307855 2.0402208285265546 0.004331679041457653
scripting 0.0021231422505307855 1.0216512475319812 0.002169110928942635
attacks 0.0021231422505307855 2.995732273553991 0.006360365761261127
parses 0.0021231422505307855 2.207274913189721 0.004686358626729769
input 0.012738853503184714 1.0216512475319812 0.013014665573655812
as 0.010615711252653927 0.32850406697203605 0.0034873043202976223
then 0.0021231422505307855 1.2378743560016172 0.0026281833460756205
runs 0.0021231422505307855 2.659260036932778 0.005645987339560038
it 0.008492569002123142 0.47803580094299974 0.0040597520249936285
through 0.0021231422505307855 1.2378743560016172 0.0026281833460756205
a 0.01910828025477707 0.16251892949777494 0.0031054572515498394
safe 0.006369426751592357 1.3093333199837622 0.00833970267505581
list 0.004246284501061571 0.653926467406664 0.0027767578233828622
so 0.0021231422505307855 1.3093333199837622 0.00277990089168527
output 0.004246284501061571 0.9675840262617057 0.004108637054189833
can 0.004246284501061571 0.7339691750802005 0.003116641932400002
contain 0.0021231422505307855 1.5606477482646683 0.003313477172536451
is 0.016985138004246284 0.22314355131420976 0.003790124013829465
allowed 0.008492569002123142 1.3862943611198906 0.011773200519064888
by 0.008492569002123142 0.27443684570176036 0.002330673848847222
It 0.008492569002123142 0.47803580094299974 0.0040597520249936285
assumed 0.0021231422505307855 3.2188758248682006 0.00683413126298981
body 0.008492569002123142 1.6607312068216509 0.01410387436791211
fragment 0.0021231422505307855 1.7719568419318754 0.0037621164372226654
clean 0.025477707006369428 1.4271163556401458 0.03635965237299735
methods 0.006369426751592357 0.24846135929849972 0.0015825564286528644
pull 0.0021231422505307855 3.2188758248682006 0.00683413126298981
from 0.010615711252653927 0.38566248081198473 0.0040940815372822155
source 0.0021231422505307855 1.07880966137193 0.0022904663723395543
s 0.004246284501061571 0.5447271754416719 0.0023130665623850187
canned 0.0021231422505307855 2.8134107167600364 0.005973271160849334
lists 0.0021231422505307855 1.7147984280919266 0.0036407609938257464
allow 0.0021231422505307855 1.2729656758128876 0.0027026872097938165
contained 0.0021231422505307855 2.120263536200091 0.004501621095966223
tags 0.006369426751592357 1.3093333199837622 0.00833970267505581
Rather 0.0021231422505307855 2.120263536200091 0.004501621095966223
than 0.0021231422505307855 1.3862943611198906 0.002943300129766222
interacting 0.0021231422505307855 3.2188758248682006 0.00683413126298981
directly 0.0021231422505307855 1.8971199848858813 0.00402785559423754
with 0.004246284501061571 0.23572233352106994 0.0010009440913845858
object 0.008492569002123142 0.43078291609245434 0.0036584536398509924
generally 0.0021231422505307855 1.3470736479666094 0.0028600289765745423
see 0.0021231422505307855 0.3566749439387324 7.572716431820221E-4
in 0.006369426751592357 0.1508228897345837 9.606553486279216E-4
Jsoup 0.012738853503184714 0.0 0.0
Constructor 0.006369426751592357 0.6733445532637655 0.004288818810597233
Summary 0.004246284501061571 0.6931471805599453 0.002943300129766222
Constructors 0.0021231422505307855 0.8915981192837835 0.001892989637545188
Description 0.004246284501061571 0.24846135929849972 0.0010550376191019097
Safelist 0.03184713375796178 0.9162907318741551 0.029181233499176912
Create 0.004246284501061571 0.8915981192837835 0.003785979275090376
new 0.008492569002123142 0.616186139423817 0.005233003307208636
sanitizes 0.004246284501061571 2.8134107167600364 0.011946542321698669
documents 0.004246284501061571 1.7147984280919266 0.007281521987651493
using 0.008492569002123142 0.8209805520698303 0.006972233987854185
supplied 0.004246284501061571 1.5141277326297755 0.006429417123693314
Whitelist 0.008492569002123142 1.1086626245216111 0.009415393838824723
whitelist 0.008492569002123142 1.1086626245216111 0.009415393838824723
of 0.006369426751592357 0.1165338162559516 7.422536067258064E-4
Method 0.008492569002123142 0.32850406697203605 0.002789843456238098
Modifier 0.0021231422505307855 0.653926467406664 0.0013883789116914311
Type 0.0021231422505307855 0.44628710262841953 9.475310034573663E-4
Document 0.04883227176220807 0.40047756659712536 0.019556229366738606
dirtyDocument 0.012738853503184714 3.2188758248682006 0.041004787577938864
Creates 0.004246284501061571 1.7147984280919266 0.007281521987651493
document 0.04883227176220807 0.40047756659712536 0.019556229366738606
original 0.008492569002123142 1.9661128563728327 0.01669734909870771
dirty 0.006369426751592357 2.8134107167600364 0.017919813482548005
containing 0.004246284501061571 1.171182981502945 0.004973176142263037
boolean 0.008492569002123142 0.653926467406664 0.0055535156467657245
isValid 0.006369426751592357 1.7719568419318754 0.011286349311667996
Determines 0.004246284501061571 1.8971199848858813 0.00805571118847508
if 0.012738853503184714 0.616186139423817 0.007849504960812955
bodyis 0.004246284501061571 2.8134107167600364 0.011946542321698669
valid 0.006369426751592357 2.302585092994046 0.014666147089134052
against 0.004246284501061571 1.4271163556401458 0.006059942062166224
isValidBodyHtml 0.006369426751592357 2.8134107167600364 0.017919813482548005
String 0.004246284501061571 0.4155154439616658 0.0017643967896461392
bodyHtml 0.004246284501061571 2.0402208285265546 0.008663358082915306
Methods 0.006369426751592357 0.24846135929849972 0.0015825564286528644
inherited 0.0021231422505307855 0.9942522733438669 0.0021109390092226474
clone 0.0021231422505307855 0.8209805520698303 0.0017430584969635463
equals 0.0021231422505307855 0.9942522733438669 0.0021109390092226474
finalize 0.0021231422505307855 1.07880966137193 0.0022904663723395543
getClass 0.0021231422505307855 1.07880966137193 0.0022904663723395543
hashCode 0.0021231422505307855 0.9942522733438669 0.0021109390092226474
notify 0.0021231422505307855 1.0498221244986776 0.002228921708065133
notifyAll 0.0021231422505307855 1.07880966137193 0.0022904663723395543
toString 0.0021231422505307855 0.9675840262617057 0.0020543185270949166
wait 0.006369426751592357 0.9942522733438669 0.006332817027667943
Details 0.004246284501061571 0.7550225842780328 0.0032060406975712645
Parameters 0.006369426751592357 0.5978370007556204 0.003807878985704589
instead 0.0021231422505307855 1.6607312068216509 0.0035259685919780273
not 0.0021231422505307855 0.3424903089467759 7.271556453222418E-4
modified 0.0021231422505307855 2.407945608651872 0.005112411058708857
Only 0.014861995753715499 0.843970070294529 0.01254307960098026
used 0.004246284501061571 0.6348782724359695 0.002695873768305603
OutputSettings 0.0021231422505307855 1.1394342831883648 0.0024191810683404772
cloned 0.0021231422505307855 2.995732273553991 0.006360365761261127
into 0.0021231422505307855 0.8915981192837835 0.001892989637545188
Untrusted 0.0021231422505307855 2.0402208285265546 0.004331679041457653
base 0.0021231422505307855 0.9162907318741551 0.0019454155666117942
Returns 0.004246284501061571 0.9942522733438669 0.004221878018445295
cleaned 0.004246284501061571 2.207274913189721 0.009372717253459537
considered 0.0021231422505307855 2.5257286443082556 0.0053624811981067
all 0.004246284501061571 0.05129329438755048 2.1780592096624408E-4
there 0.0021231422505307855 1.2729656758128876 0.0027026872097938165
content 0.0021231422505307855 0.44628710262841953 9.475310034573663E-4
head 0.0021231422505307855 1.8971199848858813 0.00402785559423754
This 0.0021231422505307855 0.3424903089467759 7.271556453222418E-4
method 0.008492569002123142 0.32850406697203605 0.002789843456238098
be 0.006369426751592357 0.47803580094299974 0.0030448140187452214
validator 0.004246284501061571 2.407945608651872 0.010224822117417714
for 0.0021231422505307855 0.083381608939051 1.770310168557346E-4
An 0.0021231422505307855 0.4620354595965586 9.809670055128633E-4
invalid 0.0021231422505307855 1.3862943611198906 0.002943300129766222
will 0.0021231422505307855 0.5447271754416719 0.0011565332811925093
still 0.004246284501061571 2.302585092994046 0.009777431392756034
successfully 0.0021231422505307855 2.5257286443082556 0.0053624811981067
If 0.012738853503184714 0.616186139423817 0.007849504960812955
recommended 0.0021231422505307855 2.5257286443082556 0.0053624811981067
enforced 0.0021231422505307855 1.8971199848858813 0.00402785559423754
set 0.0021231422505307855 0.4620354595965586 9.809670055128633E-4
correctly 0.0021231422505307855 2.659260036932778 0.005645987339560038
tidied 0.0021231422505307855 3.2188758248682006 0.00683413126298981
test 0.0021231422505307855 1.1394342831883648 0.0024191810683404772
true 0.0021231422505307855 1.1086626245216111 0.0023538484597061806
or 0.0021231422505307855 0.2613647641344075 5.549145735337739E-4
need 0.0021231422505307855 1.7147984280919266 0.0036407609938257464
removed 0.0021231422505307855 1.2378743560016172 0.0026281833460756205
false 0.0021231422505307855 1.1394342831883648 0.0024191810683404772
they 0.0021231422505307855 1.2729656758128876 0.0027026872097938165
do 0.0021231422505307855 0.9162907318741551 0.0019454155666117942
Copyright 0.0021231422505307855 0.06187540371808745 1.3137028390252113E-4
Jonathan 0.0021231422505307855 0.0 0.0
Hedley 0.0021231422505307855 0.0 0.0
All 0.004246284501061571 0.05129329438755048 2.1780592096624408E-4
rights 0.0021231422505307855 0.06187540371808745 1.3137028390252113E-4
reserved 0.0021231422505307855 0.06187540371808745 1.3137028390252113E-4
