Cleaner 0.010752688172043012 0.9162907318741551 0.009852588514775861
jsoup 0.010752688172043012 0.0 0.0
Java 0.010752688172043012 0.010050335853501506 1.0806812745700545E-4
HTML 0.005376344086021506 0.0 0.0
Parser 0.005376344086021506 0.0 0.0
API 0.005376344086021506 0.0 0.0
Skip 0.005376344086021506 0.06187540371808745 3.3266346084993257E-4
navigation 0.005376344086021506 0.06187540371808745 3.3266346084993257E-4
links 0.005376344086021506 0.0408219945202552 2.1947308881857636E-4
Overview 0.005376344086021506 0.06187540371808745 3.3266346084993257E-4
Package 0.005376344086021506 0.06187540371808745 3.3266346084993257E-4
Class 0.010752688172043012 0.06187540371808745 6.653269216998651E-4
Use 0.005376344086021506 0.010050335853501506 5.4034063728502725E-5
Tree 0.005376344086021506 0.0408219945202552 2.1947308881857636E-4
Deprecated 0.005376344086021506 0.06187540371808745 3.3266346084993257E-4
Index 0.005376344086021506 0.06187540371808745 3.3266346084993257E-4
Help 0.005376344086021506 0.05129329438755048 2.7577039993306713E-4
org 0.005376344086021506 0.05129329438755048 2.7577039993306713E-4
safety 0.005376344086021506 0.9162907318741551 0.004926294257387931
java 0.010752688172043012 0.010050335853501506 1.0806812745700545E-4
lang 0.005376344086021506 0.653926467406664 0.0035157336957347533
Object 0.010752688172043012 0.43078291609245434 0.004632074366585531
public 0.005376344086021506 0.6931471805599453 0.0037265977449459425
class 0.010752688172043012 0.06187540371808745 6.653269216998651E-4
extends 0.005376344086021506 0.653926467406664 0.0035157336957347533
The 0.010752688172043012 0.10536051565782635 0.001132908770514262
safelist 0.010752688172043012 0.9162907318741551 0.009852588514775861
based 0.005376344086021506 1.2729656758128876 0.006843901482864987
cleaner 0.010752688172043012 0.9162907318741551 0.009852588514775861
to 0.005376344086021506 0.17435338714477774 9.373838018536439E-4
ensure 0.005376344086021506 2.407945608651872 0.012945944132536946
that 0.005376344086021506 0.22314355131420976 0.001199696512441988
end 0.005376344086021506 2.0402208285265546 0.010968929185626638
user 0.005376344086021506 1.0216512475319812 0.005492748642645061
provided 0.005376344086021506 1.5141277326297755 0.008140471680805245
contains 0.005376344086021506 0.5798184952529422 0.003117303737919044
only 0.010752688172043012 0.843970070294529 0.00907494699241429
the 0.010752688172043012 0.10536051565782635 0.001132908770514262
elements 0.005376344086021506 0.8675005677047231 0.004663981546799587
and 0.005376344086021506 0.09431067947124142 5.070466638238786E-4
attributes 0.005376344086021506 0.3566749439387324 0.001917607225477056
you 0.005376344086021506 0.9162907318741551 0.004926294257387931
are 0.005376344086021506 0.5447271754416719 0.002928640728181032
expecting 0.005376344086021506 3.2188758248682006 0.017305784004667746
no 0.005376344086021506 0.5798184952529422 0.003117303737919044
junk 0.005376344086021506 3.2188758248682006 0.017305784004667746
cross 0.005376344086021506 2.5257286443082556 0.013579186259721805
site 0.005376344086021506 2.0402208285265546 0.010968929185626638
scripting 0.005376344086021506 1.0216512475319812 0.005492748642645061
attacks 0.005376344086021506 2.995732273553991 0.016106087492225758
parses 0.005376344086021506 2.207274913189721 0.01186706942575119
input 0.005376344086021506 1.0216512475319812 0.005492748642645061
as 0.005376344086021506 0.32850406697203605 0.0017661508976991186
then 0.005376344086021506 1.2378743560016172 0.006655238473126975
runs 0.005376344086021506 2.659260036932778 0.014297096972756872
it 0.010752688172043012 0.47803580094299974 0.005140169902612901
through 0.005376344086021506 1.2378743560016172 0.006655238473126975
a 0.005376344086021506 0.16251892949777494 8.737576854719084E-4
safe 0.005376344086021506 1.3093333199837622 0.007039426451525604
list 0.005376344086021506 0.653926467406664 0.0035157336957347533
so 0.005376344086021506 1.3093333199837622 0.007039426451525604
output 0.005376344086021506 0.9675840262617057 0.005202064657320999
can 0.005376344086021506 0.7339691750802005 0.0039460708337645195
contain 0.005376344086021506 1.5606477482646683 0.00839057929174553
is 0.005376344086021506 0.22314355131420976 0.001199696512441988
allowed 0.005376344086021506 1.3862943611198906 0.007453195489891885
by 0.005376344086021506 0.27443684570176036 0.0014754669123750559
It 0.010752688172043012 0.47803580094299974 0.005140169902612901
assumed 0.005376344086021506 3.2188758248682006 0.017305784004667746
body 0.005376344086021506 1.6607312068216509 0.00892866240226694
fragment 0.005376344086021506 1.7719568419318754 0.009526649687805783
clean 0.005376344086021506 1.4271163556401458 0.007672668578710462
methods 0.010752688172043012 0.24846135929849972 0.002671627519338707
pull 0.005376344086021506 3.2188758248682006 0.017305784004667746
from 0.005376344086021506 0.38566248081198473 0.0020734541979138964
source 0.005376344086021506 1.07880966137193 0.005800051942859839
s 0.005376344086021506 0.5447271754416719 0.002928640728181032
canned 0.005376344086021506 2.8134107167600364 0.015125864068602347
lists 0.005376344086021506 1.7147984280919266 0.009219346387591004
allow 0.005376344086021506 1.2729656758128876 0.006843901482864987
contained 0.005376344086021506 2.120263536200091 0.011399266323656404
tags 0.005376344086021506 1.3093333199837622 0.007039426451525604
Rather 0.005376344086021506 2.120263536200091 0.011399266323656404
than 0.005376344086021506 1.3862943611198906 0.007453195489891885
interacting 0.005376344086021506 3.2188758248682006 0.017305784004667746
directly 0.005376344086021506 1.8971199848858813 0.010199569811214417
with 0.005376344086021506 0.23572233352106994 0.0012673243737691933
object 0.010752688172043012 0.43078291609245434 0.004632074366585531
generally 0.005376344086021506 1.3470736479666094 0.007242331440680696
see 0.005376344086021506 0.3566749439387324 0.001917607225477056
in 0.005376344086021506 0.1508228897345837 8.108757512612027E-4
Jsoup 0.010752688172043012 0.0 0.0
Constructor 0.005376344086021506 0.6733445532637655 0.0036201320067944386
Summary 0.005376344086021506 0.6931471805599453 0.0037265977449459425
Constructors 0.005376344086021506 0.8915981192837835 0.004793538275719267
Description 0.005376344086021506 0.24846135929849972 0.0013358137596693534
Safelist 0.010752688172043012 0.9162907318741551 0.009852588514775861
Create 0.005376344086021506 0.8915981192837835 0.004793538275719267
new 0.005376344086021506 0.616186139423817 0.0033128287065796614
sanitizes 0.005376344086021506 2.8134107167600364 0.015125864068602347
documents 0.005376344086021506 1.7147984280919266 0.009219346387591004
using 0.005376344086021506 0.8209805520698303 0.004413873935859303
supplied 0.005376344086021506 1.5141277326297755 0.008140471680805245
Whitelist 0.010752688172043012 1.1086626245216111 0.01192110348947969
whitelist 0.010752688172043012 1.1086626245216111 0.01192110348947969
of 0.005376344086021506 0.1165338162559516 6.265258938492022E-4
Method 0.010752688172043012 0.32850406697203605 0.003532301795398237
Modifier 0.005376344086021506 0.653926467406664 0.0035157336957347533
Type 0.005376344086021506 0.44628710262841953 0.002399393024883976
Document 0.010752688172043012 0.40047756659712536 0.004306210393517478
dirtyDocument 0.005376344086021506 3.2188758248682006 0.017305784004667746
Creates 0.005376344086021506 1.7147984280919266 0.009219346387591004
document 0.010752688172043012 0.40047756659712536 0.004306210393517478
original 0.005376344086021506 1.9661128563728327 0.010570499227810929
dirty 0.005376344086021506 2.8134107167600364 0.015125864068602347
containing 0.005376344086021506 1.171182981502945 0.006296682696252393
boolean 0.005376344086021506 0.653926467406664 0.0035157336957347533
isValid 0.005376344086021506 1.7719568419318754 0.009526649687805783
Determines 0.005376344086021506 1.8971199848858813 0.010199569811214417
if 0.010752688172043012 0.616186139423817 0.006625657413159323
bodyis 0.005376344086021506 2.8134107167600364 0.015125864068602347
valid 0.005376344086021506 2.302585092994046 0.012379489747279818
against 0.005376344086021506 1.4271163556401458 0.007672668578710462
isValidBodyHtml 0.005376344086021506 2.8134107167600364 0.015125864068602347
String 0.005376344086021506 0.4155154439616658 0.002233953999793902
bodyHtml 0.005376344086021506 2.0402208285265546 0.010968929185626638
Methods 0.010752688172043012 0.24846135929849972 0.002671627519338707
inherited 0.005376344086021506 0.9942522733438669 0.005345442329805736
clone 0.005376344086021506 0.8209805520698303 0.004413873935859303
equals 0.005376344086021506 0.9942522733438669 0.005345442329805736
finalize 0.005376344086021506 1.07880966137193 0.005800051942859839
getClass 0.005376344086021506 1.07880966137193 0.005800051942859839
hashCode 0.005376344086021506 0.9942522733438669 0.005345442329805736
notify 0.005376344086021506 1.0498221244986776 0.005644204970422999
notifyAll 0.005376344086021506 1.07880966137193 0.005800051942859839
toString 0.005376344086021506 0.9675840262617057 0.005202064657320999
wait 0.005376344086021506 0.9942522733438669 0.005345442329805736
Details 0.005376344086021506 0.7550225842780328 0.004059261205795876
Parameters 0.005376344086021506 0.5978370007556204 0.003214177423417314
instead 0.005376344086021506 1.6607312068216509 0.00892866240226694
not 0.005376344086021506 0.3424903089467759 0.001841345747025677
modified 0.005376344086021506 2.407945608651872 0.012945944132536946
Only 0.010752688172043012 0.843970070294529 0.00907494699241429
used 0.005376344086021506 0.6348782724359695 0.003413324045354675
OutputSettings 0.005376344086021506 1.1394342831883648 0.006125990769829919
cloned 0.005376344086021506 2.995732273553991 0.016106087492225758
into 0.005376344086021506 0.8915981192837835 0.004793538275719267
Untrusted 0.005376344086021506 2.0402208285265546 0.010968929185626638
base 0.005376344086021506 0.9162907318741551 0.004926294257387931
Returns 0.005376344086021506 0.9942522733438669 0.005345442329805736
cleaned 0.005376344086021506 2.207274913189721 0.01186706942575119
considered 0.005376344086021506 2.5257286443082556 0.013579186259721805
all 0.010752688172043012 0.05129329438755048 5.515407998661343E-4
there 0.005376344086021506 1.2729656758128876 0.006843901482864987
content 0.005376344086021506 0.44628710262841953 0.002399393024883976
head 0.005376344086021506 1.8971199848858813 0.010199569811214417
This 0.005376344086021506 0.3424903089467759 0.001841345747025677
method 0.010752688172043012 0.32850406697203605 0.003532301795398237
be 0.005376344086021506 0.47803580094299974 0.0025700849513064505
validator 0.005376344086021506 2.407945608651872 0.012945944132536946
for 0.005376344086021506 0.083381608939051 4.4828822010242476E-4
An 0.005376344086021506 0.4620354595965586 0.0024840616107341864
invalid 0.005376344086021506 1.3862943611198906 0.007453195489891885
will 0.005376344086021506 0.5447271754416719 0.002928640728181032
still 0.005376344086021506 2.302585092994046 0.012379489747279818
successfully 0.005376344086021506 2.5257286443082556 0.013579186259721805
If 0.010752688172043012 0.616186139423817 0.006625657413159323
recommended 0.005376344086021506 2.5257286443082556 0.013579186259721805
enforced 0.005376344086021506 1.8971199848858813 0.010199569811214417
set 0.005376344086021506 0.4620354595965586 0.0024840616107341864
correctly 0.005376344086021506 2.659260036932778 0.014297096972756872
tidied 0.005376344086021506 3.2188758248682006 0.017305784004667746
test 0.005376344086021506 1.1394342831883648 0.006125990769829919
true 0.005376344086021506 1.1086626245216111 0.005960551744739845
or 0.005376344086021506 0.2613647641344075 0.0014051869039484275
need 0.005376344086021506 1.7147984280919266 0.009219346387591004
removed 0.005376344086021506 1.2378743560016172 0.006655238473126975
false 0.005376344086021506 1.1394342831883648 0.006125990769829919
they 0.005376344086021506 1.2729656758128876 0.006843901482864987
do 0.005376344086021506 0.9162907318741551 0.004926294257387931
Copyright 0.005376344086021506 0.06187540371808745 3.3266346084993257E-4
Jonathan 0.005376344086021506 0.0 0.0
Hedley 0.005376344086021506 0.0 0.0
All 0.010752688172043012 0.05129329438755048 5.515407998661343E-4
rights 0.005376344086021506 0.06187540371808745 3.3266346084993257E-4
reserved 0.005376344086021506 0.06187540371808745 3.3266346084993257E-4
