Whitelist 0.029411764705882353 1.1086626245216111 0.03260772425063562
jsoup 0.0046439628482972135 0.0 0.0
Java 0.0046439628482972135 0.010050335853501506 4.667338631657046E-5
HTML 0.0023219814241486067 0.0 0.0
Parser 7.739938080495357E-4 0.0 0.0
API 7.739938080495357E-4 0.0 0.0
Skip 0.0015479876160990713 0.06187540371808745 9.578235869672982E-5
navigation 0.0015479876160990713 0.06187540371808745 9.578235869672982E-5
links 0.00696594427244582 0.0408219945202552 2.843637389181864E-4
Overview 0.0015479876160990713 0.06187540371808745 9.578235869672982E-5
Package 0.0023219814241486067 0.06187540371808745 1.436735380450947E-4
Class 0.02786377708978328 0.06187540371808745 0.0017240824565411363
Use 0.0030959752321981426 0.010050335853501506 3.111559087771364E-5
Tree 0.0015479876160990713 0.0408219945202552 6.31919419818192E-5
Deprecated 0.03173374613003096 0.06187540371808745 0.001963538353282961
Index 0.0015479876160990713 0.06187540371808745 9.578235869672982E-5
Help 0.0015479876160990713 0.05129329438755048 7.940138450085215E-5
org 0.0023219814241486067 0.05129329438755048 1.191020767512782E-4
safety 0.0023219814241486067 0.9162907318741551 0.00212761005853132
java 0.0046439628482972135 0.010050335853501506 4.667338631657046E-5
lang 0.003869969040247678 0.653926467406664 0.002530675183462322
Object 0.0015479876160990713 0.43078291609245434 6.668466193381646E-4
Safelist 0.030959752321981424 0.9162907318741551 0.028368134113750932
public 0.013157894736842105 0.6931471805599453 0.009120357638946648
class 0.02786377708978328 0.06187540371808745 0.0017240824565411363
extends 7.739938080495357E-4 0.653926467406664 5.061350366924645E-4
As 0.0023219814241486067 0.32850406697203605 7.627803412663376E-4
of 0.015479876160990712 0.1165338162559516 0.0018039290442097772
release 0.0015479876160990713 1.6607312068216509 0.002570791341829181
v 0.0015479876160990713 1.3470736479666094 0.0020852533250257112
this 0.018575851393188854 0.3424903089467759 0.0063620490826026485
is 0.011609907120743035 0.22314355131420976 0.0025906759053507325
deprecated 0.03173374613003096 0.06187540371808745 0.001963538353282961
in 0.015479876160990712 0.1508228897345837 0.002334719655334113
favour 7.739938080495357E-4 2.302585092994046 0.0017821866044845558
The 0.0348297213622291 0.10536051565782635 0.0036696774029428684
name 0.0046439628482972135 0.6931471805599453 0.0032189497549223465
has 0.0015479876160990713 0.7550225842780328 0.001168765610337512
been 7.739938080495357E-4 1.4271163556401458 0.0011045792226316918
changed 7.739938080495357E-4 2.0402208285265546 0.0015791182883332466
with 0.0030959752321981426 0.23572233352106994 7.297905062571826E-4
the 0.0348297213622291 0.10536051565782635 0.0036696774029428684
intent 7.739938080495357E-4 2.8134107167600364 0.0021775624742724742
promoting 7.739938080495357E-4 2.8134107167600364 0.0021775624742724742
more 7.739938080495357E-4 0.7339691750802005 5.680875968113008E-4
inclusive 0.0015479876160990713 2.302585092994046 0.0035643732089691116
language 0.0015479876160990713 1.7719568419318754 0.0027429672475725625
a 0.030959752321981424 0.16251892949777494 0.005031545804884673
drop 7.739938080495357E-4 1.8971199848858813 0.0014683591214287007
replacement 7.739938080495357E-4 2.302585092994046 0.0017821866044845558
and 0.005417956656346749 0.09431067947124142 5.109711736057972E-4
no 7.739938080495357E-4 0.5798184952529422 4.487759251183763E-4
further 7.739938080495357E-4 0.9416085398584451 7.287991794570008E-4
changes 7.739938080495357E-4 1.3862943611198906 0.0010729832516407822
other 7.739938080495357E-4 0.8915981192837835 6.900914235942597E-4
than 7.739938080495357E-4 1.3862943611198906 0.0010729832516407822
updating 7.739938080495357E-4 2.5257286443082556 0.001954898331507938
your 7.739938080495357E-4 1.5141277326297755 0.001171925489651529
code 0.0015479876160990713 0.5108256237659907 7.907517395758371E-4
are 0.0023219814241486067 0.5447271754416719 0.0012648463826045013
required 7.739938080495357E-4 1.3093333199837622 0.0010134158823403732
to 0.02089783281733746 0.17435338714477774 0.0036436079356880796
cleanly 7.739938080495357E-4 2.8134107167600364 0.0021775624742724742
migrate 7.739938080495357E-4 2.407945608651872 0.0018637349912166191
This 0.018575851393188854 0.3424903089467759 0.0063620490826026485
will 0.010061919504643963 0.5447271754416719 0.005481000991286173
be 0.010061919504643963 0.47803580094299974 0.004809957749426468
removed 0.0046439628482972135 1.2378743560016172 0.0057486425201313494
Until 7.739938080495357E-4 1.7719568419318754 0.0013714836237862813
that 0.0030959752321981426 0.22314355131420976 6.908469080935287E-4
acts 7.739938080495357E-4 2.5257286443082556 0.001954898331507938
as 0.0023219814241486067 0.32850406697203605 7.627803412663376E-4
shim 7.739938080495357E-4 2.8134107167600364 0.0021775624742724742
maintain 7.739938080495357E-4 2.0402208285265546 0.0015791182883332466
compatibility 7.739938080495357E-4 1.6607312068216509 0.0012853956709145905
source 7.739938080495357E-4 1.07880966137193 8.349919979658901E-4
binary 7.739938080495357E-4 2.120263536200091 0.001641070848452083
For 0.02089783281733746 0.083381608939051 0.0017424949236488985
clear 7.739938080495357E-4 2.120263536200091 0.001641070848452083
rationale 7.739938080495357E-4 2.8134107167600364 0.0021775624742724742
removal 7.739938080495357E-4 2.8134107167600364 0.0021775624742724742
change 7.739938080495357E-4 0.9162907318741551 7.092033528437733E-4
please 7.739938080495357E-4 1.8971199848858813 0.0014683591214287007
see 0.0015479876160990713 0.3566749439387324 5.521283961899883E-4
Terminology 7.739938080495357E-4 2.8134107167600364 0.0021775624742724742
Power 7.739938080495357E-4 2.5257286443082556 0.001954898331507938
Inclusive 0.0015479876160990713 2.302585092994046 0.0035643732089691116
Language 0.0015479876160990713 1.7719568419318754 0.0027429672475725625
Internet 7.739938080495357E-4 2.120263536200091 0.001641070848452083
Drafts 7.739938080495357E-4 2.8134107167600364 0.0021775624742724742
RFCs 7.739938080495357E-4 2.8134107167600364 0.0021775624742724742
Constructor 0.0023219814241486067 0.6733445532637655 0.0015634935447301056
Summary 0.0015479876160990713 0.6931471805599453 0.0010729832516407822
Constructors 7.739938080495357E-4 0.8915981192837835 6.900914235942597E-4
Description 0.010061919504643963 0.24846135929849972 0.002499998197275926
copy 0.0015479876160990713 2.207274913189721 0.003416834230943841
Method 0.0023219814241486067 0.32850406697203605 7.627803412663376E-4
Modifier 7.739938080495357E-4 0.653926467406664 5.061350366924645E-4
Type 7.739938080495357E-4 0.44628710262841953 3.4542345404676435E-4
addAttributes 0.0046439628482972135 2.120263536200091 0.009846425090712497
String 0.03173374613003096 0.4155154439616658 0.013185861611786608
tag 0.04102167182662539 0.843970070294529 0.03462106325511613
attributes 0.01238390092879257 0.3566749439387324 0.004417027169519906
Add 0.00696594427244582 1.171182981502945 0.008158395381986459
list 0.010835913312693499 0.653926467406664 0.007085890513694502
allowed 0.020123839009287926 1.3862943611198906 0.027897564542660337
addEnforcedAttribute 0.003869969040247678 2.302585092994046 0.008910933022422778
attribute 0.0348297213622291 0.6931471805599453 0.0241421231619176
value 0.003869969040247678 0.5447271754416719 0.002108077304340836
an 0.015479876160990712 0.4620354595965586 0.007152251696541155
enforced 0.006191950464396285 1.8971199848858813 0.011746872971429605
addProtocols 0.005417956656346749 2.302585092994046 0.01247530623139189
protocols 0.007739938080495356 2.120263536200091 0.01641070848452083
URL 0.010061919504643963 1.1086626245216111 0.011155274085743766
for 0.02089783281733746 0.083381608939051 0.0017424949236488985
element 0.010061919504643963 0.7339691750802005 0.00738513875854691
s 0.005417956656346749 0.5447271754416719 0.00295130822607717
addTags 0.0030959752321981426 2.302585092994046 0.007128746417938223
tags 0.008513931888544891 1.3093333199837622 0.011147574705744104
elements 0.0030959752321981426 0.8675005677047231 0.0026857602715316506
safelist 0.030959752321981424 0.9162907318741551 0.028368134113750932
static 0.007739938080495356 0.5621189181535412 0.0043507656203834455
basic 0.0023219814241486067 1.4696759700589417 0.0034125603019944466
basicWithImages 0.0023219814241486067 2.302585092994046 0.005346559813453667
protected 0.0030959752321981426 1.1394342831883648 0.003527660319468622
boolean 0.0046439628482972135 0.653926467406664 0.0030368102201547864
isSafeAttribute 0.0030959752321981426 2.302585092994046 0.007128746417938223
tagName 0.0023219814241486067 2.302585092994046 0.005346559813453667
Element 0.010061919504643963 0.7339691750802005 0.00738513875854691
el 0.0023219814241486067 2.5257286443082556 0.005864694994523813
Attribute 0.0348297213622291 0.6931471805599453 0.0241421231619176
attr 0.0023219814241486067 1.7719568419318754 0.004114450871358844
Test 0.005417956656346749 1.1394342831883648 0.006173405559070088
if 0.010835913312693499 0.616186139423817 0.006676939591279751
supplied 0.0030959752321981426 1.5141277326297755 0.004687701958606116
by 0.003869969040247678 0.27443684570176036 0.0010620620963690416
isSafeTag 0.0030959752321981426 2.8134107167600364 0.008710249897089897
none 0.0023219814241486067 1.7719568419318754 0.004114450871358844
preserveRelativeLinks 0.0030959752321981426 1.8971199848858813 0.005873436485714803
preserve 0.0046439628482972135 1.7719568419318754 0.008228901742717688
Configure 0.0015479876160990713 2.302585092994046 0.0035643732089691116
relative 0.003869969040247678 1.7719568419318754 0.006857418118931406
or 0.0015479876160990713 0.2613647641344075 4.0458941816471755E-4
convert 0.0015479876160990713 2.5257286443082556 0.003909796663015876
them 0.0015479876160990713 1.7719568419318754 0.0027429672475725625
absolute 0.0023219814241486067 1.9661128563728327 0.004565277530277475
relaxed 0.0023219814241486067 2.302585092994046 0.005346559813453667
removeAttributes 0.0046439628482972135 2.302585092994046 0.010693119626907334
Remove 0.00696594427244582 1.4271163556401458 0.009941213003685227
from 0.015479876160990712 0.38566248081198473 0.005970007442909981
removeEnforcedAttribute 0.0030959752321981426 2.302585092994046 0.007128746417938223
previously 0.0015479876160990713 2.120263536200091 0.003282141696904166
configured 0.0015479876160990713 2.302585092994046 0.0035643732089691116
removeProtocols 0.006191950464396285 2.302585092994046 0.014257492835876446
removeTags 0.0030959752321981426 2.302585092994046 0.007128746417938223
simpleText 0.0023219814241486067 2.302585092994046 0.005346559813453667
Methods 7.739938080495357E-4 0.24846135929849972 1.923075536366097E-4
inherited 7.739938080495357E-4 0.9942522733438669 7.695451032073274E-4
clone 7.739938080495357E-4 0.8209805520698303 6.35433863831138E-4
equals 7.739938080495357E-4 0.9942522733438669 7.695451032073274E-4
finalize 7.739938080495357E-4 1.07880966137193 8.349919979658901E-4
getClass 7.739938080495357E-4 1.07880966137193 8.349919979658901E-4
hashCode 7.739938080495357E-4 0.9942522733438669 7.695451032073274E-4
notify 7.739938080495357E-4 1.0498221244986776 8.125558239153852E-4
notifyAll 7.739938080495357E-4 1.07880966137193 8.349919979658901E-4
toString 7.739938080495357E-4 0.9675840262617057 7.489040450941995E-4
wait 0.0023219814241486067 0.9942522733438669 0.002308635309621982
Details 0.0015479876160990713 0.7550225842780328 0.001168765610337512
copied 0.008513931888544891 2.8134107167600364 0.023953187216997213
If 0.010835913312693499 0.616186139423817 0.006676939591279751
not 0.0030959752321981426 0.3424903089467759 0.001060341513767108
it 0.003869969040247678 0.47803580094299974 0.0018499837497794108
Overrides 0.008513931888544891 1.5606477482646683 0.01328724863073634
Parameters 0.008513931888544891 0.5978370007556204 0.005089943504885313
names 0.0015479876160990713 1.6094379124341003 0.0024913899573283287
allow 0.0030959752321981426 1.2729656758128876 0.00394107020375507
Returns 0.008513931888544891 0.9942522733438669 0.0084649961352806
chaining 0.00696594427244582 1.7719568419318754 0.012343352614076531
disallow 7.739938080495357E-4 3.2188758248682006 0.0024913899573283287
on 0.0030959752321981426 0.5447271754416719 0.0016864618434726687
E 0.008513931888544891 0.7765287894989963 0.006611313223288668
g 0.007739938080495356 1.5606477482646683 0.012079316937033038
href 0.00696594427244582 1.5606477482646683 0.010871385243329732
allows 7.739938080495357E-4 1.9661128563728327 0.0015217591767591587
To 0.02089783281733746 0.17435338714477774 0.0036436079356880796
make 0.0023219814241486067 1.5606477482646683 0.003623795081109911
valid 0.0023219814241486067 2.302585092994046 0.005346559813453667
all 0.00696594427244582 0.05129329438755048 3.573062302538346E-4
use 0.0030959752321981426 0.010050335853501506 3.111559087771364E-5
pseudo 0.0015479876160990713 2.8134107167600364 0.0043551249485449485
e 0.008513931888544891 0.7765287894989963 0.006611313223288668
added 0.0023219814241486067 1.6607312068216509 0.0038561870127437714
necessary 0.0015479876160990713 2.407945608651872 0.0037274699824332382
List 0.010835913312693499 0.653926467406664 0.007085890513694502
disallows 7.739938080495357E-4 3.2188758248682006 0.0024913899573283287
invalid 0.0023219814241486067 1.3862943611198906 0.0032189497549223465
An 0.015479876160990712 0.4620354595965586 0.007152251696541155
always 7.739938080495357E-4 2.0402208285265546 0.0015791182883332466
already 7.739938080495357E-4 1.8971199848858813 0.0014683591214287007
set 0.0015479876160990713 0.4620354595965586 7.152251696541155E-4
overridden 7.739938080495357E-4 2.8134107167600364 0.0021775624742724742
rel 0.0015479876160990713 3.2188758248682006 0.004982779914656657
nofollow 0.0015479876160990713 3.2188758248682006 0.004982779914656657
output 7.739938080495357E-4 0.9675840262617057 7.489040450941995E-4
By 0.003869969040247678 0.27443684570176036 0.0010620620963690416
default 0.0015479876160990713 1.0216512475319812 0.0015815034791516738
false 0.0015479876160990713 1.1394342831883648 0.001763830159734311
URLs 0.0015479876160990713 1.6607312068216509 0.002570791341829181
made 7.739938080495357E-4 1.8325814637483102 0.0014184067056875467
start 7.739938080495357E-4 2.0402208285265546 0.0015791182883332466
protocol 0.006191950464396285 2.0402208285265546 0.012632946306665973
like 7.739938080495357E-4 1.171182981502945 9.064883757762734E-4
http 0.0015479876160990713 1.1394342831883648 0.001763830159734311
Note 7.739938080495357E-4 1.3093333199837622 0.0010134158823403732
when 0.0015479876160990713 0.843970070294529 0.0013064552171741935
handling 7.739938080495357E-4 2.120263536200091 0.001641070848452083
input 7.739938080495357E-4 1.0216512475319812 7.907517395758369E-4
document 7.739938080495357E-4 0.40047756659712536 3.099671568089206E-4
must 0.0015479876160990713 1.1086626245216111 0.0017161960131913485
have 7.739938080495357E-4 0.9416085398584451 7.287991794570008E-4
appropriate 7.739938080495357E-4 2.120263536200091 0.001641070848452083
base 0.0015479876160990713 0.9162907318741551 0.0014184067056875467
URI 0.0015479876160990713 1.5606477482646683 0.0024158633874066075
parsing 7.739938080495357E-4 1.2729656758128876 9.852675509387674E-4
so 7.739938080495357E-4 1.3093333199837622 0.0010134158823403732
link 0.0023219814241486067 2.0402208285265546 0.004737354864999739
can 7.739938080495357E-4 0.7339691750802005 5.680875968113008E-4
confirmed 7.739938080495357E-4 3.2188758248682006 0.0024913899573283287
Regardless 7.739938080495357E-4 2.302585092994046 0.0017821866044845558
setting 7.739938080495357E-4 1.6607312068216509 0.0012853956709145905
option 7.739938080495357E-4 2.407945608651872 0.0018637349912166191
resolvable 7.739938080495357E-4 3.2188758248682006 0.0024913899573283287
against 7.739938080495357E-4 1.4271163556401458 0.0011045792226316918
otherwise 7.739938080495357E-4 1.2378743560016172 9.581070866885583E-4
true 0.0023219814241486067 1.1086626245216111 0.0025742940197870227
deny 7.739938080495357E-4 3.2188758248682006 0.0024913899573283287
See 0.0015479876160990713 0.3566749439387324 5.521283961899883E-4
Also 7.739938080495357E-4 0.5108256237659907 3.9537586978791856E-4
restricts 7.739938080495357E-4 3.2188758248682006 0.0024913899573283287
possible 7.739938080495357E-4 1.7719568419318754 0.0013714836237862813
values 7.739938080495357E-4 1.0216512475319812 7.907517395758369E-4
defined 7.739938080495357E-4 1.1394342831883648 8.819150798671555E-4
ftp 0.0015479876160990713 3.2188758248682006 0.004982779914656657
https 7.739938080495357E-4 1.6607312068216509 0.0012853956709145905
page 7.739938080495357E-4 0.843970070294529 6.532276085870968E-4
anchor 0.0015479876160990713 2.8134107167600364 0.0043551249485449485
i 7.739938080495357E-4 1.3093333199837622 0.0010134158823403732
add 0.00696594427244582 1.171182981502945 0.008158395381986459
Tag 0.04102167182662539 0.843970070294529 0.03462106325511613
you 7.739938080495357E-4 0.9162907318741551 7.092033528437733E-4
remove 0.00696594427244582 1.4271163556401458 0.009941213003685227
any 7.739938080495357E-4 0.5978370007556204 4.6272213680775576E-4
test 0.005417956656346749 1.1394342831883648 0.006173405559070088
consider 7.739938080495357E-4 2.5257286443082556 0.001954898331507938
allowing 7.739938080495357E-4 2.407945608651872 0.0018637349912166191
under 0.0015479876160990713 2.407945608651872 0.0037274699824332382
confirm 7.739938080495357E-4 3.2188758248682006 0.0024913899573283287
Copyright 7.739938080495357E-4 0.06187540371808745 4.789117934836491E-5
Jonathan 7.739938080495357E-4 0.0 0.0
Hedley 7.739938080495357E-4 0.0 0.0
All 0.00696594427244582 0.05129329438755048 3.573062302538346E-4
rights 7.739938080495357E-4 0.06187540371808745 4.789117934836491E-5
reserved 7.739938080495357E-4 0.06187540371808745 4.789117934836491E-5
93E-4
rights 0.0038022813688212928 0.06187540371808745 2.3526769474557966E-4
reserved 0.0038022813688212928 0.06187540371808745 2.3526769474557966E-4
