Uses 0.013888888888888888 0.9942522733438669 0.013809059351998151
of 0.03819444444444445 0.1165338162559516 0.004450944370887041
Class 0.017361111111111112 0.06187540371808745 0.0010742257589945738
org 0.03125 0.05129329438755048 0.0016029154496109525
jsoup 0.06597222222222222 0.0 0.0
safety 0.020833333333333332 0.9162907318741551 0.01908939024737823
Whitelist 0.14583333333333334 1.1086626245216111 0.1616799660760683
Java 0.003472222222222222 0.010050335853501506 3.489699949132467E-5
HTML 0.006944444444444444 0.0 0.0
Parser 0.003472222222222222 0.0 0.0
API 0.003472222222222222 0.0 0.0
Skip 0.006944444444444444 0.06187540371808745 4.2969030359782954E-4
navigation 0.006944444444444444 0.06187540371808745 4.2969030359782954E-4
links 0.006944444444444444 0.0408219945202552 2.8348607305732777E-4
Overview 0.006944444444444444 0.06187540371808745 4.2969030359782954E-4
Package 0.010416666666666666 0.06187540371808745 6.445354553967443E-4
Use 0.010416666666666666 0.010050335853501506 1.0469099847397402E-4
Tree 0.006944444444444444 0.0408219945202552 2.8348607305732777E-4
Deprecated 0.07291666666666667 0.06187540371808745 0.004511748187777211
Index 0.006944444444444444 0.06187540371808745 4.2969030359782954E-4
Help 0.006944444444444444 0.05129329438755048 3.5620343324687835E-4
Packages 0.003472222222222222 0.9162907318741551 0.003181565041229705
that 0.006944444444444444 0.22314355131420976 0.0015496079952375676
use 0.010416666666666666 0.010050335853501506 1.0469099847397402E-4
Description 0.013888888888888888 0.24846135929849972 0.0034508522124791626
Contains 0.006944444444444444 0.5798184952529422 0.004026517328145431
the 0.010416666666666666 0.10536051565782635 0.0010975053714356912
main 0.003472222222222222 1.2378743560016172 0.0042981748472278375
Jsoup 0.06597222222222222 0.0 0.0
class 0.017361111111111112 0.06187540371808745 0.0010742257589945738
which 0.003472222222222222 0.7550225842780328 0.002621606195409836
provides 0.003472222222222222 0.843970070294529 0.002930451632967114
convenient 0.003472222222222222 1.6094379124341003 0.005588326084840626
static 0.034722222222222224 0.5621189181535412 0.019518017991442402
access 0.003472222222222222 0.8675005677047231 0.003012154748974733
to 0.003472222222222222 0.17435338714477774 6.053937053638116E-4
functionality 0.003472222222222222 1.0498221244986776 0.0036452157100648527
cleaner 0.006944444444444444 0.9162907318741551 0.00636313008245941
and 0.010416666666666666 0.09431067947124142 9.824029111587646E-4
safelist 0.017361111111111112 0.9162907318741551 0.015907825206148526
definitions 0.003472222222222222 0.7765287894989963 0.002696280519093737
in 0.017361111111111112 0.1508228897345837 0.002618452946780967
Methods 0.006944444444444444 0.24846135929849972 0.0017254261062395813
with 0.006944444444444444 0.23572233352106994 0.0016369606494518745
parameters 0.006944444444444444 0.5978370007556204 0.004151645838580697
type 0.013888888888888888 0.44628710262841953 0.006198431980950271
Modifier 0.006944444444444444 0.653926467406664 0.004541156023657389
Type 0.013888888888888888 0.44628710262841953 0.006198431980950271
Method 0.006944444444444444 0.32850406697203605 0.002281278242861361
String 0.09027777777777778 0.4155154439616658 0.03751181091320594
clean 0.010416666666666666 1.4271163556401458 0.014865795371251518
bodyHtml 0.013888888888888888 2.0402208285265546 0.028336400396202145
baseUri 0.006944444444444444 1.9661128563728327 0.013653561502589116
as 0.017361111111111112 0.32850406697203605 0.005703195607153404
Document 0.003472222222222222 0.40047756659712536 0.0013905471062400185
OutputSettings 0.006944444444444444 1.1394342831883648 0.007912738077696978
outputSettings 0.006944444444444444 1.1394342831883648 0.007912738077696978
boolean 0.006944444444444444 0.653926467406664 0.004541156023657389
isValid 0.003472222222222222 1.7719568419318754 0.006152627923374567
return 0.003472222222222222 1.3470736479666094 0.0046773390554396155
addAttributes 0.003472222222222222 2.120263536200091 0.007362026167361427
tag 0.020833333333333332 0.843970070294529 0.017582709797802687
attributes 0.006944444444444444 0.3566749439387324 0.002476909332907864
addEnforcedAttribute 0.003472222222222222 2.302585092994046 0.007995087128451548
attribute 0.013888888888888888 0.6931471805599453 0.009627044174443685
value 0.003472222222222222 0.5447271754416719 0.0018914138036169163
addProtocols 0.003472222222222222 2.302585092994046 0.007995087128451548
protocols 0.003472222222222222 2.120263536200091 0.007362026167361427
addTags 0.003472222222222222 2.302585092994046 0.007995087128451548
tags 0.006944444444444444 1.3093333199837622 0.009092592499887238
basic 0.003472222222222222 1.4696759700589417 0.005103041562704658
basicWithImages 0.003472222222222222 2.302585092994046 0.007995087128451548
none 0.003472222222222222 1.7719568419318754 0.006152627923374567
preserveRelativeLinks 0.003472222222222222 1.8971199848858813 0.006587222169742643
preserve 0.003472222222222222 1.7719568419318754 0.006152627923374567
relaxed 0.003472222222222222 2.302585092994046 0.007995087128451548
removeAttributes 0.003472222222222222 2.302585092994046 0.007995087128451548
removeEnforcedAttribute 0.003472222222222222 2.302585092994046 0.007995087128451548
removeProtocols 0.006944444444444444 2.302585092994046 0.015990174256903095
removeTags 0.003472222222222222 2.302585092994046 0.007995087128451548
simpleText 0.003472222222222222 2.302585092994046 0.007995087128451548
Constructors 0.003472222222222222 0.8915981192837835 0.0030958268030686926
Constructor 0.003472222222222222 0.6733445532637655 0.0023380019210547413
Cleaner 0.006944444444444444 0.9162907318741551 0.00636313008245941
whitelist 0.14583333333333334 1.1086626245216111 0.1616799660760683
Copyright 0.003472222222222222 0.06187540371808745 2.1484515179891477E-4
Jonathan 0.003472222222222222 0.0 0.0
Hedley 0.003472222222222222 0.0 0.0
All 0.003472222222222222 0.05129329438755048 1.7810171662343917E-4
rights 0.003472222222222222 0.06187540371808745 2.1484515179891477E-4
reserved 0.003472222222222222 0.06187540371808745 2.1484515179891477E-4
