Uses 0.01002004008016032 0.9942522733438669 0.009962447628696061
of 0.028056112224448898 0.1165338162559516 0.0032694858268202858
Class 0.012024048096192385 0.06187540371808745 7.439928302776047E-4
org 0.018036072144288578 0.05129329438755048 9.251295580920928E-4
jsoup 0.03807615230460922 0.0 0.0
safety 0.012024048096192385 0.9162907318741551 0.011017523830150162
Whitelist 0.0841683366733467 1.1086626245216111 0.09331428903789112
Java 0.008016032064128256 0.010050335853501506 8.05638144569259E-5
HTML 0.004008016032064128 0.0 0.0
Parser 0.002004008016032064 0.0 0.0
API 0.012024048096192385 0.0 0.0
Skip 0.004008016032064128 0.06187540371808745 2.479976100925349E-4
navigation 0.004008016032064128 0.06187540371808745 2.479976100925349E-4
links 0.004008016032064128 0.0408219945202552 1.6361520849801682E-4
Overview 0.006012024048096192 0.06187540371808745 3.7199641513880233E-4
Package 0.01603206412825651 0.06187540371808745 9.919904403701395E-4
Use 0.01603206412825651 0.010050335853501506 1.611276289138518E-4
Tree 0.006012024048096192 0.0408219945202552 2.4542281274702525E-4
Deprecated 0.04408817635270541 0.06187540371808745 0.0027279737110178837
Index 0.006012024048096192 0.06187540371808745 3.7199641513880233E-4
Help 0.006012024048096192 0.05129329438755048 3.0837651936403097E-4
Packages 0.002004008016032064 0.9162907318741551 0.0018362539716916934
that 0.012024048096192385 0.22314355131420976 0.0026830887933572316
use 0.01603206412825651 0.010050335853501506 1.611276289138518E-4
Description 0.008016032064128256 0.24846135929849972 0.001991674222833665
Contains 0.006012024048096192 0.5798184952529422 0.003485882736991636
the 0.026052104208416832 0.10536051565782635 0.002744863133370225
main 0.002004008016032064 1.2378743560016172 0.0024807101322677698
Jsoup 0.03807615230460922 0.0 0.0
class 0.012024048096192385 0.06187540371808745 7.439928302776047E-4
which 0.002004008016032064 0.7550225842780328 0.0015130713111784224
provides 0.004008016032064128 0.843970070294529 0.0033826455723227613
convenient 0.002004008016032064 1.6094379124341003 0.003225326477823848
static 0.02004008016032064 0.5621189181535412 0.011264908179429683
access 0.002004008016032064 0.8675005677047231 0.0017384780915926312
to 0.012024048096192385 0.17435338714477774 0.0020964335127628586
functionality 0.002004008016032064 1.0498221244986776 0.0021038519529031612
cleaner 0.004008016032064128 0.9162907318741551 0.003672507943383387
and 0.018036072144288578 0.09431067947124142 0.001700994218920186
safelist 0.01002004008016032 0.9162907318741551 0.009181269858458468
definitions 0.004008016032064128 0.7765287894989963 0.0031123398376713277
in 0.018036072144288578 0.1508228897345837 0.0027202525202630326
Methods 0.004008016032064128 0.24846135929849972 9.958371114168324E-4
with 0.008016032064128256 0.23572233352106994 0.0018895577837360314
parameters 0.004008016032064128 0.5978370007556204 0.0023961402835896606
type 0.008016032064128256 0.44628710262841953 0.0035774517244763085
Modifier 0.004008016032064128 0.653926467406664 0.00262094776515697
Type 0.008016032064128256 0.44628710262841953 0.0035774517244763085
Method 0.004008016032064128 0.32850406697203605 0.0013166495670221883
String 0.052104208416833664 0.4155154439616658 0.021650103292591802
clean 0.006012024048096192 1.4271163556401458 0.008579857849539956
bodyHtml 0.008016032064128256 2.0402208285265546 0.016354475579371176
baseUri 0.004008016032064128 1.9661128563728327 0.00788021184918971
as 0.01002004008016032 0.32850406697203605 0.0032916239175554713
Document 0.002004008016032064 0.40047756659712536 8.02560253701654E-4
OutputSettings 0.004008016032064128 1.1394342831883648 0.004566870874502464
outputSettings 0.004008016032064128 1.1394342831883648 0.004566870874502464
boolean 0.004008016032064128 0.653926467406664 0.00262094776515697
isValid 0.002004008016032064 1.7719568419318754 0.003551015715294339
return 0.002004008016032064 1.3470736479666094 0.0026995463887106398
addAttributes 0.002004008016032064 2.120263536200091 0.004249025122645473
tag 0.012024048096192385 0.843970070294529 0.010147936716968285
attributes 0.004008016032064128 0.3566749439387324 0.0014295588935420134
addEnforcedAttribute 0.002004008016032064 2.302585092994046 0.004614398983956003
attribute 0.008016032064128256 0.6931471805599453 0.005556290024528619
value 0.002004008016032064 0.5447271754416719 0.001091637626135615
addProtocols 0.002004008016032064 2.302585092994046 0.004614398983956003
protocols 0.002004008016032064 2.120263536200091 0.004249025122645473
addTags 0.002004008016032064 2.302585092994046 0.004614398983956003
tags 0.004008016032064128 1.3093333199837622 0.00524782893781067
basic 0.002004008016032064 1.4696759700589417 0.0029452424249678186
basicWithImages 0.002004008016032064 2.302585092994046 0.004614398983956003
none 0.002004008016032064 1.7719568419318754 0.003551015715294339
preserveRelativeLinks 0.002004008016032064 1.8971199848858813 0.0038018436570859343
preserve 0.002004008016032064 1.7719568419318754 0.003551015715294339
relaxed 0.002004008016032064 2.302585092994046 0.004614398983956003
removeAttributes 0.002004008016032064 2.302585092994046 0.004614398983956003
removeEnforcedAttribute 0.002004008016032064 2.302585092994046 0.004614398983956003
removeProtocols 0.004008016032064128 2.302585092994046 0.009228797967912006
removeTags 0.002004008016032064 2.302585092994046 0.004614398983956003
simpleText 0.002004008016032064 2.302585092994046 0.004614398983956003
Constructors 0.002004008016032064 0.8915981192837835 0.0017867697781238144
Constructor 0.002004008016032064 0.6733445532637655 0.001349387882292115
Cleaner 0.004008016032064128 0.9162907318741551 0.003672507943383387
whitelist 0.0841683366733467 1.1086626245216111 0.09331428903789112
Copyright 0.004008016032064128 0.06187540371808745 2.479976100925349E-4
Jonathan 0.002004008016032064 0.0 0.0
Hedley 0.002004008016032064 0.0 0.0
All 0.006012024048096192 0.05129329438755048 3.0837651936403097E-4
rights 0.004008016032064128 0.06187540371808745 2.479976100925349E-4
reserved 0.004008016032064128 0.06187540371808745 2.479976100925349E-4
no 0.004008016032064128 0.5798184952529422 0.0023239218246610908
conflict 0.002004008016032064 2.659260036932778 0.005329178430727009
Close 0.002004008016032064 1.9661128563728327 0.003940105924594855
connection 0.002004008016032064 1.2039728043259361 0.0024127711509537796
The 0.026052104208416832 0.10536051565782635 0.002744863133370225
RowSet 0.002004008016032064 1.6607312068216509 0.003328118650945192
interface 0.002004008016032064 0.653926467406664 0.001310473882578485
may 0.004008016032064128 1.07880966137193 0.004323886418324368
be 0.006012024048096192 0.47803580094299974 0.002873962731120239
implemented 0.002004008016032064 1.0498221244986776 0.0021038519529031612
any 0.004008016032064128 0.5978370007556204 0.0023961402835896606
number 0.002004008016032064 1.2378743560016172 0.0024807101322677698
ways 0.004008016032064128 2.995732273553991 0.012006942980176315
anyone 0.002004008016032064 2.995732273553991 0.006003471490088157
write 0.002004008016032064 2.120263536200091 0.004249025122645473
an 0.002004008016032064 0.4620354595965586 9.259227647225623E-4
implementation 0.002004008016032064 1.3470736479666094 0.0026995463887106398
Developers 0.002004008016032064 1.8971199848858813 0.0038018436570859343
are 0.002004008016032064 0.5447271754416719 0.001091637626135615
encouraged 0.002004008016032064 3.912023005428146 0.007839725461779851
their 0.002004008016032064 1.2729656758128876 0.0025510334184627
imaginations 0.002004008016032064 3.912023005428146 0.007839725461779851
coming 0.002004008016032064 3.2188758248682006 0.006450652955647696
up 0.002004008016032064 1.4271163556401458 0.002859952616513318
new 0.002004008016032064 0.616186139423817 0.0012348419627731802
rowsets 0.002004008016032064 3.912023005428146 0.007839725461779851
IMPORTANT 0.002004008016032064 2.995732273553991 0.006003471490088157
NOTE 0.002004008016032064 1.3093333199837622 0.002623914468905335
Code 0.004008016032064128 0.5108256237659907 0.0020473972896432493
uses 0.01002004008016032 0.9942522733438669 0.009962447628696061
marked 0.002004008016032064 3.506557897319982 0.007027170134909782
Since 0.004008016032064128 1.8971199848858813 0.007603687314171869
must 0.004008016032064128 1.1086626245216111 0.00444353757323291
run 0.002004008016032064 1.1086626245216111 0.002221768786616455
using 0.002004008016032064 0.8209805520698303 0.0016452516073543692
a 0.004008016032064128 0.16251892949777494 6.513784749409817E-4
JDBC 0.006012024048096192 2.407945608651872 0.014476626905722677
technology 0.002004008016032064 1.7147984280919266 0.0034364697957754036
driver 0.004008016032064128 2.207274913189721 0.008846793239237358
implements 0.004008016032064128 0.6931471805599453 0.0027781450122643095
You 0.004008016032064128 0.9162907318741551 0.003672507943383387
check 0.002004008016032064 1.3093333199837622 0.002623914468905335
your 0.002004008016032064 1.5141277326297755 0.0030343241134865237
documentation 0.012024048096192385 0.9416085398584451 0.011321946371043428
sure 0.002004008016032064 2.207274913189721 0.004423396619618679
it 0.002004008016032064 0.47803580094299974 9.579875770400796E-4
particular 0.002004008016032064 2.0402208285265546 0.004088618894842794
features 0.002004008016032064 2.120263536200091 0.004249025122645473
you 0.004008016032064128 0.9162907318741551 0.003672507943383387
want 0.002004008016032064 1.7719568419318754 0.003551015715294339
Specification 0.004008016032064128 1.6607312068216509 0.006656237301890384
Related 0.002004008016032064 1.8971199848858813 0.0038018436570859343
Documentation 0.012024048096192385 0.9416085398584451 0.011321946371043428
Series 0.002004008016032064 2.407945608651872 0.004825542301907558
book 0.002004008016032064 2.659260036932778 0.005329178430727009
published 0.002004008016032064 3.2188758248682006 0.006450652955647696
by 0.002004008016032064 0.27443684570176036 5.499736386808824E-4
Addison 0.002004008016032064 3.912023005428146 0.007839725461779851
Wesley 0.002004008016032064 3.912023005428146 0.007839725461779851
Longman 0.002004008016032064 3.912023005428146 0.007839725461779851
detailed 0.004008016032064128 1.0498221244986776 0.0042077039058063224
information 0.002004008016032064 1.3470736479666094 0.0026995463887106398
about 0.002004008016032064 1.4696759700589417 0.0029452424249678186
classes 0.004008016032064128 0.7133498878774648 0.002859117787084027
interfaces 0.002004008016032064 1.0216512475319812 0.002047397289643249
javax 0.002004008016032064 1.3093333199837622 0.002623914468905335
sql 0.002004008016032064 1.6607312068216509 0.003328118650945192
package 0.01603206412825651 0.06187540371808745 9.919904403701395E-4
JDBCTM 0.002004008016032064 3.912023005428146 0.007839725461779851
Tutorial 0.002004008016032064 2.995732273553991 0.006003471490088157
Reference 0.004008016032064128 0.843970070294529 0.0033826455723227613
Third 0.002004008016032064 2.5257286443082556 0.0050615804495155415
Edition 0.002004008016032064 2.659260036932778 0.005329178430727009
Platform 0.002004008016032064 1.07880966137193 0.002161943209162184
Standard 0.002004008016032064 1.1394342831883648 0.002283435437251232
Ed 0.002004008016032064 1.2729656758128876 0.0025510334184627
Prev 0.002004008016032064 1.2729656758128876 0.0025510334184627
Next 0.002004008016032064 1.171182981502945 0.0023470600831722345
Frames 0.004008016032064128 1.3470736479666094 0.0053990927774212796
No 0.004008016032064128 0.5798184952529422 0.0023239218246610908
Classes 0.004008016032064128 0.7133498878774648 0.002859117787084027
Submit 0.002004008016032064 1.07880966137193 0.002161943209162184
bug 0.002004008016032064 1.1086626245216111 0.002221768786616455
or 0.004008016032064128 0.2613647641344075 0.0010475541648673648
feature 0.002004008016032064 1.1394342831883648 0.002283435437251232
For 0.002004008016032064 0.083381608939051 1.67097412703509E-4
further 0.002004008016032064 0.9416085398584451 0.001886991061840571
reference 0.004008016032064128 0.843970070294529 0.0033826455723227613
developer 0.004008016032064128 1.07880966137193 0.004323886418324368
see 0.004008016032064128 0.3566749439387324 0.0014295588935420134
SE 0.002004008016032064 1.1086626245216111 0.002221768786616455
That 0.012024048096192385 0.22314355131420976 0.0026830887933572316
contains 0.006012024048096192 0.5798184952529422 0.003485882736991636
more 0.002004008016032064 0.7339691750802005 0.0014708801103811633
targeted 0.002004008016032064 1.171182981502945 0.0023470600831722345
descriptions 0.002004008016032064 1.0498221244986776 0.0021038519529031612
conceptual 0.002004008016032064 1.171182981502945 0.0023470600831722345
overviews 0.002004008016032064 1.171182981502945 0.0023470600831722345
terms 0.004008016032064128 1.0216512475319812 0.004094794579286498
workarounds 0.002004008016032064 1.171182981502945 0.0023470600831722345
working 0.002004008016032064 0.9942522733438669 0.001992489525739212
code 0.004008016032064128 0.5108256237659907 0.0020473972896432493
examples 0.002004008016032064 0.7985076962177716 0.0016002158240837104
Oracle 0.002004008016032064 0.8915981192837835 0.0017867697781238144
its 0.002004008016032064 0.8675005677047231 0.0017384780915926312
affiliates 0.002004008016032064 1.171182981502945 0.0023470600831722345
is 0.002004008016032064 0.22314355131420976 4.4718146555953857E-4
subject 0.002004008016032064 1.1394342831883648 0.002283435437251232
license 0.002004008016032064 1.1086626245216111 0.002221768786616455
Also 0.002004008016032064 0.5108256237659907 0.0010236986448216247
redistribution 0.002004008016032064 1.171182981502945 0.0023470600831722345
policy 0.002004008016032064 1.0216512475319812 0.002047397289643249
Scripting 0.002004008016032064 1.0216512475319812 0.002047397289643249
on 0.002004008016032064 0.5447271754416719 0.001091637626135615
this 0.002004008016032064 0.3424903089467759 6.86353324542637E-4
page 0.004008016032064128 0.843970070294529 0.0033826455723227613
tracks 0.002004008016032064 1.07880966137193 0.002161943209162184
web 0.002004008016032064 0.8209805520698303 0.0016452516073543692
traffic 0.002004008016032064 1.1086626245216111 0.002221768786616455
but 0.002004008016032064 0.8209805520698303 0.0016452516073543692
does 0.002004008016032064 0.7339691750802005 0.0014708801103811633
not 0.002004008016032064 0.3424903089467759 6.86353324542637E-4
change 0.002004008016032064 0.9162907318741551 0.0018362539716916934
content 0.002004008016032064 0.44628710262841953 8.943629311190771E-4
way 0.002004008016032064 1.1086626245216111 0.002221768786616455
