Uses 0.01098901098901099 0.9942522733438669 0.010925849157624911
of 0.01098901098901099 0.1165338162559516 0.0012805913874280397
Class 0.02197802197802198 0.06187540371808745 0.001359898982815109
org 0.01098901098901099 0.05129329438755048 5.636625756873679E-4
jsoup 0.02197802197802198 0.0 0.0
safety 0.01098901098901099 0.9162907318741551 0.010069128921694013
Whitelist 0.02197802197802198 1.1086626245216111 0.0243662115279475
Java 0.01098901098901099 0.010050335853501506 1.104432511373792E-4
HTML 0.01098901098901099 0.0 0.0
Parser 0.01098901098901099 0.0 0.0
API 0.01098901098901099 0.0 0.0
Skip 0.01098901098901099 0.06187540371808745 6.799494914075545E-4
navigation 0.01098901098901099 0.06187540371808745 6.799494914075545E-4
links 0.01098901098901099 0.0408219945202552 4.485933463764308E-4
Overview 0.01098901098901099 0.06187540371808745 6.799494914075545E-4
Package 0.01098901098901099 0.06187540371808745 6.799494914075545E-4
Use 0.02197802197802198 0.010050335853501506 2.208865022747584E-4
Tree 0.01098901098901099 0.0408219945202552 4.485933463764308E-4
Deprecated 0.01098901098901099 0.06187540371808745 6.799494914075545E-4
Index 0.01098901098901099 0.06187540371808745 6.799494914075545E-4
Help 0.01098901098901099 0.05129329438755048 5.636625756873679E-4
Packages 0.01098901098901099 0.9162907318741551 0.010069128921694013
that 0.01098901098901099 0.22314355131420976 0.002452126937518789
use 0.02197802197802198 0.010050335853501506 2.208865022747584E-4
Description 0.01098901098901099 0.24846135929849972 0.002730344607675821
Contains 0.01098901098901099 0.5798184952529422 0.006371631815966398
the 0.01098901098901099 0.10536051565782635 0.0011578078643717181
main 0.01098901098901099 1.2378743560016172 0.013603014901116674
Jsoup 0.02197802197802198 0.0 0.0
class 0.02197802197802198 0.06187540371808745 0.001359898982815109
which 0.01098901098901099 0.7550225842780328 0.008296951475582778
provides 0.01098901098901099 0.843970070294529 0.009274396376862956
convenient 0.01098901098901099 1.6094379124341003 0.017686130905869235
static 0.01098901098901099 0.5621189181535412 0.006177130968720234
access 0.01098901098901099 0.8675005677047231 0.009532973271480474
to 0.01098901098901099 0.17435338714477774 0.0019159712873052502
functionality 0.01098901098901099 1.0498221244986776 0.011536506862622833
cleaner 0.02197802197802198 0.9162907318741551 0.020138257843388026
and 0.01098901098901099 0.09431067947124142 0.001036381093090565
safelist 0.01098901098901099 0.9162907318741551 0.010069128921694013
definitions 0.01098901098901099 0.7765287894989963 0.008533283401087872
in 0.01098901098901099 0.1508228897345837 0.001657394392687733
Methods 0.01098901098901099 0.24846135929849972 0.002730344607675821
with 0.01098901098901099 0.23572233352106994 0.002590355313418351
parameters 0.01098901098901099 0.5978370007556204 0.0065696373709408845
type 0.02197802197802198 0.44628710262841953 0.009808507750075156
Modifier 0.01098901098901099 0.653926467406664 0.007186005136336968
Type 0.02197802197802198 0.44628710262841953 0.009808507750075156
Method 0.01098901098901099 0.32850406697203605 0.0036099348018905062
String 0.01098901098901099 0.4155154439616658 0.004566103779798525
clean 0.01098901098901099 1.4271163556401458 0.01568259731472688
bodyHtml 0.01098901098901099 2.0402208285265546 0.022420009104687416
baseUri 0.01098901098901099 1.9661128563728327 0.021605635784316846
as 0.01098901098901099 0.32850406697203605 0.0036099348018905062
Document 0.01098901098901099 0.40047756659712536 0.004400852380188191
OutputSettings 0.02197802197802198 1.1394342831883648 0.025042511718425604
outputSettings 0.02197802197802198 1.1394342831883648 0.025042511718425604
boolean 0.01098901098901099 0.653926467406664 0.007186005136336968
isValid 0.01098901098901099 1.7719568419318754 0.01947205320804259
return 0.01098901098901099 1.3470736479666094 0.014803007120512192
addAttributes 0.01098901098901099 2.120263536200091 0.0232995992989021
tag 0.01098901098901099 0.843970070294529 0.009274396376862956
attributes 0.01098901098901099 0.3566749439387324 0.003919504878447609
addEnforcedAttribute 0.01098901098901099 2.302585092994046 0.02530313289004446
attribute 0.01098901098901099 0.6931471805599453 0.007617001984175224
value 0.01098901098901099 0.5447271754416719 0.0059860129169414505
addProtocols 0.01098901098901099 2.302585092994046 0.02530313289004446
protocols 0.01098901098901099 2.120263536200091 0.0232995992989021
addTags 0.01098901098901099 2.302585092994046 0.02530313289004446
tags 0.01098901098901099 1.3093333199837622 0.014388278241579806
basic 0.01098901098901099 1.4696759700589417 0.016150285385263096
basicWithImages 0.01098901098901099 2.302585092994046 0.02530313289004446
none 0.01098901098901099 1.7719568419318754 0.01947205320804259
preserveRelativeLinks 0.01098901098901099 1.8971199848858813 0.02084747236138331
preserve 0.01098901098901099 1.7719568419318754 0.01947205320804259
relaxed 0.01098901098901099 2.302585092994046 0.02530313289004446
removeAttributes 0.01098901098901099 2.302585092994046 0.02530313289004446
removeEnforcedAttribute 0.01098901098901099 2.302585092994046 0.02530313289004446
removeProtocols 0.01098901098901099 2.302585092994046 0.02530313289004446
removeTags 0.01098901098901099 2.302585092994046 0.02530313289004446
simpleText 0.01098901098901099 2.302585092994046 0.02530313289004446
Constructors 0.01098901098901099 0.8915981192837835 0.009797781530591028
Constructor 0.01098901098901099 0.6733445532637655 0.007399390695206215
Cleaner 0.02197802197802198 0.9162907318741551 0.020138257843388026
whitelist 0.02197802197802198 1.1086626245216111 0.0243662115279475
Copyright 0.01098901098901099 0.06187540371808745 6.799494914075545E-4
Jonathan 0.01098901098901099 0.0 0.0
Hedley 0.01098901098901099 0.0 0.0
All 0.01098901098901099 0.05129329438755048 5.636625756873679E-4
rights 0.01098901098901099 0.06187540371808745 6.799494914075545E-4
reserved 0.01098901098901099 0.06187540371808745 6.799494914075545E-4
