Jsoup 0.006893382352941176 0.0 0.0
jsoup 0.006893382352941176 0.0 0.0
Java 0.0013786764705882354 0.010050335853501506 1.3856161562731857E-5
HTML 0.051470588235294115 0.0 0.0
Parser 0.016544117647058824 0.0 0.0
API 4.5955882352941176E-4 0.0 0.0
Skip 9.191176470588235E-4 0.06187540371808745 5.687077547618332E-5
navigation 9.191176470588235E-4 0.06187540371808745 5.687077547618332E-5
links 0.0027573529411764708 0.0408219945202552 1.1256064665511545E-4
Overview 9.191176470588235E-4 0.06187540371808745 5.687077547618332E-5
Package 0.0013786764705882354 0.06187540371808745 8.530616321427498E-5
Class 0.002297794117647059 0.06187540371808745 1.421769386904583E-4
Use 0.009191176470588236 0.010050335853501506 9.237441041821238E-5
Tree 0.0013786764705882354 0.0408219945202552 5.6280323327557724E-5
Deprecated 0.006433823529411764 0.06187540371808745 3.9809542833328323E-4
Index 9.191176470588235E-4 0.06187540371808745 5.687077547618332E-5
Help 9.191176470588235E-4 0.05129329438755048 4.7144572047380956E-5
org 0.001838235294117647 0.05129329438755048 9.428914409476191E-5
java 0.0013786764705882354 0.010050335853501506 1.3856161562731857E-5
lang 9.191176470588235E-4 0.653926467406664 6.010353560723015E-4
Object 0.0013786764705882354 0.43078291609245434 5.939102703480529E-4
public 0.011029411764705883 0.6931471805599453 0.007645005667940573
class 0.002297794117647059 0.06187540371808745 1.421769386904583E-4
extends 4.5955882352941176E-4 0.653926467406664 3.0051767803615075E-4
The 0.03814338235294118 0.10536051565782635 0.004018806433639516
core 4.5955882352941176E-4 1.171182981502945 5.382274731171623E-4
access 4.5955882352941176E-4 0.8675005677047231 3.9866754030547935E-4
point 4.5955882352941176E-4 1.7719568419318754 8.143184016231045E-4
to 0.03216911764705882 0.17435338714477774 0.005608794623223549
the 0.03814338235294118 0.10536051565782635 0.004018806433639516
functionality 4.5955882352941176E-4 1.0498221244986776 4.8245502044975996E-4
Author 4.5955882352941176E-4 2.120263536200091 9.743858162684242E-4
Jonathan 9.191176470588235E-4 0.0 0.0
Hedley 9.191176470588235E-4 0.0 0.0
Method 0.0027573529411764708 0.32850406697203605 9.05801655253776E-4
Summary 4.5955882352941176E-4 0.6931471805599453 3.185419028308572E-4
Modifier 4.5955882352941176E-4 0.653926467406664 3.0051767803615075E-4
and 0.015165441176470588 0.09431067947124142 0.001430263061834084
Type 0.0013786764705882354 0.44628710262841953 6.15285527520799E-4
Description 4.5955882352941176E-4 0.24846135929849972 1.14182609971737E-4
static 0.02022058823529412 0.5621189181535412 0.011366375183251752
String 0.04090073529411765 0.4155154439616658 0.01699488718409387
clean 0.012867647058823529 1.4271163556401458 0.018363629576251875
bodyHtml 0.011948529411764705 2.0402208285265546 0.024377638576144493
baseUri 0.014246323529411764 1.9661128563728327 0.028009879847223258
Safelist 0.017922794117647058 0.9162907318741551 0.016422490139288624
safelist 0.017922794117647058 0.9162907318741551 0.016422490139288624
Get 0.004595588235294118 0.6733445532637655 0.0030944143072783345
safe 0.009650735294117647 1.3093333199837622 0.012636029282931529
from 0.009650735294117647 0.38566248081198473 0.003721926515189191
untrusted 0.004136029411764706 2.0402208285265546 0.008438413353280787
input 0.011488970588235295 1.0216512475319812 0.011737721134328829
by 0.004136029411764706 0.27443684570176036 0.0011350788654944132
parsing 0.004136029411764706 1.2729656758128876 0.005265023475329039
filtering 0.0027573529411764708 2.120263536200091 0.005846314897610546
it 0.009191176470588236 0.47803580094299974 0.004393711405726101
through 0.003216911764705882 1.2378743560016172 0.00398213257904932
an 0.00505514705882353 0.4620354595965586 0.002335657194651721
allow 9.191176470588235E-4 1.2729656758128876 0.0011700052167397863
list 0.004136029411764706 0.653926467406664 0.002704659102325357
of 0.017922794117647058 0.1165338162559516 0.0020886115964991324
tags 0.004595588235294118 1.3093333199837622 0.006017156801395966
attributes 0.00505514705882353 0.3566749439387324 0.0018030442938079304
Document 0.02619485294117647 0.40047756659712536 0.010490450963251905
OutputSettings 0.004595588235294118 1.1394342831883648 0.005236370786711236
outputSettings 0.004595588235294118 1.1394342831883648 0.005236370786711236
a 0.02389705882352941 0.16251892949777494 0.0038837244181453567
permitted 0.003216911764705882 2.659260036932778 0.008554604898221251
Whitelist 0.003676470588235294 1.1086626245216111 0.004075965531329453
as 0.011948529411764705 0.32850406697203605 0.003925140506099695
Connection 0.008272058823529412 1.2039728043259361 0.00995933385931381
connect 0.003676470588235294 1.7719568419318754 0.006514547212984836
url 0.014246323529411764 1.1086626245216111 0.015794366433901627
Creates 0.001838235294117647 1.7147984280919266 0.0031522029928160414
new 0.001838235294117647 0.616186139423817 0.0011326951092349576
session 0.004595588235294118 1.9661128563728327 0.009035445112007504
with 0.003676470588235294 0.23572233352106994 8.666262261804042E-4
defined 9.191176470588235E-4 1.1394342831883648 0.001047274157342247
request 0.001838235294117647 1.2378743560016172 0.002275504330885326
URL 0.014246323529411764 1.1086626245216111 0.015794366433901627
boolean 0.002297794117647059 0.653926467406664 0.0015025883901807538
isValid 0.003216911764705882 1.7719568419318754 0.005700228811361731
Test 0.001838235294117647 1.1394342831883648 0.002094548314684494
if 0.012867647058823529 0.616186139423817 0.007928865764644704
body 0.009650735294117647 1.6607312068216509 0.0160272772717163
has 9.191176470588235E-4 0.7550225842780328 6.939545811378978E-4
only 9.191176470588235E-4 0.843970070294529 7.757077851971774E-4
allowed 9.191176470588235E-4 1.3862943611198906 0.0012741676113234288
newSession 0.002297794117647059 2.659260036932778 0.006110432070158038
use 0.009191176470588236 0.010050335853501506 9.237441041821238E-5
parse 0.02803308823529412 1.4696759700589417 0.04119955614595379
File 0.016544117647058824 0.8915981192837835 0.014750704179327301
file 0.016544117647058824 0.8915981192837835 0.014750704179327301
charsetName 0.009191176470588236 2.995732273553991 0.02753430398487124
Parse 0.02803308823529412 1.4696759700589417 0.04119955614595379
contents 0.00505514705882353 1.1394342831883648 0.005760007865382359
parser 0.016544117647058824 0.0 0.0
InputStream 0.001838235294117647 1.5141277326297755 0.0027833230379223813
in 0.0055147058823529415 0.1508228897345837 8.317438772127777E-4
Read 0.0059742647058823525 1.2729656758128876 0.007605033908808611
stream 0.0027573529411764708 1.3862943611198906 0.0038225028339702867
html 0.051470588235294115 0.0 0.0
into 0.003676470588235294 0.8915981192837835 0.0032779342620727334
using 0.001838235294117647 0.8209805520698303 0.0015091554265989529
provided 0.002297794117647059 1.5141277326297755 0.003479153797402977
int 9.191176470588235E-4 1.07880966137193 9.915529975844945E-4
timeoutMillis 0.0013786764705882354 2.995732273553991 0.004130145597730686
Fetch 0.001838235294117647 1.8971199848858813 0.003487352913393164
parseBodyFragment 0.0027573529411764708 2.659260036932778 0.0073325184841896455
fragment 0.006433823529411764 1.7719568419318754 0.011400457622723462
assumption 0.001838235294117647 2.659260036932778 0.00488834565612643
that 0.003676470588235294 0.22314355131420976 8.203807033610652E-4
forms 0.001838235294117647 2.120263536200091 0.0038975432650736968
Methods 4.5955882352941176E-4 0.24846135929849972 1.14182609971737E-4
inherited 4.5955882352941176E-4 0.9942522733438669 4.569174050293506E-4
clone 4.5955882352941176E-4 0.8209805520698303 3.772888566497382E-4
equals 4.5955882352941176E-4 0.9942522733438669 4.569174050293506E-4
finalize 4.5955882352941176E-4 1.07880966137193 4.957764987922473E-4
getClass 4.5955882352941176E-4 1.07880966137193 4.957764987922473E-4
hashCode 4.5955882352941176E-4 0.9942522733438669 4.569174050293506E-4
notify 4.5955882352941176E-4 1.0498221244986776 4.8245502044975996E-4
notifyAll 4.5955882352941176E-4 1.07880966137193 4.957764987922473E-4
toString 4.5955882352941176E-4 0.9675840262617057 4.4466177677468093E-4
wait 0.0013786764705882354 0.9942522733438669 0.0013707522150880518
Details 4.5955882352941176E-4 0.7550225842780328 3.469772905689489E-4
will 0.002297794117647059 0.5447271754416719 0.0012516708994523712
make 0.0013786764705882354 1.5606477482646683 0.0021516283294090097
sensible 4.5955882352941176E-4 2.302585092994046 0.0010581732964127049
balanced 4.5955882352941176E-4 2.659260036932778 0.0012220864140316074
document 0.02619485294117647 0.40047756659712536 0.010490450963251905
tree 0.0013786764705882354 0.0408219945202552 5.6280323327557724E-5
out 9.191176470588235E-4 0.9675840262617057 8.893235535493619E-4
any 4.5955882352941176E-4 0.5978370007556204 2.74741268729605E-4
Parameters 0.0078125 0.5978370007556204 0.004670601568403284
where 0.0027573529411764708 1.4271163556401458 0.003935063480625402
was 0.0027573529411764708 1.3862943611198906 0.0038225028339702867
retrieved 0.0027573529411764708 2.407945608651872 0.006639555906209206
Used 0.002297794117647059 0.6348782724359695 0.0014588195598252975
resolve 0.004595588235294118 2.0402208285265546 0.009376014836978652
relative 0.00505514705882353 1.7719568419318754 0.00895750241785415
URLs 0.004595588235294118 1.6607312068216509 0.007632036796055381
absolute 0.001838235294117647 1.9661128563728327 0.003614178044803001
occur 9.191176470588235E-4 2.120263536200091 0.0019487716325368484
before 0.0013786764705882354 1.8325814637483102 0.0025265369445059424
declares 0.0013786764705882354 2.995732273553991 0.004130145597730686
base 0.004595588235294118 0.9162907318741551 0.004210894907509904
href 0.003216911764705882 1.5606477482646683 0.005020466101954356
tag 0.0055147058823529415 0.843970070294529 0.004654246711183065
Returns 0.008272058823529412 0.9942522733438669 0.00822451329052831
sane 0.00505514705882353 2.995732273553991 0.015143867191679183
You 0.0027573529411764708 0.9162907318741551 0.0025265369445059424
can 0.001838235294117647 0.7339691750802005 0.0013492080424268391
provide 0.0013786764705882354 1.3862943611198906 0.0019112514169851433
alternate 0.003216911764705882 1.9661128563728327 0.006324811578405252
such 0.0013786764705882354 1.5141277326297755 0.0020874922784417864
simple 0.0013786764705882354 1.4271163556401458 0.001967531740312701
XML 0.0013786764705882354 1.2039728043259361 0.0016598889765523017
non 0.0013786764705882354 1.8971199848858813 0.0026155146850448735
As 0.011948529411764705 0.32850406697203605 0.003925140506099695
no 0.0013786764705882354 0.5798184952529422 7.993821166171079E-4
URI 0.0013786764705882354 1.5606477482646683 0.0021516283294090097
is 0.01011029411764706 0.22314355131420976 0.00225604693424293
specified 9.191176470588235E-4 0.9675840262617057 8.893235535493619E-4
resolution 9.191176470588235E-4 2.659260036932778 0.002444172828063215
required 9.191176470588235E-4 1.3093333199837622 0.0012034313602791932
relies 9.191176470588235E-4 2.659260036932778 0.002444172828063215
on 9.191176470588235E-4 0.5447271754416719 5.006683597809484E-4
including 9.191176470588235E-4 1.0498221244986776 9.649100408995199E-4
See 0.004595588235294118 0.3566749439387324 0.0016391311761890276
Also 0.004595588235294118 0.5108256237659907 0.002347544226865766
fetch 0.001838235294117647 1.8971199848858813 0.003487352913393164
page 9.191176470588235E-4 0.843970070294529 7.757077851971774E-4
examples 9.191176470588235E-4 0.7985076962177716 7.3392251490604E-4
doc 0.001838235294117647 1.8325814637483102 0.003368715926007923
http 0.0055147058823529415 1.1394342831883648 0.006283644944053483
example 0.0013786764705882354 1.0498221244986776 0.00144736506134928
com 9.191176470588235E-4 1.8325814637483102 0.0016843579630039616
userAgent 9.191176470588235E-4 2.407945608651872 0.002213185302069735
Mozilla 4.5955882352941176E-4 2.5257286443082556 0.0011607208843328381
data 0.0013786764705882354 0.5978370007556204 8.242238061888149E-4
name 4.5955882352941176E-4 0.6931471805599453 3.185419028308572E-4
get 0.004595588235294118 0.6733445532637655 0.0030944143072783345
cookie 4.5955882352941176E-4 2.207274913189721 0.0010143726623114528
auth 4.5955882352941176E-4 2.0402208285265546 9.376014836978651E-4
token 4.5955882352941176E-4 2.407945608651872 0.0011065926510348675
post 4.5955882352941176E-4 1.7719568419318754 8.143184016231045E-4
protocol 9.191176470588235E-4 2.0402208285265546 0.0018752029673957302
must 9.191176470588235E-4 1.1086626245216111 0.0010189913828323632
be 0.0055147058823529415 0.47803580094299974 0.0026362268434356605
or 0.012408088235294117 0.2613647641344075 0.0032430370549765635
https 0.002297794117647059 1.6607312068216509 0.0038160183980276907
connection 0.008272058823529412 1.2039728043259361 0.00995933385931381
add 9.191176470588235E-4 1.171182981502945 0.0010764549462343245
cookies 9.191176470588235E-4 2.207274913189721 0.0020287453246229056
headers 4.5955882352941176E-4 2.207274913189721 0.0010143726623114528
set 0.0059742647058823525 0.4620354595965586 0.002760322139133852
user 9.191176470588235E-4 1.0216512475319812 9.390176907463063E-4
agent 9.191176470588235E-4 2.407945608651872 0.002213185302069735
referrer 4.5955882352941176E-4 2.407945608651872 0.0011065926510348675
method 0.0027573529411764708 0.32850406697203605 9.05801655253776E-4
then 4.5955882352941176E-4 1.2378743560016172 5.688760827213315E-4
execute 4.5955882352941176E-4 2.120263536200091 9.743858162684242E-4
newRequest 0.002297794117647059 2.407945608651872 0.005532963255174338
settings 9.191176470588235E-4 1.171182981502945 0.0010764549462343245
timeouts 4.5955882352941176E-4 2.995732273553991 0.001376715199243562
etc 9.191176470588235E-4 1.8971199848858813 0.001743676456696582
maintained 4.5955882352941176E-4 2.407945608651872 0.0011065926510348675
for 0.001838235294117647 0.083381608939051 1.5327501643207903E-4
timeout 9.191176470588235E-4 1.8971199848858813 0.001743676456696582
FooBar 4.5955882352941176E-4 2.995732273553991 0.001376715199243562
ref 4.5955882352941176E-4 2.120263536200091 9.743858162684242E-4
en 4.5955882352941176E-4 2.5257286443082556 0.0011607208843328381
wikipedia 4.5955882352941176E-4 2.302585092994046 0.0010581732964127049
wiki 4.5955882352941176E-4 2.995732273553991 0.001376715199243562
Main 4.5955882352941176E-4 1.2378743560016172 5.688760827213315E-4
Page 9.191176470588235E-4 0.843970070294529 7.757077851971774E-4
con 4.5955882352941176E-4 2.995732273553991 0.001376715199243562
For 0.001838235294117647 0.083381608939051 1.5327501643207903E-4
multi 4.5955882352941176E-4 1.8325814637483102 8.421789815019808E-4
threaded 4.5955882352941176E-4 2.995732273553991 0.001376715199243562
requests 4.5955882352941176E-4 1.5606477482646683 7.172094431363366E-4
this 9.191176470588235E-4 0.3424903089467759 3.147888868996102E-4
between 9.191176470588235E-4 1.7147984280919266 0.0015761014964080207
threads 9.191176470588235E-4 2.302585092994046 0.0021163465928254097
but 4.5955882352941176E-4 0.8209805520698303 3.772888566497382E-4
take 9.191176470588235E-4 2.120263536200091 0.0019487716325368484
care 4.5955882352941176E-4 2.8134107167600364 0.0012929277190992813
call 4.5955882352941176E-4 2.120263536200091 9.743858162684242E-4
per 4.5955882352941176E-4 1.7147984280919266 7.880507482040103E-4
not 0.0055147058823529415 0.3424903089467759 0.0018887333213976614
share 4.5955882352941176E-4 2.207274913189721 0.0010143726623114528
instance 4.5955882352941176E-4 1.7719568419318754 8.143184016231045E-4
when 4.5955882352941176E-4 0.843970070294529 3.878538925985887E-4
executing 4.5955882352941176E-4 2.659260036932778 0.0012220864140316074
Since 9.191176470588235E-4 1.8971199848858813 0.001743676456696582
Nullable 0.002297794117647059 1.6607312068216509 0.0038160183980276907
throws 0.0055147058823529415 1.6094379124341003 0.008875576722982172
IOException 0.0059742647058823525 1.4696759700589417 0.008780233277006545
load 0.0013786764705882354 1.8971199848858813 0.0026155146850448735
Supports 0.0013786764705882354 1.5606477482646683 0.0021516283294090097
gzipped 0.0013786764705882354 2.995732273553991 0.004130145597730686
files 0.0013786764705882354 1.8325814637483102 0.0025265369445059424
ending 0.0013786764705882354 2.659260036932778 0.0036662592420948228
z 0.0013786764705882354 2.302585092994046 0.0031745198892381148
gz 0.0013786764705882354 2.995732273553991 0.004130145597730686
optional 0.002297794117647059 2.120263536200091 0.004871929081342121
character 0.0027573529411764708 1.3093333199837622 0.00361029408083758
Set 0.0059742647058823525 0.4620354595965586 0.002760322139133852
null 0.002297794117647059 1.2039728043259361 0.0027664816275871696
determine 0.002297794117647059 1.8325814637483102 0.004210894907509904
equiv 0.0027573529411764708 2.995732273553991 0.008260291195461372
meta 0.0027573529411764708 2.407945608651872 0.006639555906209206
present 0.002297794117647059 1.7719568419318754 0.004071592008115523
fall 0.002297794117647059 2.995732273553991 0.00688357599621781
back 0.0027573529411764708 1.7719568419318754 0.004885910409738627
UTF 0.0027573529411764708 2.407945608651872 0.006639555906209206
which 0.002297794117647059 0.7550225842780328 0.0017348864528447445
often 0.002297794117647059 2.8134107167600364 0.006464638595496407
do 0.002297794117647059 0.9162907318741551 0.002105447453754952
against 0.004136029411764706 1.4271163556401458 0.005902595220938103
Throws 0.0055147058823529415 1.6094379124341003 0.008875576722982172
could 0.002297794117647059 2.407945608651872 0.005532963255174338
found 0.002297794117647059 1.5141277326297755 0.003479153797402977
read 0.0059742647058823525 1.2729656758128876 0.007605033908808611
invalid 0.002297794117647059 1.3862943611198906 0.003185419028308572
location 4.5955882352941176E-4 1.7147984280919266 7.880507482040103E-4
used 0.002297794117647059 0.6348782724359695 0.0014588195598252975
qualify 4.5955882352941176E-4 2.995732273553991 0.001376715199243562
Make 0.0013786764705882354 1.5606477482646683 0.0021516283294090097
sure 9.191176470588235E-4 2.207274913189721 0.0020287453246229056
close 9.191176470588235E-4 1.9661128563728327 0.0018070890224015006
after 9.191176470588235E-4 1.5606477482646683 0.0014344188862726731
Provided 0.002297794117647059 1.5141277326297755 0.003479153797402977
compatibility 4.5955882352941176E-4 1.6607312068216509 7.63203679605538E-4
most 4.5955882352941176E-4 1.8325814637483102 8.421789815019808E-4
cases 4.5955882352941176E-4 1.6607312068216509 7.63203679605538E-4
instead 0.003216911764705882 1.6607312068216509 0.005342425757238766
encoding 4.5955882352941176E-4 1.6607312068216509 7.63203679605538E-4
determined 4.5955882352941176E-4 2.659260036932778 0.0012220864140316074
content 4.5955882352941176E-4 0.44628710262841953 2.050951758402663E-4
type 0.0013786764705882354 0.44628710262841953 6.15285527520799E-4
header 4.5955882352941176E-4 2.0402208285265546 9.376014836978651E-4
falls 4.5955882352941176E-4 2.995732273553991 0.001376715199243562
GET 0.004595588235294118 0.6733445532637655 0.0030944143072783345
milliseconds 4.5955882352941176E-4 2.207274913189721 0.0010143726623114528
If 0.012867647058823529 0.616186139423817 0.007928865764644704
exceeded 4.5955882352941176E-4 2.995732273553991 0.001376715199243562
thrown 4.5955882352941176E-4 1.8971199848858813 8.71838228348291E-4
parsed 4.5955882352941176E-4 2.407945608651872 0.0011065926510348675
MalformedURLException 4.5955882352941176E-4 2.302585092994046 0.0010581732964127049
HTTP 0.0055147058823529415 1.1394342831883648 0.006283644944053483
HTTPS 0.002297794117647059 1.6607312068216509 0.0038160183980276907
otherwise 9.191176470588235E-4 1.2378743560016172 0.001137752165442663
malformed 4.5955882352941176E-4 2.407945608651872 0.0011065926510348675
HttpStatusException 4.5955882352941176E-4 1.6607312068216509 7.63203679605538E-4
response 0.0013786764705882354 1.2729656758128876 0.0017550078251096796
OK 4.5955882352941176E-4 2.0402208285265546 9.376014836978651E-4
errors 9.191176470588235E-4 2.0402208285265546 0.0018752029673957302
are 9.191176470588235E-4 0.5447271754416719 5.006683597809484E-4
ignored 9.191176470588235E-4 2.5257286443082556 0.0023214417686656763
UnsupportedMimeTypeException 4.5955882352941176E-4 1.7719568419318754 8.143184016231045E-4
mime 4.5955882352941176E-4 1.9661128563728327 9.035445112007503E-4
supported 4.5955882352941176E-4 1.6607312068216509 7.63203679605538E-4
those 0.0013786764705882354 1.6607312068216509 0.0022896110388166144
SocketTimeoutException 4.5955882352941176E-4 2.302585092994046 0.0010581732964127049
times 4.5955882352941176E-4 2.407945608651872 0.0011065926510348675
error 4.5955882352941176E-4 1.4696759700589417 6.754025597697342E-4
occurs 4.5955882352941176E-4 1.6607312068216509 7.63203679605538E-4
elements 0.0013786764705882354 0.8675005677047231 0.001196002620916438
Cleaner 0.002297794117647059 0.9162907318741551 0.002105447453754952
Note 4.5955882352941176E-4 1.3093333199837622 6.017156801395966E-4
does 4.5955882352941176E-4 0.7339691750802005 3.373020106067098E-4
removed 9.191176470588235E-4 1.2378743560016172 0.001137752165442663
unless 4.5955882352941176E-4 2.120263536200091 9.743858162684242E-4
contains 4.5955882352941176E-4 0.5798184952529422 2.6646070553903593E-4
you 0.0027573529411764708 0.9162907318741551 0.0025265369445059424
wish 4.5955882352941176E-4 2.659260036932778 0.0012220864140316074
preserve 4.5955882352941176E-4 1.7719568419318754 8.143184016231045E-4
baseHref 4.5955882352941176E-4 2.995732273553991 0.001376715199243562
enable 4.5955882352941176E-4 1.6094379124341003 7.396313935818476E-4
preserveRelativeLinks 4.5955882352941176E-4 1.8971199848858813 8.71838228348291E-4
treated 4.5955882352941176E-4 1.8325814637483102 8.421789815019808E-4
s 4.5955882352941176E-4 0.5447271754416719 2.503341798904742E-4
expected 4.5955882352941176E-4 2.207274913189721 0.0010143726623114528
cleaned 4.5955882352941176E-4 2.207274913189721 0.0010143726623114528
within 4.5955882352941176E-4 1.8325814637483102 8.421789815019808E-4
existing 9.191176470588235E-4 1.2729656758128876 0.0011700052167397863
want 4.5955882352941176E-4 1.7719568419318754 8.143184016231045E-4
full 4.5955882352941176E-4 1.3862943611198906 6.370838056617144E-4
documents 4.5955882352941176E-4 1.7147984280919266 7.880507482040103E-4
structural 4.5955882352941176E-4 2.407945608651872 0.0011065926510348675
head 4.5955882352941176E-4 1.8971199848858813 8.71838228348291E-4
output 9.191176470588235E-4 0.9675840262617057 8.893235535493619E-4
control 4.5955882352941176E-4 1.3470736479666094 6.19059580867008E-4
pretty 4.5955882352941176E-4 2.407945608651872 0.0011065926510348675
printing 4.5955882352941176E-4 1.8325814637483102 8.421789815019808E-4
entity 4.5955882352941176E-4 2.120263536200091 9.743858162684242E-4
escape 4.5955882352941176E-4 2.0402208285265546 9.376014836978651E-4
modes 4.5955882352941176E-4 2.302585092994046 0.0010581732964127049
Useful 4.5955882352941176E-4 1.9661128563728327 9.035445112007503E-4
form 4.5955882352941176E-4 0.9675840262617057 4.4466177677468093E-4
validation 4.5955882352941176E-4 1.7719568419318754 8.143184016231045E-4
should 4.5955882352941176E-4 1.0498221244986776 4.8245502044975996E-4
still 4.5955882352941176E-4 2.302585092994046 0.0010581732964127049
run 4.5955882352941176E-4 1.1086626245216111 5.094956914161816E-4
cleaner 0.002297794117647059 0.9162907318741551 0.002105447453754952
up 4.5955882352941176E-4 1.4271163556401458 6.55843913437567E-4
enforced 4.5955882352941176E-4 1.8971199848858813 8.71838228348291E-4
tidy 4.5955882352941176E-4 2.302585092994046 0.0010581732964127049
Assumes 4.5955882352941176E-4 2.207274913189721 0.0010143726623114528
i 4.5955882352941176E-4 1.3093333199837622 6.017156801395966E-4
e 4.5955882352941176E-4 0.7765287894989963 3.5686065693887696E-4
test 0.001838235294117647 1.1394342831883648 0.002094548314684494
true 4.5955882352941176E-4 1.1086626245216111 5.094956914161816E-4
were 4.5955882352941176E-4 2.0402208285265546 9.376014836978651E-4
false 4.5955882352941176E-4 1.1394342831883648 5.236370786711235E-4
Copyright 4.5955882352941176E-4 0.06187540371808745 2.843538773809166E-5
All 4.5955882352941176E-4 0.05129329438755048 2.3572286023690478E-5
rights 4.5955882352941176E-4 0.06187540371808745 2.843538773809166E-5
reserved 4.5955882352941176E-4 0.06187540371808745 2.843538773809166E-5
