Document 0.01015228426395939 0.40047756659712536 0.004065762097432745
OutputSettings 0.005076142131979695 1.1394342831883648 0.005783930371514542
jsoup 0.005076142131979695 0.0 0.0
Java 0.01015228426395939 0.010050335853501506 1.0203386653301021E-4
HTML 0.01015228426395939 0.0 0.0
Parser 0.005076142131979695 0.0 0.0
API 0.005076142131979695 0.0 0.0
Skip 0.005076142131979695 0.06187540371808745 3.140883437466368E-4
navigation 0.005076142131979695 0.06187540371808745 3.140883437466368E-4
links 0.005076142131979695 0.0408219945202552 2.0721824629571167E-4
Overview 0.005076142131979695 0.06187540371808745 3.140883437466368E-4
Package 0.005076142131979695 0.06187540371808745 3.140883437466368E-4
Class 0.01015228426395939 0.06187540371808745 6.281766874932736E-4
Use 0.01015228426395939 0.010050335853501506 1.0203386653301021E-4
Tree 0.005076142131979695 0.0408219945202552 2.0721824629571167E-4
Deprecated 0.005076142131979695 0.06187540371808745 3.140883437466368E-4
Index 0.005076142131979695 0.06187540371808745 3.140883437466368E-4
Help 0.005076142131979695 0.05129329438755048 2.603720527286826E-4
org 0.005076142131979695 0.05129329438755048 2.603720527286826E-4
nodes 0.005076142131979695 0.7550225842780328 0.0038326019506499127
java 0.01015228426395939 0.010050335853501506 1.0203386653301021E-4
lang 0.005076142131979695 0.653926467406664 0.003319423692419614
Object 0.005076142131979695 0.43078291609245434 0.002186715310113981
All 0.01015228426395939 0.05129329438755048 5.207441054573652E-4
Implemented 0.005076142131979695 1.0498221244986776 0.00532904631725217
Interfaces 0.005076142131979695 1.0216512475319812 0.0051860469417867065
Cloneable 0.005076142131979695 1.3093333199837622 0.006646362030374427
Enclosing 0.005076142131979695 3.912023005428146 0.01985798479912764
class 0.01015228426395939 0.06187540371808745 6.281766874932736E-4
public 0.005076142131979695 0.6931471805599453 0.0035185136069032755
static 0.005076142131979695 0.5621189181535412 0.0028533955236220362
extends 0.005076142131979695 0.653926467406664 0.003319423692419614
implements 0.005076142131979695 0.6931471805599453 0.0035185136069032755
A 0.01015228426395939 0.16251892949777494 0.001649938370535786
s 0.005076142131979695 0.5447271754416719 0.002765112565693766
output 0.005076142131979695 0.9675840262617057 0.004911594041937592
settings 0.005076142131979695 1.171182981502945 0.005945091276664695
control 0.005076142131979695 1.3470736479666094 0.00683793729932289
the 0.01015228426395939 0.10536051565782635 0.0010696499051555974
form 0.005076142131979695 0.9675840262617057 0.004911594041937592
of 0.005076142131979695 0.1165338162559516 5.915422144972162E-4
text 0.005076142131979695 1.1086626245216111 0.005627729058485335
and 0.005076142131979695 0.09431067947124142 4.7873441355960103E-4
html 0.01015228426395939 0.0 0.0
methods 0.01015228426395939 0.24846135929849972 0.002522450348208119
Nested 0.005076142131979695 2.0402208285265546 0.010356450906226165
Summary 0.005076142131979695 0.6931471805599453 0.0035185136069032755
Classes 0.005076142131979695 0.7133498878774648 0.0036210654206977905
Modifier 0.005076142131979695 0.653926467406664 0.003319423692419614
Type 0.005076142131979695 0.44628710262841953 0.0022654167646112664
Description 0.005076142131979695 0.24846135929849972 0.0012612251741040594
Syntax 0.01015228426395939 1.6607312068216509 0.016860215297681735
The 0.01015228426395939 0.10536051565782635 0.0010696499051555974
serialization 0.005076142131979695 1.7719568419318754 0.008994704781380078
syntax 0.01015228426395939 1.6607312068216509 0.016860215297681735
Constructor 0.005076142131979695 0.6733445532637655 0.003417992656161246
Constructors 0.005076142131979695 0.8915981192837835 0.004525878778090272
Method 0.005076142131979695 0.32850406697203605 0.0016675333348834317
Charset 0.01015228426395939 1.8971199848858813 0.019260101369399808
charset 0.01015228426395939 1.8971199848858813 0.019260101369399808
Get 0.005076142131979695 0.6733445532637655 0.003417992656161246
document 0.01015228426395939 0.40047756659712536 0.004065762097432745
current 0.005076142131979695 1.5606477482646683 0.007922069788145523
which 0.005076142131979695 0.7550225842780328 0.0038326019506499127
is 0.005076142131979695 0.22314355131420976 0.0011327083823056332
used 0.005076142131979695 0.6348782724359695 0.003222732347390708
to 0.005076142131979695 0.17435338714477774 8.850425743389732E-4
characters 0.005076142131979695 1.9661128563728327 0.00998026830646108
are 0.005076142131979695 0.5447271754416719 0.002765112565693766
escaped 0.005076142131979695 3.2188758248682006 0.016339471192224366
when 0.005076142131979695 0.843970070294529 0.004284112031951923
generating 0.005076142131979695 2.8134107167600364 0.014281272673908814
via 0.005076142131979695 1.8971199848858813 0.009630050684699904
kept 0.005076142131979695 3.2188758248682006 0.016339471192224366
intact 0.005076142131979695 3.2188758248682006 0.016339471192224366
String 0.005076142131979695 0.4155154439616658 0.0021092154515820597
Update 0.005076142131979695 2.5257286443082556 0.012820957585321093
clone 0.005076142131979695 0.8209805520698303 0.004167413969897615
Entities 0.01015228426395939 1.9661128563728327 0.01996053661292216
EscapeMode 0.01015228426395939 2.120263536200091 0.021525518134011074
escapeMode 0.01015228426395939 2.120263536200091 0.021525518134011074
escape 0.005076142131979695 2.0402208285265546 0.010356450906226165
mode 0.005076142131979695 2.207274913189721 0.011204441183704167
base 0.005076142131979695 0.9162907318741551 0.004651221989208909
provides 0.005076142131979695 0.843970070294529 0.004284112031951923
a 0.01015228426395939 0.16251892949777494 0.001649938370535786
limited 0.005076142131979695 2.407945608651872 0.012223074155593257
set 0.01015228426395939 0.4620354595965586 0.004690715325853387
named 0.005076142131979695 2.8134107167600364 0.014281272673908814
entities 0.01015228426395939 1.9661128563728327 0.01996053661292216
escapes 0.005076142131979695 3.2188758248682006 0.016339471192224366
other 0.005076142131979695 0.8915981192837835 0.004525878778090272
as 0.005076142131979695 0.32850406697203605 0.0016675333348834317
numbered 0.005076142131979695 3.2188758248682006 0.016339471192224366
for 0.005076142131979695 0.083381608939051 4.2325689816777155E-4
maximum 0.005076142131979695 1.9661128563728327 0.00998026830646108
compatibility 0.005076142131979695 1.6607312068216509 0.008430107648840867
or 0.005076142131979695 0.2613647641344075 0.0013267246910376015
extended 0.005076142131979695 2.207274913189721 0.011204441183704167
uses 0.005076142131979695 0.9942522733438669 0.005046965854537395
complete 0.005076142131979695 1.7147984280919266 0.008704560548689982
Set 0.01015228426395939 0.4620354595965586 0.004690715325853387
determines 0.005076142131979695 1.8971199848858813 0.009630050684699904
how 0.005076142131979695 1.2039728043259361 0.00611153707779663
character 0.005076142131979695 1.3093333199837622 0.006646362030374427
does 0.005076142131979695 0.7339691750802005 0.003725731853198987
not 0.005076142131979695 0.3424903089467759 0.0017385294870394714
support 0.005076142131979695 1.1394342831883648 0.005783930371514542
given 0.005076142131979695 2.120263536200091 0.010762759067005537
using 0.005076142131979695 0.8209805520698303 0.004167413969897615
either 0.01015228426395939 1.8971199848858813 0.019260101369399808
int 0.005076142131979695 1.07880966137193 0.005476191174476802
indentAmount 0.005076142131979695 3.2188758248682006 0.016339471192224366
tag 0.005076142131979695 0.843970070294529 0.004284112031951923
indent 0.005076142131979695 3.2188758248682006 0.016339471192224366
amount 0.005076142131979695 2.5257286443082556 0.012820957585321093
pretty 0.005076142131979695 2.407945608651872 0.012223074155593257
printing 0.005076142131979695 1.8325814637483102 0.009302443978417818
boolean 0.005076142131979695 0.653926467406664 0.003319423692419614
outline 0.005076142131979695 2.407945608651872 0.012223074155593257
if 0.01015228426395939 0.616186139423817 0.0062556968469423034
enabled 0.005076142131979695 1.9661128563728327 0.00998026830646108
outlineMode 0.005076142131979695 3.912023005428146 0.01985798479912764
Enable 0.005076142131979695 1.6094379124341003 0.008169735596112183
disable 0.005076142131979695 2.302585092994046 0.01168824920301546
prettyPrint 0.005076142131979695 3.2188758248682006 0.016339471192224366
Methods 0.01015228426395939 0.24846135929849972 0.002522450348208119
inherited 0.005076142131979695 0.9942522733438669 0.005046965854537395
from 0.005076142131979695 0.38566248081198473 0.0019576775675735265
equals 0.005076142131979695 0.9942522733438669 0.005046965854537395
finalize 0.005076142131979695 1.07880966137193 0.005476191174476802
getClass 0.005076142131979695 1.07880966137193 0.005476191174476802
hashCode 0.005076142131979695 0.9942522733438669 0.005046965854537395
notify 0.005076142131979695 1.0498221244986776 0.00532904631725217
notifyAll 0.005076142131979695 1.07880966137193 0.005476191174476802
toString 0.005076142131979695 0.9675840262617057 0.004911594041937592
wait 0.005076142131979695 0.9942522733438669 0.005046965854537395
Details 0.005076142131979695 0.7550225842780328 0.0038326019506499127
default 0.01015228426395939 1.0216512475319812 0.010372093883573413
Returns 0.005076142131979695 0.9942522733438669 0.005046965854537395
Parameters 0.005076142131979695 0.5978370007556204 0.0030347055875919815
new 0.005076142131979695 0.616186139423817 0.0031278484234711517
use 0.01015228426395939 0.010050335853501506 1.0203386653301021E-4
chaining 0.005076142131979695 1.7719568419318754 0.008994704781380078
Where 0.005076142131979695 1.4271163556401458 0.0072442454601022626
possible 0.005076142131979695 1.7719568419318754 0.008994704781380078
parsing 0.005076142131979695 1.2729656758128876 0.006461754699557804
URL 0.005076142131979695 1.1086626245216111 0.005627729058485335
File 0.005076142131979695 0.8915981192837835 0.004525878778090272
automatically 0.005076142131979695 2.120263536200091 0.010762759067005537
input 0.005076142131979695 1.0216512475319812 0.0051860469417867065
Otherwise 0.005076142131979695 1.2378743560016172 0.006283626172597041
it 0.005076142131979695 0.47803580094299974 0.00242657766976142
defaults 0.005076142131979695 2.0402208285265546 0.010356450906226165
UTF 0.005076142131979695 2.407945608651872 0.012223074155593257
by 0.005076142131979695 0.27443684570176036 0.0013930804350343164
name 0.005076142131979695 0.6931471805599453 0.0035185136069032755
Either 0.01015228426395939 1.8971199848858813 0.019260101369399808
with 0.005076142131979695 0.23572233352106994 0.0011965600686348727
empty 0.005076142131979695 1.4696759700589417 0.007460284111974322
tags 0.005076142131979695 1.3093333199837622 0.006646362030374427
attributes 0.005076142131979695 0.3566749439387324 0.0018105327103488953
etc 0.005076142131979695 1.8971199848858813 0.009630050684699904
xml 0.005076142131979695 1.2039728043259361 0.00611153707779663
self 0.005076142131979695 2.8134107167600364 0.014281272673908814
closing 0.005076142131979695 2.659260036932778 0.013498781913364354
Default 0.01015228426395939 1.0216512475319812 0.010372093883573413
true 0.005076142131979695 1.1086626245216111 0.005627729058485335
If 0.01015228426395939 0.616186139423817 0.0062556968469423034
disabled 0.005076142131979695 2.5257286443082556 0.012820957585321093
will 0.005076142131979695 0.5447271754416719 0.002765112565693766
re 0.005076142131979695 2.120263536200091 0.010762759067005537
format 0.005076142131979695 1.4696759700589417 0.007460284111974322
generally 0.005076142131979695 1.3470736479666094 0.00683793729932289
look 0.005076142131979695 1.9661128563728327 0.00998026830646108
like 0.005076142131979695 1.171182981502945 0.005945091276664695
print 0.005076142131979695 2.5257286443082556 0.012820957585321093
setting 0.005076142131979695 1.6607312068216509 0.008430107648840867
this 0.005076142131979695 0.3424903089467759 0.0017385294870394714
false 0.005076142131979695 1.1394342831883648 0.005783930371514542
consider 0.005076142131979695 2.5257286443082556 0.012820957585321093
all 0.01015228426395939 0.05129329438755048 5.207441054573652E-4
block 0.005076142131979695 1.8971199848858813 0.009630050684699904
number 0.005076142131979695 1.2378743560016172 0.006283626172597041
spaces 0.005076142131979695 2.8134107167600364 0.014281272673908814
indenting 0.005076142131979695 3.912023005428146 0.01985798479912764
each 0.005076142131979695 1.5606477482646683 0.007922069788145523
level 0.005076142131979695 1.7147984280919266 0.008704560548689982
Must 0.005076142131979695 1.1086626245216111 0.005627729058485335
be 0.005076142131979695 0.47803580094299974 0.00242657766976142
Overrides 0.005076142131979695 1.5606477482646683 0.007922069788145523
in 0.005076142131979695 0.1508228897345837 7.655984250486481E-4
Copyright 0.005076142131979695 0.06187540371808745 3.140883437466368E-4
Jonathan 0.005076142131979695 0.0 0.0
Hedley 0.005076142131979695 0.0 0.0
rights 0.005076142131979695 0.06187540371808745 3.140883437466368E-4
reserved 0.005076142131979695 0.06187540371808745 3.140883437466368E-4
