org 0.004784688995215311 0.05129329438755048 2.4542246118445203E-4
jsoup 0.004784688995215311 0.0 0.0
nodes 0.004784688995215311 0.7550225842780328 0.003612548250134128
Java 0.004784688995215311 0.010050335853501506 4.808773135646653E-5
HTML 0.009569377990430622 0.0 0.0
Parser 0.004784688995215311 0.0 0.0
API 0.004784688995215311 0.0 0.0
Skip 0.004784688995215311 0.06187540371808745 2.9605456324443755E-4
navigation 0.004784688995215311 0.06187540371808745 2.9605456324443755E-4
links 0.004784688995215311 0.0408219945202552 1.9532054794380477E-4
Overview 0.004784688995215311 0.06187540371808745 2.9605456324443755E-4
Package 0.004784688995215311 0.06187540371808745 2.9605456324443755E-4
Class 0.004784688995215311 0.06187540371808745 2.9605456324443755E-4
Use 0.004784688995215311 0.010050335853501506 4.808773135646653E-5
Tree 0.004784688995215311 0.0408219945202552 1.9532054794380477E-4
Deprecated 0.004784688995215311 0.06187540371808745 2.9605456324443755E-4
Index 0.004784688995215311 0.06187540371808745 2.9605456324443755E-4
Help 0.004784688995215311 0.05129329438755048 2.4542246118445203E-4
NonnullByDefault 0.004784688995215311 2.302585092994046 0.011017153554995435
document 0.009569377990430622 0.40047756659712536 0.003832321211455745
structure 0.004784688995215311 1.4696759700589417 0.0070319424404734045
Summary 0.004784688995215311 0.6931471805599453 0.0033164936868896903
Description 0.004784688995215311 0.24846135929849972 0.001188810331571769
Attribute 0.009569377990430622 0.6931471805599453 0.006632987373779381
A 0.009569377990430622 0.16251892949777494 0.0015552050669643534
single 0.004784688995215311 1.4696759700589417 0.0070319424404734045
key 0.004784688995215311 0.7985076962177716 0.0038206109866879023
value 0.004784688995215311 0.5447271754416719 0.0026063501217304876
attribute 0.009569377990430622 0.6931471805599453 0.006632987373779381
Attributes 0.009569377990430622 0.3566749439387324 0.0034131573582653818
The 0.009569377990430622 0.10536051565782635 0.0010082345995964244
attributes 0.009569377990430622 0.3566749439387324 0.0034131573582653818
of 0.004784688995215311 0.1165338162559516 5.575780682102947E-4
an 0.009569377990430622 0.4620354595965586 0.004421391957861805
Element 0.009569377990430622 0.7339691750802005 0.007023628469666991
CDataNode 0.004784688995215311 2.302585092994046 0.011017153554995435
Character 0.004784688995215311 1.3093333199837622 0.006264752727195034
Data 0.009569377990430622 0.5978370007556204 0.0057209282368958884
node 0.009569377990430622 1.6607312068216509 0.015892164658580392
to 0.004784688995215311 0.17435338714477774 8.342267327501327E-4
support 0.004784688995215311 1.1394342831883648 0.005451838675542415
CDATA 0.004784688995215311 2.8134107167600364 0.013461295295502567
sections 0.004784688995215311 2.5257286443082556 0.012084826049321797
Comment 0.009569377990430622 1.7719568419318754 0.01695652480317584
comment 0.009569377990430622 1.7719568419318754 0.01695652480317584
DataNode 0.004784688995215311 2.120263536200091 0.010144801608612876
data 0.009569377990430622 0.5978370007556204 0.0057209282368958884
for 0.009569377990430622 0.083381608939051 7.979101333880478E-4
contents 0.004784688995215311 1.1394342831883648 0.005451838675542415
style 0.004784688995215311 1.6607312068216509 0.007946082329290196
script 0.004784688995215311 2.120263536200091 0.010144801608612876
tags 0.004784688995215311 1.3093333199837622 0.006264752727195034
etc 0.004784688995215311 1.8971199848858813 0.009077129114286512
where 0.004784688995215311 1.4271163556401458 0.006828307921723185
should 0.004784688995215311 1.0498221244986776 0.005023072366022381
not 0.004784688995215311 0.3424903089467759 0.0016387096121855305
show 0.004784688995215311 2.407945608651872 0.011521270854793644
in 0.004784688995215311 0.1508228897345837 7.216406207396349E-4
text 0.004784688995215311 1.1086626245216111 0.005304605858955077
Document 0.009569377990430622 0.40047756659712536 0.003832321211455745
OutputSettings 0.004784688995215311 1.1394342831883648 0.005451838675542415
s 0.004784688995215311 0.5447271754416719 0.0026063501217304876
output 0.004784688995215311 0.9675840262617057 0.004629588642400506
settings 0.004784688995215311 1.171182981502945 0.005603746322980599
control 0.004784688995215311 1.3470736479666094 0.00644532845917038
the 0.009569377990430622 0.10536051565782635 0.0010082345995964244
form 0.009569377990430622 0.9675840262617057 0.009259177284801011
and 0.004784688995215311 0.09431067947124142 4.5124727019732735E-4
html 0.009569377990430622 0.0 0.0
methods 0.004784688995215311 0.24846135929849972 0.001188810331571769
DocumentType 0.004784688995215311 1.8325814637483102 0.008768332362432105
DOCTYPE 0.004784688995215311 2.5257286443082556 0.012084826049321797
element 0.009569377990430622 0.7339691750802005 0.007023628469666991
consists 0.004784688995215311 2.207274913189721 0.01056112398655369
a 0.009569377990430622 0.16251892949777494 0.0015552050669643534
tag 0.004784688995215311 0.843970070294529 0.004038134307629325
name 0.004784688995215311 0.6931471805599453 0.0033164936868896903
child 0.004784688995215311 2.207274913189721 0.01056112398655369
including 0.004784688995215311 1.0498221244986776 0.005023072366022381
other 0.004784688995215311 0.8915981192837835 0.004266019709491787
elements 0.004784688995215311 0.8675005677047231 0.004150720419639823
Entities 0.009569377990430622 1.9661128563728327 0.018814477094476867
entities 0.009569377990430622 1.9661128563728327 0.018814477094476867
escape 0.004784688995215311 2.0402208285265546 0.00976182214606007
routines 0.004784688995215311 3.2188758248682006 0.015401319736211486
FormElement 0.004784688995215311 2.0402208285265546 0.00976182214606007
Form 0.009569377990430622 0.9675840262617057 0.009259177284801011
provides 0.004784688995215311 0.843970070294529 0.004038134307629325
ready 0.004784688995215311 2.659260036932778 0.012723732234128123
access 0.004784688995215311 0.8675005677047231 0.004150720419639823
fields 0.004784688995215311 1.1086626245216111 0.005304605858955077
controls 0.004784688995215311 1.7147984280919266 0.008204777167903955
that 0.009569377990430622 0.22314355131420976 0.0021353449886527247
are 0.004784688995215311 0.5447271754416719 0.0026063501217304876
associated 0.004784688995215311 1.4271163556401458 0.006828307921723185
with 0.004784688995215311 0.23572233352106994 0.0011278580551247366
it 0.004784688995215311 0.47803580094299974 0.002287252636090908
Node 0.009569377990430622 1.6607312068216509 0.015892164658580392
base 0.004784688995215311 0.9162907318741551 0.004384166181216053
abstract 0.004784688995215311 1.2729656758128876 0.006090744860348744
model 0.004784688995215311 1.6094379124341003 0.007700659868105743
PseudoTextElement 0.004784688995215311 2.207274913189721 0.01056112398655369
Represents 0.004784688995215311 1.8971199848858813 0.009077129114286512
TextNode 0.004784688995215311 2.302585092994046 0.011017153554995435
as 0.004784688995215311 0.32850406697203605 0.0015717897941245743
enable 0.004784688995215311 1.6094379124341003 0.007700659868105743
be 0.004784688995215311 0.47803580094299974 0.002287252636090908
selected 0.004784688995215311 2.120263536200091 0.010144801608612876
Selector 0.004784688995215311 1.7147984280919266 0.008204777167903955
matchText 0.004784688995215311 2.8134107167600364 0.013461295295502567
syntax 0.009569377990430622 1.6607312068216509 0.015892164658580392
XmlDeclaration 0.004784688995215311 2.302585092994046 0.011017153554995435
An 0.009569377990430622 0.4620354595965586 0.004421391957861805
XML 0.004784688995215311 1.2039728043259361 0.005760635427396824
Declaration 0.004784688995215311 2.302585092994046 0.011017153554995435
Enum 0.004784688995215311 1.5141277326297755 0.007244630299663998
Syntax 0.009569377990430622 1.6607312068216509 0.015892164658580392
serialization 0.004784688995215311 1.7719568419318754 0.00847826240158792
QuirksMode 0.004784688995215311 2.302585092994046 0.011017153554995435
EscapeMode 0.004784688995215311 2.120263536200091 0.010144801608612876
Copyright 0.004784688995215311 0.06187540371808745 2.9605456324443755E-4
Jonathan 0.004784688995215311 0.0 0.0
Hedley 0.004784688995215311 0.0 0.0
All 0.004784688995215311 0.05129329438755048 2.4542246118445203E-4
rights 0.004784688995215311 0.06187540371808745 2.9605456324443755E-4
reserved 0.004784688995215311 0.06187540371808745 2.9605456324443755E-4
listing 0.004784688995215311 3.912023005428146 0.018717813423101175
classes 0.009569377990430622 0.7133498878774648 0.0068263147165307635
explanation 0.004784688995215311 2.995732273553991 0.014333647241885123
Classes 0.009569377990430622 0.7133498878774648 0.0068263147165307635
javax 0.004784688995215311 1.3093333199837622 0.006264752727195034
sql 0.004784688995215311 1.6607312068216509 0.007946082329290196
used 0.004784688995215311 0.6348782724359695 0.0030376950834256912
by 0.004784688995215311 0.27443684570176036 0.0013130949555108151
rowset 0.009569377990430622 1.6607312068216509 0.015892164658580392
spi 0.004784688995215311 1.7147984280919266 0.008204777167903955
RowSet 0.009569377990430622 1.6607312068216509 0.015892164658580392
interface 0.004784688995215311 0.653926467406664 0.003128834772280689
adds 0.004784688995215311 1.5606477482646683 0.007467214106529513
JDBC 0.004784688995215311 2.407945608651872 0.011521270854793644
JavaBeansTM 0.004784688995215311 3.2188758248682006 0.015401319736211486
component 0.004784688995215311 1.4696759700589417 0.0070319424404734045
RowSetReader 0.004784688995215311 2.407945608651872 0.011521270854793644
facility 0.004784688995215311 3.506557897319982 0.016777788982392256
disconnected 0.004784688995215311 2.302585092994046 0.011017153554995435
object 0.004784688995215311 0.43078291609245434 0.0020611622779543267
calls 0.004784688995215311 2.407945608651872 0.011521270854793644
on 0.004784688995215311 0.5447271754416719 0.0026063501217304876
populate 0.004784688995215311 2.995732273553991 0.014333647241885123
itself 0.004784688995215311 4.605170185988092 0.02203430710999087
rows 0.004784688995215311 2.659260036932778 0.012723732234128123
RowSetWriter 0.004784688995215311 2.407945608651872 0.011521270854793644
implements 0.004784688995215311 0.6931471805599453 0.0033164936868896903
called 0.004784688995215311 1.7719568419318754 0.00847826240158792
writer 0.004784688995215311 1.9661128563728327 0.009407238547238433
Platform 0.004784688995215311 1.07880966137193 0.005161768714698229
Standard 0.004784688995215311 1.1394342831883648 0.005451838675542415
Ed 0.004784688995215311 1.2729656758128876 0.006090744860348744
Prev 0.004784688995215311 1.2729656758128876 0.006090744860348744
Next 0.004784688995215311 1.171182981502945 0.005603746322980599
Frames 0.004784688995215311 1.3470736479666094 0.00644532845917038
No 0.004784688995215311 0.5798184952529422 0.0027742511734590533
Submit 0.004784688995215311 1.07880966137193 0.005161768714698229
bug 0.004784688995215311 1.1086626245216111 0.005304605858955077
or 0.004784688995215311 0.2613647641344075 0.001250549110690945
feature 0.004784688995215311 1.1394342831883648 0.005451838675542415
For 0.009569377990430622 0.083381608939051 7.979101333880478E-4
further 0.004784688995215311 0.9416085398584451 0.00450530401846146
reference 0.004784688995215311 0.843970070294529 0.004038134307629325
developer 0.004784688995215311 1.07880966137193 0.005161768714698229
documentation 0.009569377990430622 0.9416085398584451 0.00901060803692292
see 0.004784688995215311 0.3566749439387324 0.0017065786791326909
SE 0.004784688995215311 1.1086626245216111 0.005304605858955077
Documentation 0.009569377990430622 0.9416085398584451 0.00901060803692292
That 0.009569377990430622 0.22314355131420976 0.0021353449886527247
contains 0.004784688995215311 0.5798184952529422 0.0027742511734590533
more 0.004784688995215311 0.7339691750802005 0.0035118142348334954
detailed 0.004784688995215311 1.0498221244986776 0.005023072366022381
targeted 0.004784688995215311 1.171182981502945 0.005603746322980599
descriptions 0.004784688995215311 1.0498221244986776 0.005023072366022381
conceptual 0.004784688995215311 1.171182981502945 0.005603746322980599
overviews 0.004784688995215311 1.171182981502945 0.005603746322980599
definitions 0.004784688995215311 0.7765287894989963 0.003715448753583714
terms 0.004784688995215311 1.0216512475319812 0.004888283481014264
workarounds 0.004784688995215311 1.171182981502945 0.005603746322980599
working 0.004784688995215311 0.9942522733438669 0.004757187910736205
code 0.004784688995215311 0.5108256237659907 0.0024441417405071325
examples 0.004784688995215311 0.7985076962177716 0.0038206109866879023
Oracle 0.004784688995215311 0.8915981192837835 0.004266019709491787
its 0.004784688995215311 0.8675005677047231 0.004150720419639823
affiliates 0.004784688995215311 1.171182981502945 0.005603746322980599
is 0.004784688995215311 0.22314355131420976 0.0010676724943263624
subject 0.004784688995215311 1.1394342831883648 0.005451838675542415
license 0.004784688995215311 1.1086626245216111 0.005304605858955077
Also 0.004784688995215311 0.5108256237659907 0.0024441417405071325
redistribution 0.004784688995215311 1.171182981502945 0.005603746322980599
policy 0.004784688995215311 1.0216512475319812 0.004888283481014264
Scripting 0.004784688995215311 1.0216512475319812 0.004888283481014264
this 0.004784688995215311 0.3424903089467759 0.0016387096121855305
page 0.004784688995215311 0.843970070294529 0.004038134307629325
tracks 0.004784688995215311 1.07880966137193 0.005161768714698229
web 0.004784688995215311 0.8209805520698303 0.0039281366127743075
traffic 0.004784688995215311 1.1086626245216111 0.005304605858955077
but 0.004784688995215311 0.8209805520698303 0.0039281366127743075
does 0.004784688995215311 0.7339691750802005 0.0035118142348334954
change 0.004784688995215311 0.9162907318741551 0.004384166181216053
content 0.004784688995215311 0.44628710262841953 0.0021353449886527247
any 0.004784688995215311 0.5978370007556204 0.0028604641184479442
way 0.004784688995215311 1.1086626245216111 0.005304605858955077
