org 0.007936507936507936 0.05129329438755048 4.0708963799643234E-4
jsoup 0.007936507936507936 0.0 0.0
nodes 0.007936507936507936 0.7550225842780328 0.0059922427323653394
Java 0.007936507936507936 0.010050335853501506 7.976457026588496E-5
HTML 0.015873015873015872 0.0 0.0
Parser 0.007936507936507936 0.0 0.0
API 0.007936507936507936 0.0 0.0
Skip 0.007936507936507936 0.06187540371808745 4.910746326832337E-4
navigation 0.007936507936507936 0.06187540371808745 4.910746326832337E-4
links 0.007936507936507936 0.0408219945202552 3.2398408349408885E-4
Overview 0.007936507936507936 0.06187540371808745 4.910746326832337E-4
Package 0.007936507936507936 0.06187540371808745 4.910746326832337E-4
Class 0.007936507936507936 0.06187540371808745 4.910746326832337E-4
Use 0.007936507936507936 0.010050335853501506 7.976457026588496E-5
Tree 0.007936507936507936 0.0408219945202552 3.2398408349408885E-4
Deprecated 0.007936507936507936 0.06187540371808745 4.910746326832337E-4
Index 0.007936507936507936 0.06187540371808745 4.910746326832337E-4
Help 0.007936507936507936 0.05129329438755048 4.0708963799643234E-4
NonnullByDefault 0.007936507936507936 2.302585092994046 0.01827448486503211
document 0.015873015873015872 0.40047756659712536 0.006356786771382942
structure 0.007936507936507936 1.4696759700589417 0.01166409500046779
Summary 0.007936507936507936 0.6931471805599453 0.005501168099682105
Description 0.007936507936507936 0.24846135929849972 0.0019719155499880927
Attribute 0.015873015873015872 0.6931471805599453 0.01100233619936421
A 0.015873015873015872 0.16251892949777494 0.002579665547583729
single 0.007936507936507936 1.4696759700589417 0.01166409500046779
key 0.007936507936507936 0.7985076962177716 0.006337362668395012
value 0.007936507936507936 0.5447271754416719 0.00432323155112438
attribute 0.015873015873015872 0.6931471805599453 0.01100233619936421
Attributes 0.015873015873015872 0.3566749439387324 0.005661507046646546
The 0.015873015873015872 0.10536051565782635 0.001672389137425815
attributes 0.015873015873015872 0.3566749439387324 0.005661507046646546
of 0.007936507936507936 0.1165338162559516 9.248715575869175E-4
an 0.015873015873015872 0.4620354595965586 0.007333896184072358
Element 0.015873015873015872 0.7339691750802005 0.01165030436635239
CDataNode 0.007936507936507936 2.302585092994046 0.01827448486503211
Character 0.007936507936507936 1.3093333199837622 0.010391534285585414
Data 0.015873015873015872 0.5978370007556204 0.009489476202470164
node 0.015873015873015872 1.6607312068216509 0.02636081280669287
to 0.007936507936507936 0.17435338714477774 0.0013837570408315692
support 0.007936507936507936 1.1394342831883648 0.009043129231653688
CDATA 0.007936507936507936 2.8134107167600364 0.02232865648222251
sections 0.007936507936507936 2.5257286443082556 0.0200454654310179
Comment 0.015873015873015872 1.7719568419318754 0.028126299078283734
comment 0.015873015873015872 1.7719568419318754 0.028126299078283734
DataNode 0.007936507936507936 2.120263536200091 0.016827488382540404
data 0.015873015873015872 0.5978370007556204 0.009489476202470164
for 0.007936507936507936 0.083381608939051 6.617588011035793E-4
contents 0.007936507936507936 1.1394342831883648 0.009043129231653688
style 0.007936507936507936 1.6607312068216509 0.013180406403346435
script 0.007936507936507936 2.120263536200091 0.016827488382540404
tags 0.007936507936507936 1.3093333199837622 0.010391534285585414
etc 0.007936507936507936 1.8971199848858813 0.015056507816554612
where 0.007936507936507936 1.4271163556401458 0.0113263202828583
should 0.007936507936507936 1.0498221244986776 0.008331921623005377
not 0.007936507936507936 0.3424903089467759 0.002718177055133142
show 0.007936507936507936 2.407945608651872 0.019110679433745014
in 0.007936507936507936 0.1508228897345837 0.0011970070613855847
text 0.007936507936507936 1.1086626245216111 0.008798909718425485
Document 0.015873015873015872 0.40047756659712536 0.006356786771382942
OutputSettings 0.007936507936507936 1.1394342831883648 0.009043129231653688
s 0.007936507936507936 0.5447271754416719 0.00432323155112438
output 0.007936507936507936 0.9675840262617057 0.00767923830366433
settings 0.007936507936507936 1.171182981502945 0.009295103027801151
control 0.007936507936507936 1.3470736479666094 0.010691060698147693
the 0.015873015873015872 0.10536051565782635 0.001672389137425815
form 0.015873015873015872 0.9675840262617057 0.01535847660732866
and 0.007936507936507936 0.09431067947124142 7.484974561209636E-4
html 0.015873015873015872 0.0 0.0
methods 0.007936507936507936 0.24846135929849972 0.0019719155499880927
DocumentType 0.007936507936507936 1.8325814637483102 0.014544297331335795
DOCTYPE 0.007936507936507936 2.5257286443082556 0.0200454654310179
element 0.015873015873015872 0.7339691750802005 0.01165030436635239
consists 0.007936507936507936 2.207274913189721 0.017518054866585087
a 0.015873015873015872 0.16251892949777494 0.002579665547583729
tag 0.007936507936507936 0.843970070294529 0.00669817516106769
name 0.007936507936507936 0.6931471805599453 0.005501168099682105
child 0.007936507936507936 2.207274913189721 0.017518054866585087
including 0.007936507936507936 1.0498221244986776 0.008331921623005377
other 0.007936507936507936 0.8915981192837835 0.0070761755498712975
elements 0.007936507936507936 0.8675005677047231 0.0068849251405136746
Entities 0.015873015873015872 1.9661128563728327 0.031208140577346548
entities 0.015873015873015872 1.9661128563728327 0.031208140577346548
escape 0.007936507936507936 2.0402208285265546 0.016192228797829798
routines 0.007936507936507936 3.2188758248682006 0.025546633530700004
FormElement 0.007936507936507936 2.0402208285265546 0.016192228797829798
Form 0.015873015873015872 0.9675840262617057 0.01535847660732866
provides 0.007936507936507936 0.843970070294529 0.00669817516106769
ready 0.007936507936507936 2.659260036932778 0.021105238388355377
access 0.007936507936507936 0.8675005677047231 0.0068849251405136746
fields 0.007936507936507936 1.1086626245216111 0.008798909718425485
controls 0.007936507936507936 1.7147984280919266 0.013609511334062909
that 0.007936507936507936 0.22314355131420976 0.0017709805659857918
are 0.007936507936507936 0.5447271754416719 0.00432323155112438
associated 0.007936507936507936 1.4271163556401458 0.0113263202828583
with 0.007936507936507936 0.23572233352106994 0.0018708121708021423
it 0.007936507936507936 0.47803580094299974 0.0037939349281190453
Node 0.015873015873015872 1.6607312068216509 0.02636081280669287
base 0.007936507936507936 0.9162907318741551 0.0072721486656678975
abstract 0.007936507936507936 1.2729656758128876 0.01010290218899117
model 0.007936507936507936 1.6094379124341003 0.012773316765350002
PseudoTextElement 0.007936507936507936 2.207274913189721 0.017518054866585087
Represents 0.007936507936507936 1.8971199848858813 0.015056507816554612
TextNode 0.007936507936507936 2.302585092994046 0.01827448486503211
as 0.007936507936507936 0.32850406697203605 0.0026071751346986986
enable 0.007936507936507936 1.6094379124341003 0.012773316765350002
be 0.007936507936507936 0.47803580094299974 0.0037939349281190453
selected 0.007936507936507936 2.120263536200091 0.016827488382540404
Selector 0.007936507936507936 1.7147984280919266 0.013609511334062909
matchText 0.007936507936507936 2.8134107167600364 0.02232865648222251
syntax 0.015873015873015872 1.6607312068216509 0.02636081280669287
XmlDeclaration 0.007936507936507936 2.302585092994046 0.01827448486503211
An 0.015873015873015872 0.4620354595965586 0.007333896184072358
XML 0.007936507936507936 1.2039728043259361 0.009555339716872509
Declaration 0.007936507936507936 2.302585092994046 0.01827448486503211
Enum 0.007936507936507936 1.5141277326297755 0.01201688676690298
Syntax 0.015873015873015872 1.6607312068216509 0.02636081280669287
serialization 0.007936507936507936 1.7719568419318754 0.014063149539141867
QuirksMode 0.007936507936507936 2.302585092994046 0.01827448486503211
EscapeMode 0.007936507936507936 2.120263536200091 0.016827488382540404
Copyright 0.007936507936507936 0.06187540371808745 4.910746326832337E-4
Jonathan 0.007936507936507936 0.0 0.0
Hedley 0.007936507936507936 0.0 0.0
All 0.007936507936507936 0.05129329438755048 4.0708963799643234E-4
rights 0.007936507936507936 0.06187540371808745 4.910746326832337E-4
reserved 0.007936507936507936 0.06187540371808745 4.910746326832337E-4
