Uses 0.003703703703703704 0.9942522733438669 0.0036824158271995073
of 0.025925925925925925 0.1165338162559516 0.003021247088117264
Package 0.011111111111111112 0.06187540371808745 6.875044857565273E-4
org 0.044444444444444446 0.05129329438755048 0.0022797019727800213
jsoup 0.05925925925925926 0.0 0.0
nodes 0.046296296296296294 0.7550225842780328 0.034954749272131144
Java 0.001851851851851852 0.010050335853501506 1.8611733062039827E-5
HTML 0.037037037037037035 0.0 0.0
Parser 0.007407407407407408 0.0 0.0
API 0.001851851851851852 0.0 0.0
Skip 0.003703703703703704 0.06187540371808745 2.2916816191884243E-4
navigation 0.003703703703703704 0.06187540371808745 2.2916816191884243E-4
links 0.003703703703703704 0.0408219945202552 1.511925722972415E-4
Overview 0.003703703703703704 0.06187540371808745 2.2916816191884243E-4
Class 0.018518518518518517 0.06187540371808745 0.001145840809594212
Use 0.007407407407407408 0.010050335853501506 7.444693224815931E-5
Tree 0.003703703703703704 0.0408219945202552 1.511925722972415E-4
Deprecated 0.003703703703703704 0.06187540371808745 2.2916816191884243E-4
Index 0.003703703703703704 0.06187540371808745 2.2916816191884243E-4
Help 0.003703703703703704 0.05129329438755048 1.899751643983351E-4
Packages 0.003703703703703704 0.9162907318741551 0.0033936693773116856
that 0.005555555555555556 0.22314355131420976 0.0012396863961900543
use 0.007407407407407408 0.010050335853501506 7.444693224815931E-5
Description 0.014814814814814815 0.24846135929849972 0.0036809090266444406
Contains 0.007407407407407408 0.5798184952529422 0.004294951816688461
the 0.03333333333333333 0.10536051565782635 0.0035120171885942115
main 0.001851851851851852 1.2378743560016172 0.0022923599185215135
Jsoup 0.05925925925925926 0.0 0.0
class 0.018518518518518517 0.06187540371808745 0.001145840809594212
which 0.001851851851851852 0.7550225842780328 0.001398189970885246
provides 0.005555555555555556 0.843970070294529 0.004688722612747383
convenient 0.001851851851851852 1.6094379124341003 0.0029804405785816674
static 0.001851851851851852 0.5621189181535412 0.0010409609595435948
access 0.005555555555555556 0.8675005677047231 0.004819447598359573
to 0.009259259259259259 0.17435338714477774 0.0016143832143034975
functionality 0.001851851851851852 1.0498221244986776 0.0019441150453679216
examples 0.003703703703703704 0.7985076962177716 0.002957435911917673
example 0.001851851851851852 1.0498221244986776 0.0019441150453679216
programs 0.001851851851851852 1.7719568419318754 0.003281401559133103
and 0.03148148148148148 0.09431067947124142 0.002969039909279822
helper 0.003703703703703704 1.1086626245216111 0.00410615786859856
containing 0.001851851851851852 1.171182981502945 0.002168857373153602
classes 0.014814814814814815 0.7133498878774648 0.010568146487073552
supporting 0.001851851851851852 1.5606477482646683 0.002890088422712349
core 0.001851851851851852 1.171182981502945 0.002168857373153602
code 0.001851851851851852 0.5108256237659907 9.459733773444273E-4
document 0.03148148148148148 0.40047756659712536 0.012607627096576167
structure 0.001851851851851852 1.4696759700589417 0.002721622166775818
parser 0.007407407407407408 0.0 0.0
tag 0.012962962962962963 0.843970070294529 0.010940352763077227
specifications 0.001851851851851852 1.8325814637483102 0.0033936693773116856
tokeniser 0.001851851851851852 2.5257286443082556 0.004677275267237511
safety 0.003703703703703704 0.9162907318741551 0.0033936693773116856
cleaner 0.001851851851851852 0.9162907318741551 0.0016968346886558428
safelist 0.001851851851851852 0.9162907318741551 0.0016968346886558428
definitions 0.001851851851851852 0.7765287894989963 0.001438016276849993
select 0.003703703703703704 1.5606477482646683 0.005780176845424698
support 0.003703703703703704 1.1394342831883648 0.004220126974771722
CSS 0.001851851851851852 1.9661128563728327 0.0036409497340237646
style 0.005555555555555556 1.6607312068216509 0.009226284482342506
element 0.02962962962962963 0.7339691750802005 0.021747234817191128
selector 0.001851851851851852 1.7147984280919266 0.0031755526446146792
Classes 0.014814814814814815 0.7133498878774648 0.010568146487073552
in 0.016666666666666666 0.1508228897345837 0.002513714828909728
used 0.012962962962962963 0.6348782724359695 0.008229903531577383
by 0.012962962962962963 0.27443684570176036 0.003557514666504301
Document 0.03148148148148148 0.40047756659712536 0.012607627096576167
A 0.05740740740740741 0.16251892949777494 0.009329790397094487
OutputSettings 0.005555555555555556 1.1394342831883648 0.0063301904621575825
s 0.003703703703703704 0.5447271754416719 0.0020175080571913774
output 0.005555555555555556 0.9675840262617057 0.0053754668125650315
settings 0.003703703703703704 1.171182981502945 0.004337714746307204
control 0.003703703703703704 1.3470736479666094 0.0049891616591355905
form 0.011111111111111112 0.9675840262617057 0.010750933625130063
text 0.022222222222222223 1.1086626245216111 0.02463694721159136
html 0.037037037037037035 0.0 0.0
methods 0.003703703703703704 0.24846135929849972 9.202272566611101E-4
Element 0.02962962962962963 0.7339691750802005 0.021747234817191128
consists 0.011111111111111112 2.207274913189721 0.024525276813219126
a 0.05740740740740741 0.16251892949777494 0.009329790397094487
name 0.011111111111111112 0.6931471805599453 0.007701635339554948
attributes 0.014814814814814815 0.3566749439387324 0.005284073243536776
child 0.011111111111111112 2.207274913189721 0.024525276813219126
including 0.011111111111111112 1.0498221244986776 0.01166469027220753
other 0.011111111111111112 0.8915981192837835 0.009906645769819818
elements 0.011111111111111112 0.8675005677047231 0.009638895196719146
Node 0.02962962962962963 1.6607312068216509 0.04920685057249336
The 0.03333333333333333 0.10536051565782635 0.0035120171885942115
base 0.007407407407407408 0.9162907318741551 0.006787338754623371
abstract 0.007407407407407408 1.2729656758128876 0.00942937537639176
model 0.007407407407407408 1.6094379124341003 0.01192176231432667
Attribute 0.007407407407407408 0.6931471805599453 0.005134423559703298
single 0.003703703703703704 1.4696759700589417 0.005443244333551636
key 0.003703703703703704 0.7985076962177716 0.002957435911917673
value 0.003703703703703704 0.5447271754416719 0.0020175080571913774
attribute 0.007407407407407408 0.6931471805599453 0.005134423559703298
Attributes 0.014814814814814815 0.3566749439387324 0.005284073243536776
an 0.003703703703703704 0.4620354595965586 0.0017112424429502173
CDataNode 0.001851851851851852 2.302585092994046 0.004264046468507493
Character 0.001851851851851852 1.3093333199837622 0.0024246913333032635
Data 0.005555555555555556 0.5978370007556204 0.003321316670864558
node 0.02962962962962963 1.6607312068216509 0.04920685057249336
CDATA 0.001851851851851852 2.8134107167600364 0.0052100198458519195
sections 0.001851851851851852 2.5257286443082556 0.004677275267237511
Comment 0.007407407407407408 1.7719568419318754 0.013125606236532411
comment 0.007407407407407408 1.7719568419318754 0.013125606236532411
DataNode 0.003703703703703704 2.120263536200091 0.007852827911852189
data 0.005555555555555556 0.5978370007556204 0.003321316670864558
for 0.003703703703703704 0.083381608939051 3.0882077384833704E-4
contents 0.007407407407407408 1.1394342831883648 0.008440253949543444
script 0.003703703703703704 2.120263536200091 0.007852827911852189
tags 0.003703703703703704 1.3093333199837622 0.004849382666606527
etc 0.003703703703703704 1.8971199848858813 0.0070263703143921535
where 0.003703703703703704 1.4271163556401458 0.005285616132000541
should 0.003703703703703704 1.0498221244986776 0.003888230090735843
not 0.003703703703703704 0.3424903089467759 0.0012684826257287998
show 0.003703703703703704 2.407945608651872 0.008918317069081007
Syntax 0.003703703703703704 1.6607312068216509 0.00615085632156167
serialization 0.001851851851851852 1.7719568419318754 0.003281401559133103
syntax 0.003703703703703704 1.6607312068216509 0.00615085632156167
QuirksMode 0.001851851851851852 2.302585092994046 0.004264046468507493
DocumentType 0.001851851851851852 1.8325814637483102 0.0033936693773116856
DOCTYPE 0.001851851851851852 2.5257286443082556 0.004677275267237511
Entities 0.001851851851851852 1.9661128563728327 0.0036409497340237646
EscapeMode 0.001851851851851852 2.120263536200091 0.0039264139559260945
FormElement 0.003703703703703704 2.0402208285265546 0.00755637343898724
Form 0.011111111111111112 0.9675840262617057 0.010750933625130063
ready 0.003703703703703704 2.659260036932778 0.009849111247899178
fields 0.003703703703703704 1.1086626245216111 0.00410615786859856
controls 0.003703703703703704 1.7147984280919266 0.0063511052892293585
are 0.003703703703703704 0.5447271754416719 0.0020175080571913774
associated 0.003703703703703704 1.4271163556401458 0.005285616132000541
with 0.003703703703703704 0.23572233352106994 8.730456797076665E-4
it 0.003703703703703704 0.47803580094299974 0.0017705029664555547
TextNode 0.003703703703703704 2.302585092994046 0.008528092937014986
XmlDeclaration 0.001851851851851852 2.302585092994046 0.004264046468507493
An 0.003703703703703704 0.4620354595965586 0.0017112424429502173
XML 0.001851851851851852 1.2039728043259361 0.002229579267270252
Declaration 0.001851851851851852 2.302585092994046 0.004264046468507493
Copyright 0.001851851851851852 0.06187540371808745 1.1458408095942121E-4
Jonathan 0.001851851851851852 0.0 0.0
Hedley 0.001851851851851852 0.0 0.0
All 0.001851851851851852 0.05129329438755048 9.498758219916756E-5
rights 0.001851851851851852 0.06187540371808745 1.1458408095942121E-4
reserved 0.001851851851851852 0.06187540371808745 1.1458408095942121E-4
