org 0.0040650406504065045 0.05129329438755048 2.085093267786605E-4
jsoup 0.0040650406504065045 0.0 0.0
nodes 0.0040650406504065045 0.7550225842780328 0.0030691974970651742
Class 0.008130081300813009 0.06187540371808745 5.030520627486786E-4
Hierarchy 0.0040650406504065045 1.5606477482646683 0.0063440965376612545
Java 0.008130081300813009 0.010050335853501506 8.171004758944314E-5
HTML 0.0040650406504065045 0.0 0.0
Parser 0.0040650406504065045 0.0 0.0
API 0.0040650406504065045 0.0 0.0
Skip 0.0040650406504065045 0.06187540371808745 2.515260313743393E-4
navigation 0.0040650406504065045 0.06187540371808745 2.515260313743393E-4
links 0.0040650406504065045 0.0408219945202552 1.6594306715550896E-4
Overview 0.0040650406504065045 0.06187540371808745 2.515260313743393E-4
Package 0.0040650406504065045 0.06187540371808745 2.515260313743393E-4
Use 0.008130081300813009 0.010050335853501506 8.171004758944314E-5
Tree 0.0040650406504065045 0.0408219945202552 1.6594306715550896E-4
Deprecated 0.0040650406504065045 0.06187540371808745 2.515260313743393E-4
Index 0.0040650406504065045 0.06187540371808745 2.515260313743393E-4
Help 0.0040650406504065045 0.05129329438755048 2.085093267786605E-4
For 0.008130081300813009 0.083381608939051 6.778992596670814E-4
Hierarchies 0.0040650406504065045 2.120263536200091 0.008618957464228014
All 0.008130081300813009 0.05129329438755048 4.17018653557321E-4
Packages 0.0040650406504065045 0.9162907318741551 0.0037247590726591675
java 0.008130081300813009 0.010050335853501506 8.171004758944314E-5
lang 0.0040650406504065045 0.653926467406664 0.0026582376723848136
Object 0.008130081300813009 0.43078291609245434 0.0035023001308329624
Attribute 0.0040650406504065045 0.6931471805599453 0.0028176714656908347
implements 0.0040650406504065045 0.6931471805599453 0.0028176714656908347
Cloneable 0.0040650406504065045 1.3093333199837622 0.0053224931706657005
util 0.0040650406504065045 1.2729656758128876 0.005174657218751576
Map 0.0040650406504065045 1.2378743560016172 0.005032009577242347
Entry 0.0040650406504065045 1.6607312068216509 0.006750939865128663
K 0.0040650406504065045 1.9661128563728327 0.00799232868444241
V 0.0040650406504065045 1.3470736479666094 0.005475909138075648
Attributes 0.0040650406504065045 0.3566749439387324 0.0014498981460924082
Iterable 0.0040650406504065045 1.6094379124341003 0.006542430538350002
T 0.0040650406504065045 1.2729656758128876 0.005174657218751576
Document 0.0040650406504065045 0.40047756659712536 0.0016279575877931928
OutputSettings 0.0040650406504065045 1.1394342831883648 0.0046318466796274995
Entities 0.0040650406504065045 1.9661128563728327 0.00799232868444241
Node 0.0040650406504065045 1.6607312068216509 0.006750939865128663
Comment 0.0040650406504065045 1.7719568419318754 0.007203076593219006
DataNode 0.0040650406504065045 2.120263536200091 0.008618957464228014
DocumentType 0.0040650406504065045 1.8325814637483102 0.007449518145318335
Element 0.0040650406504065045 0.7339691750802005 0.002983614532846344
FormElement 0.0040650406504065045 2.0402208285265546 0.008293580603766483
PseudoTextElement 0.0040650406504065045 2.207274913189721 0.008972662248738704
TextNode 0.0040650406504065045 2.302585092994046 0.009360102004040837
CDataNode 0.0040650406504065045 2.302585092994046 0.009360102004040837
XmlDeclaration 0.0040650406504065045 2.302585092994046 0.009360102004040837
Enum 0.0040650406504065045 1.5141277326297755 0.006154990783047869
E 0.0040650406504065045 0.7765287894989963 0.0031566210955243754
Comparable 0.0040650406504065045 2.120263536200091 0.008618957464228014
constant 0.0040650406504065045 1.4271163556401458 0.005801285998537179
Constable 0.0040650406504065045 2.8134107167600364 0.011436628929918848
io 0.0040650406504065045 1.5606477482646683 0.0063440965376612545
Serializable 0.0040650406504065045 1.4271163556401458 0.005801285998537179
Syntax 0.0040650406504065045 1.6607312068216509 0.006750939865128663
QuirksMode 0.0040650406504065045 2.302585092994046 0.009360102004040837
EscapeMode 0.0040650406504065045 2.120263536200091 0.008618957464228014
Copyright 0.0040650406504065045 0.06187540371808745 2.515260313743393E-4
Jonathan 0.0040650406504065045 0.0 0.0
Hedley 0.0040650406504065045 0.0 0.0
rights 0.0040650406504065045 0.06187540371808745 2.515260313743393E-4
reserved 0.0040650406504065045 0.06187540371808745 2.515260313743393E-4
the 0.008130081300813009 0.10536051565782635 8.565895581937103E-4
log 0.0040650406504065045 2.5257286443082556 0.01026718961100917
writer 0.0040650406504065045 1.9661128563728327 0.00799232868444241
for 0.008130081300813009 0.083381608939051 6.778992596670814E-4
this 0.008130081300813009 0.3424903089467759 0.002784474056477853
data 0.0040650406504065045 0.5978370007556204 0.002430231710388701
source 0.0040650406504065045 1.07880966137193 0.004385405127528171
or 0.0040650406504065045 0.2613647641344075 0.0010624583907902746
null 0.0040650406504065045 1.2039728043259361 0.004894198391568847
if 0.0040650406504065045 0.616186139423817 0.0025048217049748658
logging 0.0040650406504065045 1.8971199848858813 0.0077118698572596804
is 0.0040650406504065045 0.22314355131420976 9.070876069683325E-4
disabled 0.0040650406504065045 2.5257286443082556 0.01026718961100917
Throws 0.008130081300813009 1.6094379124341003 0.013084861076700004
SQLException 0.0040650406504065045 2.407945608651872 0.009788396783137691
a 0.008130081300813009 0.16251892949777494 0.0013212921097380077
database 0.0040650406504065045 1.8971199848858813 0.0077118698572596804
access 0.0040650406504065045 0.8675005677047231 0.0035264250719704193
error 0.0040650406504065045 1.4696759700589417 0.0059742925612152106
occurs 0.0040650406504065045 1.6607312068216509 0.006750939865128663
Since 0.0040650406504065045 1.8971199848858813 0.0077118698572596804
See 0.008130081300813009 0.3566749439387324 0.0028997962921848163
Also 0.0040650406504065045 0.5108256237659907 0.0020765269258780114
setLogWriter 0.0040650406504065045 4.605170185988092 0.018720204008081675
PrintWriter 0.0040650406504065045 2.5257286443082556 0.01026718961100917
void 0.0040650406504065045 1.4696759700589417 0.0059742925612152106
out 0.0040650406504065045 0.9675840262617057 0.0039332683994378285
throws 0.008130081300813009 1.6094379124341003 0.013084861076700004
Sets 0.0040650406504065045 1.6094379124341003 0.006542430538350002
DataSource 0.0040650406504065045 2.8134107167600364 0.011436628929918848
object 0.008130081300813009 0.43078291609245434 0.0035023001308329624
to 0.0040650406504065045 0.17435338714477774 7.087536062795844E-4
given 0.0040650406504065045 2.120263536200091 0.008618957464228014
The 0.008130081300813009 0.10536051565782635 8.565895581937103E-4
character 0.0040650406504065045 1.3093333199837622 0.0053224931706657005
output 0.0040650406504065045 0.9675840262617057 0.0039332683994378285
stream 0.0040650406504065045 1.3862943611198906 0.0056353429313816695
which 0.0040650406504065045 0.7550225842780328 0.0030691974970651742
all 0.008130081300813009 0.05129329438755048 4.17018653557321E-4
and 0.0040650406504065045 0.09431067947124142 3.8337674581805456E-4
tracing 0.0040650406504065045 4.605170185988092 0.018720204008081675
messages 0.008130081300813009 2.8134107167600364 0.022873257859837695
will 0.0040650406504065045 0.5447271754416719 0.002214338111551512
be 0.0040650406504065045 0.47803580094299974 0.001943234963182926
printed 0.0040650406504065045 3.506557897319982 0.014254300395609683
This 0.008130081300813009 0.3424903089467759 0.002784474056477853
includes 0.0040650406504065045 2.659260036932778 0.010810000150133245
by 0.0040650406504065045 0.27443684570176036 0.0011155969337469935
methods 0.0040650406504065045 0.24846135929849972 0.0010100055256036574
of 0.0040650406504065045 0.1165338162559516 4.737147002274456E-4
other 0.0040650406504065045 0.8915981192837835 0.0036243825987145677
objects 0.0040650406504065045 1.3862943611198906 0.0056353429313816695
manufactured 0.0040650406504065045 3.2188758248682006 0.013084861076700004
so 0.0040650406504065045 1.3093333199837622 0.0053224931706657005
on 0.0040650406504065045 0.5447271754416719 0.002214338111551512
Messages 0.008130081300813009 2.8134107167600364 0.022873257859837695
specific 0.0040650406504065045 1.9661128563728327 0.00799232868444241
are 0.0040650406504065045 0.5447271754416719 0.002214338111551512
not 0.0040650406504065045 0.3424903089467759 0.0013922370282389266
associated 0.0040650406504065045 1.4271163556401458 0.005801285998537179
with 0.0040650406504065045 0.23572233352106994 9.582208679718291E-4
sql 0.0040650406504065045 1.6607312068216509 0.006750939865128663
DriverManager 0.0040650406504065045 2.8134107167600364 0.011436628929918848
class 0.008130081300813009 0.06187540371808745 5.030520627486786E-4
When 0.0040650406504065045 0.843970070294529 0.0034307726434736952
created 0.0040650406504065045 1.9661128563728327 0.00799232868444241
initially 0.0040650406504065045 3.506557897319982 0.014254300395609683
in 0.008130081300813009 0.1508228897345837 0.0012262023555657212
words 0.0040650406504065045 3.506557897319982 0.014254300395609683
default 0.0040650406504065045 1.0216512475319812 0.004153053851756022
Parameters 0.0040650406504065045 0.5978370007556204 0.002430231710388701
new 0.0040650406504065045 0.616186139423817 0.0025048217049748658
disable 0.0040650406504065045 2.302585092994046 0.009360102004040837
set 0.0040650406504065045 0.4620354595965586 0.001878192925189263
getLogWriter 0.0040650406504065045 4.605170185988092 0.018720204008081675
setLoginTimeout 0.0040650406504065045 4.605170185988092 0.018720204008081675
int 0.0040650406504065045 1.07880966137193 0.004385405127528171
seconds 0.0040650406504065045 2.995732273553991 0.012177773469731671
maximum 0.0040650406504065045 1.9661128563728327 0.00799232868444241
time 0.0040650406504065045 1.3470736479666094 0.005475909138075648
that 0.008130081300813009 0.22314355131420976 0.001814175213936665
wait 0.0040650406504065045 0.9942522733438669 0.004041675907901898
while 0.0040650406504065045 1.9661128563728327 0.00799232868444241
attempting 0.0040650406504065045 3.506557897319982 0.014254300395609683
connect 0.0040650406504065045 1.7719568419318754 0.007203076593219006
A 0.008130081300813009 0.16251892949777494 0.0013212921097380077
value 0.0040650406504065045 0.5447271754416719 0.002214338111551512
zero 0.0040650406504065045 2.659260036932778 0.010810000150133245
specifies 0.0040650406504065045 2.5257286443082556 0.01026718961100917
timeout 0.0040650406504065045 1.8971199848858813 0.0077118698572596804
system 0.0040650406504065045 1.2378743560016172 0.005032009577242347
there 0.0040650406504065045 1.2729656758128876 0.005174657218751576
one 0.0040650406504065045 1.07880966137193 0.004385405127528171
otherwise 0.0040650406504065045 1.2378743560016172 0.005032009577242347
it 0.0040650406504065045 0.47803580094299974 0.001943234963182926
no 0.008130081300813009 0.5798184952529422 0.0047139715061214815
login 0.0040650406504065045 2.5257286443082556 0.01026718961100917
limit 0.0040650406504065045 3.2188758248682006 0.013084861076700004
getLoginTimeout 0.0040650406504065045 4.605170185988092 0.018720204008081675
Gets 0.0040650406504065045 2.0402208285265546 0.008293580603766483
can 0.0040650406504065045 0.7339691750802005 0.002983614532846344
means 0.0040650406504065045 1.8325814637483102 0.007449518145318335
Returns 0.0040650406504065045 0.9942522733438669 0.004041675907901898
getParentLogger 0.0040650406504065045 4.605170185988092 0.018720204008081675
Logger 0.0040650406504065045 2.5257286443082556 0.01026718961100917
SQLFeatureNotSupportedException 0.0040650406504065045 3.2188758248682006 0.013084861076700004
Return 0.0040650406504065045 1.3470736479666094 0.005475909138075648
parent 0.0040650406504065045 2.0402208285265546 0.008293580603766483
Loggers 0.0040650406504065045 4.605170185988092 0.018720204008081675
used 0.0040650406504065045 0.6348782724359695 0.0025808059855120715
should 0.0040650406504065045 1.0498221244986776 0.004267569611783243
farthest 0.0040650406504065045 4.605170185988092 0.018720204008081675
from 0.0040650406504065045 0.38566248081198473 0.0015677336618373364
root 0.0040650406504065045 2.407945608651872 0.009788396783137691
still 0.0040650406504065045 2.302585092994046 0.009360102004040837
an 0.0040650406504065045 0.4620354595965586 0.001878192925189263
ancestor 0.0040650406504065045 2.995732273553991 0.012177773469731671
Configuring 0.0040650406504065045 3.2188758248682006 0.013084861076700004
affect 0.0040650406504065045 4.605170185988092 0.018720204008081675
generated 0.0040650406504065045 1.7719568419318754 0.007203076593219006
In 0.008130081300813009 0.1508228897345837 0.0012262023555657212
worst 0.0040650406504065045 4.605170185988092 0.018720204008081675
case 0.0040650406504065045 1.3470736479666094 0.005475909138075648
may 0.0040650406504065045 1.07880966137193 0.004385405127528171
does 0.0040650406504065045 0.7339691750802005 0.002983614532846344
use 0.008130081300813009 0.010050335853501506 8.171004758944314E-5
Platform 0.0040650406504065045 1.07880966137193 0.004385405127528171
Standard 0.0040650406504065045 1.1394342831883648 0.0046318466796274995
Ed 0.0040650406504065045 1.2729656758128876 0.005174657218751576
Prev 0.0040650406504065045 1.2729656758128876 0.005174657218751576
Next 0.0040650406504065045 1.171182981502945 0.004760906428873761
Frames 0.0040650406504065045 1.3470736479666094 0.005475909138075648
No 0.008130081300813009 0.5798184952529422 0.0047139715061214815
Classes 0.0040650406504065045 0.7133498878774648 0.0028997962921848163
Summary 0.0040650406504065045 0.6931471805599453 0.0028176714656908347
Nested 0.0040650406504065045 2.0402208285265546 0.008293580603766483
Field 0.0040650406504065045 1.1394342831883648 0.0046318466796274995
Constr 0.0040650406504065045 2.995732273553991 0.012177773469731671
Method 0.0040650406504065045 0.32850406697203605 0.0013353823860651874
Detail 0.0040650406504065045 1.9661128563728327 0.00799232868444241
Submit 0.0040650406504065045 1.07880966137193 0.004385405127528171
bug 0.0040650406504065045 1.1086626245216111 0.0045067586362667125
feature 0.0040650406504065045 1.1394342831883648 0.0046318466796274995
further 0.0040650406504065045 0.9416085398584451 0.0038276769912944926
reference 0.0040650406504065045 0.843970070294529 0.0034307726434736952
developer 0.0040650406504065045 1.07880966137193 0.004385405127528171
documentation 0.008130081300813009 0.9416085398584451 0.007655353982588985
see 0.008130081300813009 0.3566749439387324 0.0028997962921848163
SE 0.0040650406504065045 1.1086626245216111 0.0045067586362667125
Documentation 0.008130081300813009 0.9416085398584451 0.007655353982588985
That 0.008130081300813009 0.22314355131420976 0.001814175213936665
contains 0.0040650406504065045 0.5798184952529422 0.0023569857530607407
more 0.0040650406504065045 0.7339691750802005 0.002983614532846344
detailed 0.0040650406504065045 1.0498221244986776 0.004267569611783243
targeted 0.0040650406504065045 1.171182981502945 0.004760906428873761
descriptions 0.0040650406504065045 1.0498221244986776 0.004267569611783243
conceptual 0.0040650406504065045 1.171182981502945 0.004760906428873761
overviews 0.0040650406504065045 1.171182981502945 0.004760906428873761
definitions 0.0040650406504065045 0.7765287894989963 0.0031566210955243754
terms 0.0040650406504065045 1.0216512475319812 0.004153053851756022
workarounds 0.0040650406504065045 1.171182981502945 0.004760906428873761
working 0.0040650406504065045 0.9942522733438669 0.004041675907901898
code 0.0040650406504065045 0.5108256237659907 0.0020765269258780114
examples 0.0040650406504065045 0.7985076962177716 0.00324596624478769
Oracle 0.0040650406504065045 0.8915981192837835 0.0036243825987145677
its 0.0040650406504065045 0.8675005677047231 0.0035264250719704193
affiliates 0.0040650406504065045 1.171182981502945 0.004760906428873761
subject 0.0040650406504065045 1.1394342831883648 0.0046318466796274995
license 0.0040650406504065045 1.1086626245216111 0.0045067586362667125
redistribution 0.0040650406504065045 1.171182981502945 0.004760906428873761
policy 0.0040650406504065045 1.0216512475319812 0.004153053851756022
Scripting 0.0040650406504065045 1.0216512475319812 0.004153053851756022
page 0.0040650406504065045 0.843970070294529 0.0034307726434736952
tracks 0.0040650406504065045 1.07880966137193 0.004385405127528171
web 0.0040650406504065045 0.8209805520698303 0.0033373193173570344
traffic 0.0040650406504065045 1.1086626245216111 0.0045067586362667125
but 0.0040650406504065045 0.8209805520698303 0.0033373193173570344
change 0.0040650406504065045 0.9162907318741551 0.0037247590726591675
content 0.0040650406504065045 0.44628710262841953 0.001814175213936665
any 0.0040650406504065045 0.5978370007556204 0.002430231710388701
way 0.0040650406504065045 1.1086626245216111 0.0045067586362667125
