org 0.11173184357541899 0.05129329438755048 0.005731094344977707
jsoup 0.12849162011173185 0.0 0.0
nodes 0.11173184357541899 0.7550225842780328 0.08436006528246176
Class 0.0223463687150838 0.06187540371808745 0.0013826905858790493
Hierarchy 0.0223463687150838 1.5606477482646683 0.03487481001708756
Java 0.07262569832402235 0.010050335853501506 7.299126597515061E-4
HTML 0.00558659217877095 0.0 0.0
Parser 0.00558659217877095 0.0 0.0
API 0.00558659217877095 0.0 0.0
Skip 0.0111731843575419 0.06187540371808745 6.913452929395246E-4
navigation 0.0111731843575419 0.06187540371808745 6.913452929395246E-4
links 0.0111731843575419 0.0408219945202552 4.5611167061737656E-4
Overview 0.0111731843575419 0.06187540371808745 6.913452929395246E-4
Package 0.0223463687150838 0.06187540371808745 0.0013826905858790493
Use 0.0111731843575419 0.010050335853501506 1.1229425534638555E-4
Tree 0.0111731843575419 0.0408219945202552 4.5611167061737656E-4
Deprecated 0.0111731843575419 0.06187540371808745 6.913452929395246E-4
Index 0.0111731843575419 0.06187540371808745 6.913452929395246E-4
Help 0.0111731843575419 0.05129329438755048 5.731094344977708E-4
For 0.00558659217877095 0.083381608939051 4.658190443522402E-4
Hierarchies 0.00558659217877095 2.120263536200091 0.011845047688268665
All 0.0111731843575419 0.05129329438755048 5.731094344977708E-4
Packages 0.00558659217877095 0.9162907318741551 0.005118942636168465
java 0.07262569832402235 0.010050335853501506 7.299126597515061E-4
lang 0.055865921787709494 0.653926467406664 0.03653220488305386
Object 0.0111731843575419 0.43078291609245434 0.004813216939580495
Attribute 0.00558659217877095 0.6931471805599453 0.003872330617653326
implements 0.027932960893854747 0.6931471805599453 0.019361653088266626
Cloneable 0.0223463687150838 1.3093333199837622 0.02925884513930195
util 0.00558659217877095 1.2729656758128876 0.007111540088340154
Map 0.00558659217877095 1.2378743560016172 0.006915499195539761
Entry 0.00558659217877095 1.6607312068216509 0.009277827971070676
K 0.00558659217877095 1.9661128563728327 0.010983870705993479
V 0.00558659217877095 1.3470736479666094 0.007525551105958712
Attributes 0.00558659217877095 0.3566749439387324 0.0019925974521716894
Iterable 0.00558659217877095 1.6094379124341003 0.00899127325382179
T 0.0111731843575419 1.2729656758128876 0.014223080176680308
Document 0.0223463687150838 0.40047756659712536 0.008949219365298891
OutputSettings 0.0111731843575419 1.1394342831883648 0.012731109309367205
Entities 0.0111731843575419 1.9661128563728327 0.021967741411986957
Node 0.00558659217877095 1.6607312068216509 0.009277827971070676
Comment 0.00558659217877095 1.7719568419318754 0.009899200234256288
DataNode 0.00558659217877095 2.120263536200091 0.011845047688268665
DocumentType 0.00558659217877095 1.8325814637483102 0.01023788527233693
Element 0.00558659217877095 0.7339691750802005 0.004100386452962014
FormElement 0.00558659217877095 2.0402208285265546 0.011397881723612037
PseudoTextElement 0.00558659217877095 2.207274913189721 0.012331144766423023
TextNode 0.00558659217877095 2.302585092994046 0.012863603871475117
CDataNode 0.00558659217877095 2.302585092994046 0.012863603871475117
XmlDeclaration 0.00558659217877095 2.302585092994046 0.012863603871475117
Enum 0.0111731843575419 1.5141277326297755 0.016917628297539393
E 0.00558659217877095 0.7765287894989963 0.004338149662005566
Comparable 0.00558659217877095 2.120263536200091 0.011845047688268665
constant 0.00558659217877095 1.4271163556401458 0.00797271707061534
Constable 0.00558659217877095 2.8134107167600364 0.015717378305921993
io 0.00558659217877095 1.5606477482646683 0.00871870250427189
Serializable 0.00558659217877095 1.4271163556401458 0.00797271707061534
Syntax 0.00558659217877095 1.6607312068216509 0.009277827971070676
QuirksMode 0.00558659217877095 2.302585092994046 0.012863603871475117
EscapeMode 0.00558659217877095 2.120263536200091 0.011845047688268665
Copyright 0.00558659217877095 0.06187540371808745 3.456726464697623E-4
Jonathan 0.00558659217877095 0.0 0.0
Hedley 0.00558659217877095 0.0 0.0
rights 0.00558659217877095 0.06187540371808745 3.456726464697623E-4
reserved 0.00558659217877095 0.06187540371808745 3.456726464697623E-4
reserved 0.015384615384615385 0.06187540371808745 9.519292879705762E-4
