Attribute 0.06837606837606838 0.6931471805599453 0.04739467901264584
jsoup 0.006105006105006105 0.0 0.0
Java 0.008547008547008548 0.010050335853501506 8.590030644018382E-5
HTML 0.02564102564102564 0.0 0.0
Parser 0.001221001221001221 0.0 0.0
API 0.001221001221001221 0.0 0.0
Skip 0.002442002442002442 0.06187540371808745 1.5109988697945654E-4
navigation 0.002442002442002442 0.06187540371808745 1.5109988697945654E-4
links 0.002442002442002442 0.0408219945202552 9.96874103058735E-5
Overview 0.002442002442002442 0.06187540371808745 1.5109988697945654E-4
Package 0.003663003663003663 0.06187540371808745 2.266498304691848E-4
Class 0.01098901098901099 0.06187540371808745 6.799494914075545E-4
Use 0.002442002442002442 0.010050335853501506 2.4542944697195376E-5
Tree 0.002442002442002442 0.0408219945202552 9.96874103058735E-5
Deprecated 0.002442002442002442 0.06187540371808745 1.5109988697945654E-4
Index 0.003663003663003663 0.06187540371808745 2.266498304691848E-4
Help 0.002442002442002442 0.05129329438755048 1.2525835015274843E-4
org 0.002442002442002442 0.05129329438755048 1.2525835015274843E-4
nodes 0.002442002442002442 0.7550225842780328 0.0018437669945739507
java 0.008547008547008548 0.010050335853501506 8.590030644018382E-5
lang 0.007326007326007326 0.653926467406664 0.004790670090891311
Object 0.01098901098901099 0.43078291609245434 0.00473387819881818
All 0.002442002442002442 0.05129329438755048 1.2525835015274843E-4
Implemented 0.003663003663003663 1.0498221244986776 0.0038455022875409435
Interfaces 0.001221001221001221 1.0216512475319812 0.0012474374206739697
Cloneable 0.002442002442002442 1.3093333199837622 0.0031973951647955123
Map 0.008547008547008548 1.2378743560016172 0.010580122700868524
Entry 0.008547008547008548 1.6607312068216509 0.014194283818988471
String 0.07936507936507936 0.4155154439616658 0.03297741618743379
public 0.019536019536019536 0.6931471805599453 0.013541336860755952
class 0.01098901098901099 0.06187540371808745 6.799494914075545E-4
extends 0.001221001221001221 0.653926467406664 7.98445015148552E-4
implements 0.001221001221001221 0.6931471805599453 8.46333553797247E-4
A 0.020757020757020756 0.16251892949777494 0.003373408792994107
single 0.001221001221001221 1.4696759700589417 0.0017944761539181217
key 0.042735042735042736 0.7985076962177716 0.03412426052212699
value 0.03296703296703297 0.5447271754416719 0.01795803875082435
attribute 0.06837606837606838 0.6931471805599453 0.04739467901264584
Only 0.002442002442002442 0.843970070294529 0.0020609769726362124
used 0.001221001221001221 0.6348782724359695 7.751871458314646E-4
for 0.001221001221001221 0.083381608939051 1.0180904632362759E-4
presentation 0.001221001221001221 2.120263536200091 0.0025888443665446777
Constructor 0.003663003663003663 0.6733445532637655 0.0024664635650687382
Summary 0.002442002442002442 0.6931471805599453 0.001692667107594494
Constructors 0.001221001221001221 0.8915981192837835 0.001088642392287892
Description 0.002442002442002442 0.24846135929849972 6.067432461501825E-4
Create 0.007326007326007326 0.8915981192837835 0.006531854353727351
a 0.020757020757020756 0.16251892949777494 0.003373408792994107
new 0.009768009768009768 0.616186139423817 0.0060189122288040724
from 0.008547008547008548 0.38566248081198473 0.0032962605197605537
unencoded 0.007326007326007326 1.9661128563728327 0.014403757189544562
raw 0.004884004884004884 2.0402208285265546 0.009964448490972184
and 0.01098901098901099 0.09431067947124142 0.001036381093090565
val 0.01221001221001221 1.9661128563728327 0.02400626198257427
Attributes 0.006105006105006105 0.3566749439387324 0.0021775027102486715
parent 0.003663003663003663 2.0402208285265546 0.007473336368229138
Method 0.003663003663003663 0.32850406697203605 0.0012033116006301687
Modifier 0.001221001221001221 0.653926467406664 7.98445015148552E-4
Type 0.001221001221001221 0.44628710262841953 5.449170972263975E-4
clone 0.004884004884004884 0.8209805520698303 0.004009673025982078
static 0.014652014652014652 0.5621189181535412 0.00823617462496031
createFromEncoded 0.006105006105006105 2.0402208285265546 0.012455560613715229
unencodedKey 0.003663003663003663 2.407945608651872 0.008820313584805391
encodedValue 0.003663003663003663 2.407945608651872 0.008820313584805391
an 0.006105006105006105 0.4620354595965586 0.002820729301566292
encoded 0.004884004884004884 1.7147984280919266 0.008375083897884867
boolean 0.02564102564102564 0.653926467406664 0.01676734531811959
equals 0.006105006105006105 0.9942522733438669 0.006069916198680506
o 0.002442002442002442 1.3862943611198906 0.003385334215188988
getKey 0.004884004884004884 2.659260036932778 0.012987839008218696
Get 0.009768009768009768 0.6733445532637655 0.006577236173516635
the 0.02442002442002442 0.10536051565782635 0.0025729063652704847
getValidKey 0.003663003663003663 2.659260036932778 0.009740879256164021
Document 0.01221001221001221 0.40047756659712536 0.0048898359779868785
OutputSettings 0.01221001221001221 1.1394342831883648 0.013912506510236445
Syntax 0.004884004884004884 1.6607312068216509 0.008111019325136267
syntax 0.004884004884004884 1.6607312068216509 0.008111019325136267
getValue 0.004884004884004884 2.5257286443082556 0.012335671034472554
hasDeclaredValue 0.003663003663003663 2.659260036932778 0.009740879256164021
Check 0.002442002442002442 1.3093333199837622 0.0031973951647955123
if 0.01098901098901099 0.616186139423817 0.006771276257404583
this 0.01221001221001221 0.3424903089467759 0.004181810854050988
has 0.002442002442002442 0.7550225842780328 0.0018437669945739507
int 0.002442002442002442 1.07880966137193 0.0026344558275260806
hashCode 0.006105006105006105 0.9942522733438669 0.006069916198680506
html 0.02564102564102564 0.0 0.0
representation 0.004884004884004884 1.8325814637483102 0.008950336819283566
of 0.006105006105006105 0.1165338162559516 7.114396596822443E-4
e 0.002442002442002442 0.7765287894989963 0.0018962852002417491
g 0.002442002442002442 1.5606477482646683 0.0038111056123679324
protected 0.014652014652014652 1.1394342831883648 0.016695007812283735
void 0.007326007326007326 1.4696759700589417 0.01076685692350873
Appendable 0.004884004884004884 2.120263536200091 0.010355377466178711
accum 0.004884004884004884 2.995732273553991 0.014631171055208746
out 0.01098901098901099 0.9675840262617057 0.010632791497381382
isBooleanAttribute 0.003663003663003663 2.659260036932778 0.009740879256164021
Checks 0.002442002442002442 1.8325814637483102 0.004475168409641783
name 0.004884004884004884 0.6931471805599453 0.003385334215188988
is 0.014652014652014652 0.22314355131420976 0.0032695025833583847
defined 0.002442002442002442 1.1394342831883648 0.002782501302047289
as 0.008547008547008548 0.32850406697203605 0.0028077270681370605
in 0.013431013431013432 0.1508228897345837 0.002025704257729451
isDataAttribute 0.007326007326007326 2.659260036932778 0.019481758512328043
setKey 0.003663003663003663 2.659260036932778 0.009740879256164021
Set 0.008547008547008548 0.4620354595965586 0.003949021022192809
case 0.004884004884004884 1.3470736479666094 0.006579114275783196
preserved 0.004884004884004884 2.659260036932778 0.012987839008218696
setValue 0.004884004884004884 2.659260036932778 0.012987839008218696
shouldCollapseAttribute 0.007326007326007326 2.659260036932778 0.019481758512328043
Collapsible 0.003663003663003663 2.659260036932778 0.009740879256164021
it 0.002442002442002442 0.47803580094299974 0.0011673645932673987
s 0.002442002442002442 0.5447271754416719 0.0013302250926536556
empty 0.004884004884004884 1.4696759700589417 0.007177904615672487
or 0.003663003663003663 0.2613647641344075 9.573800884044231E-4
same 0.002442002442002442 0.9942522733438669 0.0024279664794722025
toString 0.004884004884004884 0.9675840262617057 0.004725685109947281
string 0.07936507936507936 0.4155154439616658 0.03297741618743379
implemented 0.003663003663003663 1.0498221244986776 0.0038455022875409435
Methods 0.001221001221001221 0.24846135929849972 3.0337162307509123E-4
inherited 0.001221001221001221 0.9942522733438669 0.0012139832397361013
finalize 0.001221001221001221 1.07880966137193 0.0013172279137630403
getClass 0.001221001221001221 1.07880966137193 0.0013172279137630403
notify 0.001221001221001221 1.0498221244986776 0.0012818340958469813
notifyAll 0.001221001221001221 1.07880966137193 0.0013172279137630403
wait 0.003663003663003663 0.9942522733438669 0.003641949719208304
Details 0.002442002442002442 0.7550225842780328 0.0018437669945739507
Nullable 0.009768009768009768 1.6607312068216509 0.016222038650272535
Parameters 0.007326007326007326 0.5978370007556204 0.004379758247293922
may 0.003663003663003663 1.07880966137193 0.003951683741289121
be 0.006105006105006105 0.47803580094299974 0.0029184114831684966
null 0.006105006105006105 1.2039728043259361 0.007350261320671161
See 0.002442002442002442 0.3566749439387324 8.710010840994686E-4
Also 0.002442002442002442 0.5108256237659907 0.00124743742067397
containing 0.001221001221001221 1.171182981502945 0.0014300158504309463
not 0.006105006105006105 0.3424903089467759 0.002090905427025494
automatically 0.001221001221001221 2.120263536200091 0.0025888443665446777
added 0.001221001221001221 1.6607312068216509 0.002027754831284067
to 0.002442002442002442 0.17435338714477774 4.2577139717894444E-4
said 0.001221001221001221 2.995732273553991 0.0036577927638021864
Specified 0.006105006105006105 0.9675840262617057 0.005907106387434101
by 0.006105006105006105 0.27443684570176036 0.0016754386184478654
interface 0.006105006105006105 0.653926467406664 0.00399222507574276
Returns 0.01098901098901099 0.9942522733438669 0.010925849157624911
must 0.001221001221001221 1.1086626245216111 0.0013536784182193054
Will 0.001221001221001221 0.5447271754416719 6.651125463268278E-4
return 0.001221001221001221 1.3470736479666094 0.001644778568945799
set 0.008547008547008548 0.4620354595965586 0.003949021022192809
attributes 0.006105006105006105 0.3566749439387324 0.0021775027102486715
have 0.001221001221001221 0.9416085398584451 0.0011497051768723384
no 0.001221001221001221 0.5798184952529422 7.079590906629331E-4
without 0.001221001221001221 1.8325814637483102 0.0022375842048208915
enabled 0.001221001221001221 1.9661128563728327 0.002400626198257427
previous 0.001221001221001221 2.302585092994046 0.00281145921000494
was 0.001221001221001221 1.3862943611198906 0.001692667107594494
href 0.001221001221001221 1.5606477482646683 0.0019055528061839662
index 0.003663003663003663 0.06187540371808745 2.266498304691848E-4
throws 0.004884004884004884 1.6094379124341003 0.00786050262483077
IOException 0.004884004884004884 1.4696759700589417 0.007177904615672487
Throws 0.004884004884004884 1.6094379124341003 0.00786050262483077
Overrides 0.004884004884004884 1.5606477482646683 0.007622211224735865
assumes 0.001221001221001221 2.207274913189721 0.0026950853640900136
can 0.001221001221001221 0.7339691750802005 8.961772589501838E-4
only 0.002442002442002442 0.843970070294529 0.0020609769726362124
run 0.001221001221001221 1.1086626245216111 0.0013536784182193054
simple 0.001221001221001221 1.4271163556401458 0.0017425108127474308
w 0.001221001221001221 1.2378743560016172 0.0015114461001240747
chars 0.001221001221001221 2.995732273553991 0.0036577927638021864
final 0.001221001221001221 1.3093333199837622 0.0015986975823977562
output 0.001221001221001221 0.9675840262617057 0.0011814212774868202
settings 0.001221001221001221 1.171182981502945 0.0014300158504309463
whether 0.001221001221001221 1.6607312068216509 0.002027754831284067
collapsible 0.003663003663003663 2.659260036932778 0.009740879256164021
Copyright 0.001221001221001221 0.06187540371808745 7.554994348972827E-5
Jonathan 0.001221001221001221 0.0 0.0
Hedley 0.001221001221001221 0.0 0.0
rights 0.001221001221001221 0.06187540371808745 7.554994348972827E-5
reserved 0.001221001221001221 0.06187540371808745 7.554994348972827E-5
