Attribute 0.011299435028248588 0.6931471805599453 0.007832171531750793
jsoup 0.005649717514124294 0.0 0.0
Java 0.011299435028248588 0.010050335853501506 1.1356311698871758E-4
HTML 0.011299435028248588 0.0 0.0
Parser 0.005649717514124294 0.0 0.0
API 0.005649717514124294 0.0 0.0
Skip 0.005649717514124294 0.06187540371808745 3.495785520795901E-4
navigation 0.005649717514124294 0.06187540371808745 3.495785520795901E-4
links 0.005649717514124294 0.0408219945202552 2.3063273740257174E-4
Overview 0.005649717514124294 0.06187540371808745 3.495785520795901E-4
Package 0.005649717514124294 0.06187540371808745 3.495785520795901E-4
Class 0.011299435028248588 0.06187540371808745 6.991571041591803E-4
Use 0.005649717514124294 0.010050335853501506 5.678155849435879E-5
Tree 0.005649717514124294 0.0408219945202552 2.3063273740257174E-4
Deprecated 0.005649717514124294 0.06187540371808745 3.495785520795901E-4
Index 0.011299435028248588 0.06187540371808745 6.991571041591803E-4
Help 0.005649717514124294 0.05129329438755048 2.8979262365847727E-4
org 0.005649717514124294 0.05129329438755048 2.8979262365847727E-4
nodes 0.005649717514124294 0.7550225842780328 0.004265664317954988
java 0.011299435028248588 0.010050335853501506 1.1356311698871758E-4
lang 0.005649717514124294 0.653926467406664 0.003694499815856859
Object 0.005649717514124294 0.43078291609245434 0.0024338017858330755
All 0.005649717514124294 0.05129329438755048 2.8979262365847727E-4
Implemented 0.011299435028248588 1.0498221244986776 0.011862396886990707
Interfaces 0.005649717514124294 1.0216512475319812 0.005772040946508368
Cloneable 0.005649717514124294 1.3093333199837622 0.00739736338973877
Map 0.005649717514124294 1.2378743560016172 0.0069936404293876675
Entry 0.005649717514124294 1.6607312068216509 0.009382662185433056
String 0.011299435028248588 0.4155154439616658 0.004695089762278709
public 0.005649717514124294 0.6931471805599453 0.003916085765875397
class 0.011299435028248588 0.06187540371808745 6.991571041591803E-4
extends 0.005649717514124294 0.653926467406664 0.003694499815856859
implements 0.005649717514124294 0.6931471805599453 0.003916085765875397
A 0.011299435028248588 0.16251892949777494 0.0018363720847206207
single 0.005649717514124294 1.4696759700589417 0.008303254068129614
key 0.005649717514124294 0.7985076962177716 0.004511342916484585
value 0.005649717514124294 0.5447271754416719 0.003077554663512271
attribute 0.011299435028248588 0.6931471805599453 0.007832171531750793
Only 0.011299435028248588 0.843970070294529 0.009536384975079424
used 0.005649717514124294 0.6348782724359695 0.003586882895118472
for 0.005649717514124294 0.083381608939051 4.710825363788192E-4
presentation 0.005649717514124294 2.120263536200091 0.011978890035028762
Constructor 0.005649717514124294 0.6733445532637655 0.0038042065156144943
Summary 0.005649717514124294 0.6931471805599453 0.003916085765875397
Constructors 0.005649717514124294 0.8915981192837835 0.005037277510077873
Description 0.005649717514124294 0.24846135929849972 0.0014037364932118629
Create 0.005649717514124294 0.8915981192837835 0.005037277510077873
a 0.011299435028248588 0.16251892949777494 0.0018363720847206207
new 0.005649717514124294 0.616186139423817 0.0034812776238633725
from 0.005649717514124294 0.38566248081198473 0.0021788840723840947
unencoded 0.005649717514124294 1.9661128563728327 0.011107982239394534
raw 0.005649717514124294 2.0402208285265546 0.011526671347607653
and 0.005649717514124294 0.09431067947124142 5.328286975776351E-4
val 0.005649717514124294 1.9661128563728327 0.011107982239394534
Attributes 0.011299435028248588 0.3566749439387324 0.004030225355239914
parent 0.005649717514124294 2.0402208285265546 0.011526671347607653
Method 0.005649717514124294 0.32850406697203605 0.001855955180632972
Modifier 0.005649717514124294 0.653926467406664 0.003694499815856859
Type 0.005649717514124294 0.44628710262841953 0.002521396060047568
clone 0.005649717514124294 0.8209805520698303 0.004638308203784352
static 0.005649717514124294 0.5621189181535412 0.0031758130969126623
createFromEncoded 0.005649717514124294 2.0402208285265546 0.011526671347607653
unencodedKey 0.005649717514124294 2.407945608651872 0.013604212478259162
encodedValue 0.005649717514124294 2.407945608651872 0.013604212478259162
an 0.005649717514124294 0.4620354595965586 0.0026103698282291445
encoded 0.005649717514124294 1.7147984280919266 0.009688126712383767
boolean 0.005649717514124294 0.653926467406664 0.003694499815856859
equals 0.005649717514124294 0.9942522733438669 0.005617244482168739
o 0.005649717514124294 1.3862943611198906 0.007832171531750793
getKey 0.005649717514124294 2.659260036932778 0.015024068005269932
Get 0.005649717514124294 0.6733445532637655 0.0038042065156144943
the 0.005649717514124294 0.10536051565782635 5.952571506091884E-4
getValidKey 0.005649717514124294 2.659260036932778 0.015024068005269932
Document 0.005649717514124294 0.40047756659712536 0.0022625851220176574
OutputSettings 0.005649717514124294 1.1394342831883648 0.006437481825922965
Syntax 0.011299435028248588 1.6607312068216509 0.018765324370866112
syntax 0.011299435028248588 1.6607312068216509 0.018765324370866112
getValue 0.005649717514124294 2.5257286443082556 0.01426965335767376
hasDeclaredValue 0.005649717514124294 2.659260036932778 0.015024068005269932
Check 0.005649717514124294 1.3093333199837622 0.00739736338973877
if 0.005649717514124294 0.616186139423817 0.0034812776238633725
this 0.005649717514124294 0.3424903089467759 0.00193497349687444
has 0.005649717514124294 0.7550225842780328 0.004265664317954988
int 0.005649717514124294 1.07880966137193 0.006094969838259492
hashCode 0.005649717514124294 0.9942522733438669 0.005617244482168739
html 0.011299435028248588 0.0 0.0
representation 0.005649717514124294 1.8325814637483102 0.010353567591798363
of 0.005649717514124294 0.1165338162559516 6.583831426889921E-4
e 0.005649717514124294 0.7765287894989963 0.004387168302254216
g 0.005649717514124294 1.5606477482646683 0.008817218916749539
protected 0.005649717514124294 1.1394342831883648 0.006437481825922965
void 0.005649717514124294 1.4696759700589417 0.008303254068129614
Appendable 0.005649717514124294 2.120263536200091 0.011978890035028762
accum 0.005649717514124294 2.995732273553991 0.016925041093525373
out 0.005649717514124294 0.9675840262617057 0.005466576419557659
isBooleanAttribute 0.005649717514124294 2.659260036932778 0.015024068005269932
Checks 0.005649717514124294 1.8325814637483102 0.010353567591798363
name 0.005649717514124294 0.6931471805599453 0.003916085765875397
is 0.005649717514124294 0.22314355131420976 0.001260698030023784
defined 0.005649717514124294 1.1394342831883648 0.006437481825922965
as 0.005649717514124294 0.32850406697203605 0.001855955180632972
in 0.005649717514124294 0.1508228897345837 8.521067216643146E-4
isDataAttribute 0.005649717514124294 2.659260036932778 0.015024068005269932
setKey 0.005649717514124294 2.659260036932778 0.015024068005269932
Set 0.011299435028248588 0.4620354595965586 0.005220739656458289
case 0.005649717514124294 1.3470736479666094 0.0076105855817322566
preserved 0.005649717514124294 2.659260036932778 0.015024068005269932
setValue 0.005649717514124294 2.659260036932778 0.015024068005269932
shouldCollapseAttribute 0.005649717514124294 2.659260036932778 0.015024068005269932
Collapsible 0.011299435028248588 2.659260036932778 0.030048136010539864
it 0.005649717514124294 0.47803580094299974 0.0027007672369661
s 0.005649717514124294 0.5447271754416719 0.003077554663512271
empty 0.005649717514124294 1.4696759700589417 0.008303254068129614
or 0.005649717514124294 0.2613647641344075 0.0014766370855051271
same 0.005649717514124294 0.9942522733438669 0.005617244482168739
toString 0.005649717514124294 0.9675840262617057 0.005466576419557659
string 0.011299435028248588 0.4155154439616658 0.004695089762278709
implemented 0.011299435028248588 1.0498221244986776 0.011862396886990707
Methods 0.005649717514124294 0.24846135929849972 0.0014037364932118629
inherited 0.005649717514124294 0.9942522733438669 0.005617244482168739
finalize 0.005649717514124294 1.07880966137193 0.006094969838259492
getClass 0.005649717514124294 1.07880966137193 0.006094969838259492
notify 0.005649717514124294 1.0498221244986776 0.005931198443495354
notifyAll 0.005649717514124294 1.07880966137193 0.006094969838259492
wait 0.005649717514124294 0.9942522733438669 0.005617244482168739
Details 0.005649717514124294 0.7550225842780328 0.004265664317954988
Nullable 0.005649717514124294 1.6607312068216509 0.009382662185433056
Parameters 0.005649717514124294 0.5978370007556204 0.003377610173760567
may 0.005649717514124294 1.07880966137193 0.006094969838259492
be 0.005649717514124294 0.47803580094299974 0.0027007672369661
null 0.005649717514124294 1.2039728043259361 0.006802106239129583
See 0.005649717514124294 0.3566749439387324 0.002015112677619957
Also 0.005649717514124294 0.5108256237659907 0.002886020473254185
containing 0.005649717514124294 1.171182981502945 0.006616853002841498
not 0.005649717514124294 0.3424903089467759 0.00193497349687444
automatically 0.005649717514124294 2.120263536200091 0.011978890035028762
added 0.005649717514124294 1.6607312068216509 0.009382662185433056
to 0.005649717514124294 0.17435338714477774 9.850473849987442E-4
said 0.005649717514124294 2.995732273553991 0.016925041093525373
Specified 0.005649717514124294 0.9675840262617057 0.005466576419557659
by 0.005649717514124294 0.27443684570176036 0.0015504906536822618
interface 0.005649717514124294 0.653926467406664 0.003694499815856859
Returns 0.005649717514124294 0.9942522733438669 0.005617244482168739
must 0.005649717514124294 1.1086626245216111 0.006263630647014752
Will 0.005649717514124294 0.5447271754416719 0.003077554663512271
return 0.005649717514124294 1.3470736479666094 0.0076105855817322566
set 0.011299435028248588 0.4620354595965586 0.005220739656458289
attributes 0.011299435028248588 0.3566749439387324 0.004030225355239914
have 0.005649717514124294 0.9416085398584451 0.00531982225908726
no 0.005649717514124294 0.5798184952529422 0.003275810707643741
without 0.005649717514124294 1.8325814637483102 0.010353567591798363
enabled 0.005649717514124294 1.9661128563728327 0.011107982239394534
previous 0.005649717514124294 2.302585092994046 0.013008955327649977
was 0.005649717514124294 1.3862943611198906 0.007832171531750793
href 0.005649717514124294 1.5606477482646683 0.008817218916749539
index 0.011299435028248588 0.06187540371808745 6.991571041591803E-4
throws 0.011299435028248588 1.6094379124341003 0.018185739123549156
IOException 0.005649717514124294 1.4696759700589417 0.008303254068129614
Throws 0.011299435028248588 1.6094379124341003 0.018185739123549156
Overrides 0.005649717514124294 1.5606477482646683 0.008817218916749539
assumes 0.005649717514124294 2.207274913189721 0.012470479735535148
can 0.005649717514124294 0.7339691750802005 0.004146718503277969
only 0.011299435028248588 0.843970070294529 0.009536384975079424
run 0.005649717514124294 1.1086626245216111 0.006263630647014752
simple 0.005649717514124294 1.4271163556401458 0.008062804269153366
w 0.005649717514124294 1.2378743560016172 0.0069936404293876675
chars 0.005649717514124294 2.995732273553991 0.016925041093525373
final 0.005649717514124294 1.3093333199837622 0.00739736338973877
output 0.005649717514124294 0.9675840262617057 0.005466576419557659
settings 0.005649717514124294 1.171182981502945 0.006616853002841498
whether 0.005649717514124294 1.6607312068216509 0.009382662185433056
collapsible 0.011299435028248588 2.659260036932778 0.030048136010539864
Copyright 0.005649717514124294 0.06187540371808745 3.495785520795901E-4
Jonathan 0.005649717514124294 0.0 0.0
Hedley 0.005649717514124294 0.0 0.0
rights 0.005649717514124294 0.06187540371808745 3.495785520795901E-4
reserved 0.005649717514124294 0.06187540371808745 3.495785520795901E-4
