Uses 0.012461059190031152 0.9942522733438669 0.012389436427960959
of 0.024922118380062305 0.1165338162559516 0.002904269564011255
Class 0.012461059190031152 0.06187540371808745 7.710330681381614E-4
org 0.03115264797507788 0.05129329438755048 0.0015979219435373981
jsoup 0.04361370716510903 0.0 0.0
nodes 0.024922118380062305 0.7550225842780328 0.018816762224997702
Attribute 0.07165109034267912 0.6931471805599453 0.049664751255073955
Java 0.006230529595015576 0.010050335853501506 6.261891497508726E-5
HTML 0.012461059190031152 0.0 0.0
Parser 0.003115264797507788 0.0 0.0
API 0.006230529595015576 0.0 0.0
Skip 0.006230529595015576 0.06187540371808745 3.855165340690807E-4
navigation 0.006230529595015576 0.06187540371808745 3.855165340690807E-4
links 0.006230529595015576 0.0408219945202552 2.543426449860137E-4
Overview 0.006230529595015576 0.06187540371808745 3.855165340690807E-4
Package 0.009345794392523364 0.06187540371808745 5.78274801103621E-4
Use 0.012461059190031152 0.010050335853501506 1.2523782995017452E-4
Tree 0.006230529595015576 0.0408219945202552 2.543426449860137E-4
Deprecated 0.009345794392523364 0.06187540371808745 5.78274801103621E-4
Index 0.006230529595015576 0.06187540371808745 3.855165340690807E-4
Help 0.006230529595015576 0.05129329438755048 3.195843887074796E-4
Packages 0.003115264797507788 0.9162907318741551 0.0028544882612902027
that 0.012461059190031152 0.22314355131420976 0.0027806050008001215
use 0.012461059190031152 0.010050335853501506 1.2523782995017452E-4
Description 0.01557632398753894 0.24846135929849972 0.0038701146308177527
document 0.003115264797507788 0.40047756659712536 0.0012475936654116053
structure 0.003115264797507788 1.4696759700589417 0.004578429813267731
safety 0.009345794392523364 0.9162907318741551 0.008563464783870607
Contains 0.006230529595015576 0.5798184952529422 0.0036125762944108544
the 0.01557632398753894 0.10536051565782635 0.0016411295273804727
cleaner 0.003115264797507788 0.9162907318741551 0.0028544882612902027
and 0.028037383177570093 0.09431067947124142 0.0026442246580721893
safelist 0.009345794392523364 0.9162907318741551 0.008563464783870607
definitions 0.006230529595015576 0.7765287894989963 0.004838185604355117
in 0.021806853582554516 0.1508228897345837 0.003288972673339831
Methods 0.012461059190031152 0.24846135929849972 0.003096091704654202
return 0.006230529595015576 1.3470736479666094 0.008392982230321554
Modifier 0.012461059190031152 0.653926467406664 0.008148616416282417
Type 0.021806853582554516 0.44628710262841953 0.009732117502800425
Method 0.018691588785046728 0.32850406697203605 0.006140262934056748
clone 0.003115264797507788 0.8209805520698303 0.002557571813301652
static 0.003115264797507788 0.5621189181535412 0.0017511492777368884
createFromEncoded 0.003115264797507788 2.0402208285265546 0.006355828126250949
String 0.012461059190031152 0.4155154439616658 0.00517776254157839
unencodedKey 0.003115264797507788 2.407945608651872 0.007501388188946641
encodedValue 0.003115264797507788 2.407945608651872 0.007501388188946641
Create 0.003115264797507788 0.8915981192837835 0.0027775642345289208
a 0.01557632398753894 0.16251892949777494 0.0025314474999653417
new 0.006230529595015576 0.616186139423817 0.0038391659777184855
from 0.003115264797507788 0.38566248081198473 0.0012014407501930988
an 0.006230529595015576 0.4620354595965586 0.002878725604962982
unencoded 0.003115264797507788 1.9661128563728327 0.006124962169385771
key 0.006230529595015576 0.7985076962177716 0.004975125833132533
attribute 0.07165109034267912 0.6931471805599453 0.049664751255073955
encoded 0.003115264797507788 1.7147984280919266 0.005342051177856469
value 0.003115264797507788 0.5447271754416719 0.0016969693938992895
types 0.003115264797507788 1.6094379124341003 0.005013825272380375
with 0.012461059190031152 0.23572233352106994 0.002937349950418317
arguments 0.003115264797507788 2.5257286443082556 0.007868313533670578
type 0.021806853582554516 0.44628710262841953 0.009732117502800425
List 0.006230529595015576 0.653926467406664 0.004074308208141209
Attributes 0.01557632398753894 0.3566749439387324 0.005555684485026985
asList 0.003115264797507788 1.8971199848858813 0.005910031105563493
Get 0.003115264797507788 0.6733445532637655 0.0020976465833762166
attributes 0.01557632398753894 0.3566749439387324 0.005555684485026985
as 0.003115264797507788 0.32850406697203605 0.0010233771556761248
for 0.009345794392523364 0.083381608939051 7.792673732621589E-4
iteration 0.003115264797507788 1.8971199848858813 0.005910031105563493
Iterator 0.006230529595015576 1.6094379124341003 0.01002765054476075
iterator 0.006230529595015576 1.6094379124341003 0.01002765054476075
parameters 0.006230529595015576 0.5978370007556204 0.0037248411262032423
put 0.003115264797507788 1.7147984280919266 0.005342051177856469
Set 0.003115264797507788 0.4620354595965586 0.001439362802481491
or 0.009345794392523364 0.2613647641344075 0.0024426613470505372
replace 0.003115264797507788 1.7147984280919266 0.005342051177856469
existing 0.003115264797507788 1.2729656758128876 0.0039656251582956
one 0.003115264797507788 1.07880966137193 0.003360777761283271
by 0.006230529595015576 0.27443684570176036 0.0017098868891075412
protected 0.006230529595015576 1.1394342831883648 0.007099279022980466
boolean 0.006230529595015576 0.653926467406664 0.004074308208141209
Safelist 0.009345794392523364 0.9162907318741551 0.008563464783870607
isSafeAttribute 0.006230529595015576 2.302585092994046 0.014346324566941095
tagName 0.006230529595015576 2.302585092994046 0.014346324566941095
Element 0.006230529595015576 0.7339691750802005 0.004573016667166359
el 0.006230529595015576 2.5257286443082556 0.015736627067341157
attr 0.006230529595015576 1.7719568419318754 0.011040229544746887
Test 0.003115264797507788 1.1394342831883648 0.003549639511490233
if 0.003115264797507788 0.616186139423817 0.0019195829888592427
supplied 0.003115264797507788 1.5141277326297755 0.004716908824391824
is 0.006230529595015576 0.22314355131420976 0.0013903025004000607
allowed 0.003115264797507788 1.3862943611198906 0.004318674022180344
this 0.009345794392523364 0.3424903089467759 0.0032008440088483726
tag 0.003115264797507788 0.843970070294529 0.0026291902501387196
Whitelist 0.003115264797507788 1.1086626245216111 0.0034537776464847697
Copyright 0.006230529595015576 0.06187540371808745 3.855165340690807E-4
Jonathan 0.003115264797507788 0.0 0.0
Hedley 0.003115264797507788 0.0 0.0
All 0.006230529595015576 0.05129329438755048 3.195843887074796E-4
rights 0.006230529595015576 0.06187540371808745 3.855165340690807E-4
reserved 0.006230529595015576 0.06187540371808745 3.855165340690807E-4
ry 0.003115264797507788 4.605170185988092 0.014346324566941095
Nested 0.003115264797507788 2.0402208285265546 0.006355828126250949
Field 0.006230529595015576 1.1394342831883648 0.007099279022980466
Constr 0.006230529595015576 2.995732273553991 0.018664998589121438
Detail 0.003115264797507788 1.9661128563728327 0.006124962169385771
Submit 0.003115264797507788 1.07880966137193 0.003360777761283271
bug 0.003115264797507788 1.1086626245216111 0.0034537776464847697
feature 0.003115264797507788 1.1394342831883648 0.003549639511490233
For 0.009345794392523364 0.083381608939051 7.792673732621589E-4
further 0.003115264797507788 0.9416085398584451 0.002933359937253723
reference 0.003115264797507788 0.843970070294529 0.0026291902501387196
developer 0.006230529595015576 1.07880966137193 0.006721555522566542
documentation 0.012461059190031152 0.9416085398584451 0.011733439749014892
see 0.006230529595015576 0.3566749439387324 0.0022222737940107936
SE 0.003115264797507788 1.1086626245216111 0.0034537776464847697
Documentation 0.012461059190031152 0.9416085398584451 0.011733439749014892
That 0.012461059190031152 0.22314355131420976 0.0027806050008001215
contains 0.006230529595015576 0.5798184952529422 0.0036125762944108544
more 0.003115264797507788 0.7339691750802005 0.0022865083335831793
detailed 0.003115264797507788 1.0498221244986776 0.0032704739080955687
targeted 0.003115264797507788 1.171182981502945 0.0036485451137163397
descriptions 0.003115264797507788 1.0498221244986776 0.0032704739080955687
conceptual 0.003115264797507788 1.171182981502945 0.0036485451137163397
overviews 0.003115264797507788 1.171182981502945 0.0036485451137163397
terms 0.006230529595015576 1.0216512475319812 0.006365428333532593
workarounds 0.003115264797507788 1.171182981502945 0.0036485451137163397
working 0.003115264797507788 0.9942522733438669 0.0030973591069902396
code 0.003115264797507788 0.5108256237659907 0.0015913570833831485
examples 0.003115264797507788 0.7985076962177716 0.0024875629165662665
Oracle 0.003115264797507788 0.8915981192837835 0.0027775642345289208
its 0.003115264797507788 0.8675005677047231 0.0027024939803885453
affiliates 0.003115264797507788 1.171182981502945 0.0036485451137163397
subject 0.003115264797507788 1.1394342831883648 0.003549639511490233
to 0.003115264797507788 0.17435338714477774 5.43156969298373E-4
license 0.003115264797507788 1.1086626245216111 0.0034537776464847697
Also 0.003115264797507788 0.5108256237659907 0.0015913570833831485
redistribution 0.003115264797507788 1.171182981502945 0.0036485451137163397
policy 0.003115264797507788 1.0216512475319812 0.0031827141667662966
Scripting 0.003115264797507788 1.0216512475319812 0.0031827141667662966
on 0.003115264797507788 0.5447271754416719 0.0016969693938992895
page 0.006230529595015576 0.843970070294529 0.005258380500277439
tracks 0.003115264797507788 1.07880966137193 0.003360777761283271
web 0.003115264797507788 0.8209805520698303 0.002557571813301652
traffic 0.003115264797507788 1.1086626245216111 0.0034537776464847697
but 0.003115264797507788 0.8209805520698303 0.002557571813301652
does 0.003115264797507788 0.7339691750802005 0.0022865083335831793
not 0.003115264797507788 0.3424903089467759 0.0010669480029494576
change 0.003115264797507788 0.9162907318741551 0.0028544882612902027
content 0.003115264797507788 0.44628710262841953 0.0013903025004000607
any 0.003115264797507788 0.5978370007556204 0.0018624205631016212
way 0.003115264797507788 1.1086626245216111 0.0034537776464847697
