Uses 0.01 0.9942522733438669 0.00994252273343867
of 0.01 0.1165338162559516 0.0011653381625595161
Class 0.01 0.06187540371808745 6.187540371808746E-4
org 0.01 0.05129329438755048 5.129329438755048E-4
jsoup 0.01 0.0 0.0
nodes 0.01 0.7550225842780328 0.007550225842780328
Attribute 0.02 0.6931471805599453 0.013862943611198907
Java 0.01 0.010050335853501506 1.0050335853501507E-4
HTML 0.01 0.0 0.0
Parser 0.01 0.0 0.0
API 0.01 0.0 0.0
Skip 0.01 0.06187540371808745 6.187540371808746E-4
navigation 0.01 0.06187540371808745 6.187540371808746E-4
links 0.01 0.0408219945202552 4.08219945202552E-4
Overview 0.01 0.06187540371808745 6.187540371808746E-4
Package 0.01 0.06187540371808745 6.187540371808746E-4
Use 0.02 0.010050335853501506 2.0100671707003014E-4
Tree 0.01 0.0408219945202552 4.08219945202552E-4
Deprecated 0.01 0.06187540371808745 6.187540371808746E-4
Index 0.01 0.06187540371808745 6.187540371808746E-4
Help 0.01 0.05129329438755048 5.129329438755048E-4
Packages 0.01 0.9162907318741551 0.009162907318741552
that 0.01 0.22314355131420976 0.0022314355131420978
use 0.02 0.010050335853501506 2.0100671707003014E-4
Description 0.01 0.24846135929849972 0.002484613592984997
document 0.01 0.40047756659712536 0.004004775665971253
structure 0.01 1.4696759700589417 0.014696759700589417
safety 0.01 0.9162907318741551 0.009162907318741552
Contains 0.01 0.5798184952529422 0.005798184952529421
the 0.01 0.10536051565782635 0.0010536051565782636
cleaner 0.01 0.9162907318741551 0.009162907318741552
and 0.01 0.09431067947124142 9.431067947124141E-4
safelist 0.02 0.9162907318741551 0.018325814637483104
definitions 0.01 0.7765287894989963 0.007765287894989963
in 0.01 0.1508228897345837 0.0015082288973458369
Methods 0.01 0.24846135929849972 0.002484613592984997
return 0.01 1.3470736479666094 0.013470736479666096
Modifier 0.01 0.653926467406664 0.0065392646740666405
Type 0.02 0.44628710262841953 0.008925742052568391
Method 0.01 0.32850406697203605 0.0032850406697203607
clone 0.01 0.8209805520698303 0.008209805520698303
static 0.01 0.5621189181535412 0.005621189181535412
createFromEncoded 0.01 2.0402208285265546 0.020402208285265545
String 0.01 0.4155154439616658 0.004155154439616658
unencodedKey 0.01 2.407945608651872 0.02407945608651872
encodedValue 0.01 2.407945608651872 0.02407945608651872
Create 0.01 0.8915981192837835 0.008915981192837836
a 0.01 0.16251892949777494 0.0016251892949777494
new 0.01 0.616186139423817 0.006161861394238169
from 0.01 0.38566248081198473 0.0038566248081198474
an 0.01 0.4620354595965586 0.004620354595965586
unencoded 0.01 1.9661128563728327 0.019661128563728328
key 0.01 0.7985076962177716 0.007985076962177717
attribute 0.02 0.6931471805599453 0.013862943611198907
encoded 0.01 1.7147984280919266 0.017147984280919265
value 0.01 0.5447271754416719 0.005447271754416719
types 0.01 1.6094379124341003 0.016094379124341
with 0.01 0.23572233352106994 0.0023572233352106993
arguments 0.01 2.5257286443082556 0.025257286443082557
type 0.02 0.44628710262841953 0.008925742052568391
List 0.01 0.653926467406664 0.0065392646740666405
Attributes 0.02 0.3566749439387324 0.007133498878774648
asList 0.01 1.8971199848858813 0.018971199848858814
Get 0.01 0.6733445532637655 0.0067334455326376556
attributes 0.02 0.3566749439387324 0.007133498878774648
as 0.01 0.32850406697203605 0.0032850406697203607
for 0.01 0.083381608939051 8.3381608939051E-4
iteration 0.01 1.8971199848858813 0.018971199848858814
Iterator 0.02 1.6094379124341003 0.032188758248682
iterator 0.02 1.6094379124341003 0.032188758248682
parameters 0.01 0.5978370007556204 0.005978370007556204
put 0.01 1.7147984280919266 0.017147984280919265
Set 0.01 0.4620354595965586 0.004620354595965586
or 0.01 0.2613647641344075 0.0026136476413440753
replace 0.01 1.7147984280919266 0.017147984280919265
existing 0.01 1.2729656758128876 0.012729656758128876
one 0.01 1.07880966137193 0.0107880966137193
by 0.01 0.27443684570176036 0.0027443684570176035
protected 0.01 1.1394342831883648 0.011394342831883649
boolean 0.01 0.653926467406664 0.0065392646740666405
Safelist 0.02 0.9162907318741551 0.018325814637483104
isSafeAttribute 0.01 2.302585092994046 0.02302585092994046
tagName 0.01 2.302585092994046 0.02302585092994046
Element 0.01 0.7339691750802005 0.007339691750802005
el 0.01 2.5257286443082556 0.025257286443082557
attr 0.01 1.7719568419318754 0.017719568419318755
Test 0.01 1.1394342831883648 0.011394342831883649
if 0.01 0.616186139423817 0.006161861394238169
supplied 0.01 1.5141277326297755 0.015141277326297756
is 0.01 0.22314355131420976 0.0022314355131420978
allowed 0.01 1.3862943611198906 0.013862943611198907
this 0.01 0.3424903089467759 0.003424903089467759
tag 0.01 0.843970070294529 0.00843970070294529
Whitelist 0.01 1.1086626245216111 0.011086626245216112
Copyright 0.01 0.06187540371808745 6.187540371808746E-4
Jonathan 0.01 0.0 0.0
Hedley 0.01 0.0 0.0
All 0.01 0.05129329438755048 5.129329438755048E-4
rights 0.01 0.06187540371808745 6.187540371808746E-4
reserved 0.01 0.06187540371808745 6.187540371808746E-4
