Attributes 0.03511530398322851 0.3566749439387324 0.012524749079609576
jsoup 0.003668763102725367 0.0 0.0
Java 0.002620545073375262 0.010050335853501506 2.633735810666013E-5
HTML 0.005765199161425576 0.0 0.0
Parser 5.241090146750524E-4 0.0 0.0
API 5.241090146750524E-4 0.0 0.0
Skip 0.0010482180293501049 0.06187540371808745 6.485891375061579E-5
navigation 0.0010482180293501049 0.06187540371808745 6.485891375061579E-5
links 0.0010482180293501049 0.0408219945202552 4.279035065016269E-5
Overview 0.0010482180293501049 0.06187540371808745 6.485891375061579E-5
Package 0.0015723270440251573 0.06187540371808745 9.728837062592368E-5
Class 0.0047169811320754715 0.06187540371808745 2.91865111877771E-4
Use 0.0020964360587002098 0.010050335853501506 2.1069886485328105E-5
Tree 0.0010482180293501049 0.0408219945202552 4.279035065016269E-5
Deprecated 0.0010482180293501049 0.06187540371808745 6.485891375061579E-5
Index 0.0010482180293501049 0.06187540371808745 6.485891375061579E-5
Help 0.0010482180293501049 0.05129329438755048 5.376655596179296E-5
org 0.0010482180293501049 0.05129329438755048 5.376655596179296E-5
nodes 0.0010482180293501049 0.7550225842780328 7.91428285406743E-4
java 0.002620545073375262 0.010050335853501506 2.633735810666013E-5
lang 0.0015723270440251573 0.653926467406664 0.0010281862695073335
Object 0.005765199161425576 0.43078291609245434 0.002483549306612682
All 0.005241090146750524 0.05129329438755048 2.688327798089648E-4
Implemented 5.241090146750524E-4 1.0498221244986776 5.502212392550722E-4
Interfaces 5.241090146750524E-4 1.0216512475319812 5.354566286855248E-4
Cloneable 0.0010482180293501049 1.3093333199837622 0.0013724667924358096
Iterable 0.0020964360587002098 1.6094379124341003 0.0033740836738660384
Attribute 0.029350104821802937 0.6931471805599453 0.02034394240637156
public 0.014675052410901468 0.6931471805599453 0.01017197120318578
class 0.0047169811320754715 0.06187540371808745 2.91865111877771E-4
extends 5.241090146750524E-4 0.653926467406664 3.427287565024445E-4
implements 5.241090146750524E-4 0.6931471805599453 3.6328468582806357E-4
The 0.018867924528301886 0.10536051565782635 0.0019879342576948366
attributes 0.03511530398322851 0.3566749439387324 0.012524749079609576
of 0.014675052410901468 0.1165338162559516 0.0017101398611984514
an 0.012578616352201259 0.4620354595965586 0.005811766787378096
Element 5.241090146750524E-4 0.7339691750802005 3.8467986115314496E-4
are 0.0041928721174004195 0.5447271754416719 0.0022839713854996726
treated 5.241090146750524E-4 1.8325814637483102 9.604724652768922E-4
as 0.0041928721174004195 0.32850406697203605 0.00137737554285969
a 0.013626834381551363 0.16251892949777494 0.0022146185361332014
map 0.002620545073375262 1.2378743560016172 0.0032439055450776133
there 5.241090146750524E-4 1.2729656758128876 6.671727860654548E-4
can 5.241090146750524E-4 0.7339691750802005 3.8467986115314496E-4
be 0.0010482180293501049 0.47803580094299974 5.010857452232702E-4
only 0.0020964360587002098 0.843970070294529 0.0017693292878292013
one 0.002620545073375262 1.07880966137193 0.0028270693432178463
value 0.013626834381551363 0.5447271754416719 0.007422907002873936
associated 5.241090146750524E-4 1.4271163556401458 7.479645469812085E-4
with 0.011530398322851153 0.23572233352106994 0.002717972399089905
attribute 0.029350104821802937 0.6931471805599453 0.02034394240637156
key 0.037211740041928724 0.7985076962177716 0.02971386081313511
name 0.002620545073375262 0.6931471805599453 0.0018164234291403179
and 0.022536687631027254 0.09431067947124142 0.0021254503235133026
comparisons 5.241090146750524E-4 2.659260036932778 0.0013937421577215818
generally 5.241090146750524E-4 1.3470736479666094 7.060134423305082E-4
case 0.007861635220125786 1.3470736479666094 0.010590201634957622
sensitive 0.0031446540880503146 2.407945608651872 0.0075721560020499115
By 0.012578616352201259 0.27443684570176036 0.0034520357949906965
default 5.241090146750524E-4 1.0216512475319812 5.354566286855248E-4
for 0.00890985324947589 0.083381608939051 7.429178993521315E-4
names 0.0010482180293501049 1.6094379124341003 0.0016870418369330192
normalized 5.241090146750524E-4 2.407945608651872 0.001262026000341652
to 0.01519916142557652 0.17435338714477774 0.002650025276309515
lower 0.0010482180293501049 2.0402208285265546 0.0021385962563171433
on 0.0031446540880503146 0.5447271754416719 0.0017129785391247546
parsing 5.241090146750524E-4 1.2729656758128876 6.671727860654548E-4
That 0.0031446540880503146 0.22314355131420976 7.017092808622949E-4
means 5.241090146750524E-4 1.8325814637483102 9.604724652768922E-4
you 5.241090146750524E-4 0.9162907318741551 4.802362326384461E-4
should 5.241090146750524E-4 1.0498221244986776 5.502212392550722E-4
use 0.0020964360587002098 0.010050335853501506 2.1069886485328105E-5
strings 5.241090146750524E-4 2.120263536200091 0.001111249232809272
when 5.241090146750524E-4 0.843970070294529 4.423323219573003E-4
referring 5.241090146750524E-4 2.659260036932778 0.0013937421577215818
by 0.012578616352201259 0.27443684570176036 0.0034520357949906965
Author 5.241090146750524E-4 2.120263536200091 0.001111249232809272
Jonathan 0.0015723270440251573 0.0 0.0
Hedley 0.0015723270440251573 0.0 0.0
jonathan 0.0015723270440251573 0.0 0.0
hedley 0.0015723270440251573 0.0 0.0
net 5.241090146750524E-4 1.8325814637483102 9.604724652768922E-4
Field 0.0020964360587002098 1.1394342831883648 0.002388751117795314
Summary 0.0015723270440251573 0.6931471805599453 0.0010898540574841907
Fields 5.241090146750524E-4 1.1086626245216111 5.810600757450793E-4
Modifier 0.0010482180293501049 0.653926467406664 6.85457513004889E-4
Type 0.0010482180293501049 0.44628710262841953 4.678061872415299E-4
Description 0.0015723270440251573 0.24846135929849972 3.906625146202826E-4
protected 0.0010482180293501049 1.1394342831883648 0.001194375558897657
static 0.0010482180293501049 0.5621189181535412 5.892231846473179E-4
String 0.02358490566037736 0.4155154439616658 0.009799892546265704
dataPrefix 0.0015723270440251573 2.120263536200091 0.003333747698427816
Constructor 0.0015723270440251573 0.6733445532637655 0.0010587178510436566
Constructors 5.241090146750524E-4 0.8915981192837835 4.6729461178395367E-4
Method 0.003668763102725367 0.32850406697203605 0.0012052036000022289
add 0.0031446540880503146 1.171182981502945 0.0036829653506381924
Adds 0.0010482180293501049 1.5606477482646683 0.0016358991071956691
new 0.0041928721174004195 0.616186139423817 0.0025835896831187294
void 0.0041928721174004195 1.4696759700589417 0.00616216339647355
addAll 0.0015723270440251573 1.8325814637483102 0.0028814173958306767
incoming 0.002620545073375262 2.120263536200091 0.005556246164046361
Add 0.0031446540880503146 1.171182981502945 0.0036829653506381924
all 0.005241090146750524 0.05129329438755048 2.688327798089648E-4
the 0.018867924528301886 0.10536051565782635 0.0019879342576948366
from 0.0031446540880503146 0.38566248081198473 0.0012127750968930339
set 0.009958071278825996 0.4620354595965586 0.0046009820400076595
this 0.007861635220125786 0.3424903089467759 0.002692533875367735
List 0.003668763102725367 0.653926467406664 0.0023991012955171115
asList 0.0020964360587002098 1.8971199848858813 0.003977190743995558
Get 0.006813417190775681 0.6733445532637655 0.0045877773545225115
iteration 0.0010482180293501049 1.8971199848858813 0.001988595371997779
clone 0.0020964360587002098 0.8209805520698303 0.0017211332328507974
Map 0.002620545073375262 1.2378743560016172 0.0032439055450776133
dataset 0.0015723270440251573 2.407945608651872 0.0037860780010249557
Retrieves 0.0010482180293501049 2.207274913189721 0.0023137053597376534
filtered 0.0010482180293501049 2.207274913189721 0.0023137053597376534
view 0.0015723270440251573 1.4271163556401458 0.0022438936409436257
that 0.0031446540880503146 0.22314355131420976 7.017092808622949E-4
custom 0.0015723270440251573 1.8325814637483102 0.0028814173958306767
data 0.00890985324947589 0.5978370007556204 0.0053266399438393845
is 0.0031446540880503146 0.22314355131420976 7.017092808622949E-4
keys 0.0015723270440251573 1.7719568419318754 0.0027860956634148987
starting 0.0010482180293501049 1.7147984280919266 0.001797482629027177
int 0.0031446540880503146 1.07880966137193 0.0033924832118614155
deduplicate 0.0015723270440251573 2.407945608651872 0.0037860780010249557
ParseSettings 0.0010482180293501049 2.207274913189721 0.0023137053597376534
settings 0.0020964360587002098 1.171182981502945 0.002455310233758795
Internal 0.003668763102725367 1.5141277326297755 0.00555497595828534
method 0.003668763102725367 0.32850406697203605 0.0012052036000022289
boolean 0.009958071278825996 0.653926467406664 0.006511846373546445
equals 0.002620545073375262 0.9942522733438669 0.002605482896603425
o 0.0015723270440251573 1.3862943611198906 0.0021797081149683814
Checks 0.0010482180293501049 1.8325814637483102 0.0019209449305537844
if 0.012578616352201259 0.616186139423817 0.007750769049356189
these 0.009433962264150943 1.5141277326297755 0.014284223892733731
equal 0.0010482180293501049 2.207274913189721 0.0023137053597376534
another 0.0015723270440251573 1.6607312068216509 0.0026112125893422186
comparing 0.0010482180293501049 2.407945608651872 0.002524052000683304
two 0.0010482180293501049 1.4271163556401458 0.001495929093962417
sets 0.0015723270440251573 1.6094379124341003 0.002530562755399529
get 0.006813417190775681 0.6733445532637655 0.0045877773545225115
getIgnoreCase 0.0015723270440251573 2.407945608651872 0.0037860780010249557
s 0.006813417190775681 0.5447271754416719 0.003711453501436968
insensitive 0.002620545073375262 2.407945608651872 0.00631013000170826
hasDeclaredValueForKey 0.0015723270440251573 2.407945608651872 0.0037860780010249557
Check 0.0041928721174004195 1.3093333199837622 0.005489867169743238
contain 0.0041928721174004195 1.5606477482646683 0.0065435964287826765
hasDeclaredValueForKeyIgnoreCase 0.0015723270440251573 2.407945608651872 0.0037860780010249557
hashCode 0.003668763102725367 0.9942522733438669 0.0036476760552447947
Calculates 0.0010482180293501049 2.120263536200091 0.002222498465618544
hashcode 0.003668763102725367 0.9942522733438669 0.0036476760552447947
iterating 0.0010482180293501049 2.407945608651872 0.002524052000683304
summing 0.0010482180293501049 2.407945608651872 0.002524052000683304
their 0.0010482180293501049 1.2729656758128876 0.0013343455721309095
hashcodes 0.0010482180293501049 2.407945608651872 0.002524052000683304
hasKey 0.0020964360587002098 2.407945608651872 0.005048104001366608
Tests 0.0020964360587002098 1.9661128563728327 0.004121829887574073
hasKeyIgnoreCase 0.0015723270440251573 2.407945608651872 0.0037860780010249557
html 0.005765199161425576 0.0 0.0
representation 0.0010482180293501049 1.8325814637483102 0.0019209449305537844
isEmpty 0.0015723270440251573 2.0402208285265546 0.003207894384475715
Test 0.0010482180293501049 1.1394342831883648 0.001194375558897657
list 0.003668763102725367 0.653926467406664 0.0023991012955171115
empty 0.0020964360587002098 1.4696759700589417 0.003081081698236775
size 0.0031446540880503146 1.3862943611198906 0.004359416229936763
Iterator 0.003668763102725367 1.6094379124341003 0.005904646429265567
iterator 0.003668763102725367 1.6094379124341003 0.005904646429265567
normalize 0.0015723270440251573 2.407945608651872 0.0037860780010249557
put 0.005241090146750524 1.7147984280919266 0.008987413145135884
Set 0.009958071278825996 0.4620354595965586 0.0046009820400076595
remove 0.005765199161425576 1.4271163556401458 0.008227610016793294
false 0.0020964360587002098 1.1394342831883648 0.002388751117795314
or 0.003668763102725367 0.2613647641344075 9.588854030088326E-4
replace 0.0020964360587002098 1.7147984280919266 0.003594965258054354
existing 0.0020964360587002098 1.2729656758128876 0.002668691144261819
Remove 0.005765199161425576 1.4271163556401458 0.008227610016793294
removeIgnoreCase 0.0015723270440251573 2.407945608651872 0.0037860780010249557
number 0.0015723270440251573 1.2378743560016172 0.0019463433270465681
in 0.006289308176100629 0.1508228897345837 9.485716335508409E-4
including 0.0010482180293501049 1.0498221244986776 0.0011004424785101444
any 0.0015723270440251573 0.5978370007556204 9.399952842069504E-4
internal 0.003668763102725367 1.5141277326297755 0.00555497595828534
toString 0.0020964360587002098 0.9675840262617057 0.0020284780424773704
Methods 0.0015723270440251573 0.24846135929849972 3.906625146202826E-4
inherited 0.0010482180293501049 0.9942522733438669 0.00104219315864137
finalize 5.241090146750524E-4 1.07880966137193 5.654138686435693E-4
getClass 5.241090146750524E-4 1.07880966137193 5.654138686435693E-4
notify 5.241090146750524E-4 1.0498221244986776 5.502212392550722E-4
notifyAll 5.241090146750524E-4 1.07880966137193 5.654138686435693E-4
wait 0.0015723270440251573 0.9942522733438669 0.001563289737962055
interface 0.0015723270440251573 0.653926467406664 0.0010281862695073335
forEach 5.241090146750524E-4 2.407945608651872 0.001262026000341652
spliterator 5.241090146750524E-4 2.407945608651872 0.001262026000341652
Details 0.0015723270440251573 0.7550225842780328 0.0011871424281101146
final 5.241090146750524E-4 1.3093333199837622 6.862333962179048E-4
See 0.0015723270440251573 0.3566749439387324 5.608096602810258E-4
Also 0.0015723270440251573 0.5108256237659907 8.031849430282874E-4
Constant 5.241090146750524E-4 1.4271163556401458 7.479645469812085E-4
Values 5.241090146750524E-4 1.0216512475319812 5.354566286855248E-4
Parameters 0.007337526205450734 0.5978370007556204 0.004386644659632435
Returns 0.008385744234800839 0.9942522733438669 0.00833754526913096
string 0.02358490566037736 0.4155154439616658 0.009799892546265704
not 0.0020964360587002098 0.3424903089467759 7.18009033431396E-4
first 0.0010482180293501049 1.6094379124341003 0.0016870418369330192
matching 5.241090146750524E-4 2.0402208285265546 0.0010692981281585716
ora 5.241090146750524E-4 2.659260036932778 0.0013937421577215818
Nullable 0.0015723270440251573 1.6607312068216509 0.0026112125893422186
Will 5.241090146750524E-4 0.5447271754416719 2.854964231874591E-4
produce 5.241090146750524E-4 2.659260036932778 0.0013937421577215818
duplicates 5.241090146750524E-4 2.5257286443082556 0.0013237571511049559
already 5.241090146750524E-4 1.8971199848858813 9.942976859988895E-4
exists 0.002620545073375262 2.0402208285265546 0.005346490640792859
null 0.0010482180293501049 1.2039728043259361 0.0012620260003416521
may 5.241090146750524E-4 1.07880966137193 5.654138686435693E-4
chaining 0.0015723270440251573 1.7719568419318754 0.0027860956634148987
Case 0.007861635220125786 1.3470736479666094 0.010590201634957622
check 0.0041928721174004195 1.3093333199837622 0.005489867169743238
true 0.0020964360587002098 1.1086626245216111 0.002324240302980317
otherwise 0.0010482180293501049 1.2378743560016172 0.0012975622180310454
it 0.0010482180293501049 0.47803580094299974 5.010857452232702E-4
has 0.0010482180293501049 0.7550225842780328 7.91428285406743E-4
excluded 5.241090146750524E-4 2.659260036932778 0.0013937421577215818
methods 0.0015723270440251573 0.24846135929849972 3.906625146202826E-4
Specified 5.241090146750524E-4 0.9675840262617057 5.071195106193426E-4
unmodifiable 5.241090146750524E-4 2.659260036932778 0.0013937421577215818
Overrides 0.0020964360587002098 1.5606477482646683 0.0032717982143913383
Note 5.241090146750524E-4 1.3093333199837622 6.862333962179048E-4
order 5.241090146750524E-4 1.2378743560016172 6.487811090155227E-4
does 5.241090146750524E-4 0.7339691750802005 3.8467986115314496E-4
impact 5.241090146750524E-4 2.5257286443082556 0.0013237571511049559
equality 5.241090146750524E-4 2.659260036932778 0.0013937421577215818
per 5.241090146750524E-4 1.7147984280919266 8.987413145135885E-4
compare 5.241090146750524E-4 2.407945608651872 0.001262026000341652
both 5.241090146750524E-4 1.6094379124341003 8.435209184665096E-4
have 5.241090146750524E-4 0.9416085398584451 4.935055240348245E-4
same 5.241090146750524E-4 0.9942522733438669 5.21096579320685E-4
content 5.241090146750524E-4 0.44628710262841953 2.3390309362076496E-4
calculated 5.241090146750524E-4 2.659260036932778 0.0013937421577215818
Lowercases 5.241090146750524E-4 2.659260036932778 0.0013937421577215818
Removes 5.241090146750524E-4 2.120263536200091 0.001111249232809272
duplicate 5.241090146750524E-4 2.407945608651872 0.001262026000341652
Settings 0.0020964360587002098 1.171182981502945 0.002455310233758795
sensitivity 0.0010482180293501049 2.659260036932778 0.0027874843154431636
removed 5.241090146750524E-4 1.2378743560016172 6.487811090155227E-4
dupes 5.241090146750524E-4 2.659260036932778 0.0013937421577215818
Copyright 5.241090146750524E-4 0.06187540371808745 3.2429456875307894E-5
rights 5.241090146750524E-4 0.06187540371808745 3.2429456875307894E-5
reserved 5.241090146750524E-4 0.06187540371808745 3.2429456875307894E-5
ef 5.241090146750524E-4 3.506557897319982 0.0018378186044653994
https 5.241090146750524E-4 1.6607312068216509 8.704041964474062E-4
www 5.241090146750524E-4 2.0402208285265546 0.0010692981281585716
oracle 0.0110062893081761 0.8915981192837835 0.009813186847463025
com 5.241090146750524E-4 1.8325814637483102 9.604724652768922E-4
cloud 0.01939203354297694 2.302585092994046 0.04465180735889922
compute 0.003668763102725367 2.407945608651872 0.008834182002391564
lbl 5.241090146750524E-4 3.2188758248682006 0.0016870418369330192
infra 5.241090146750524E-4 3.912023005428146 0.002050326522761083
explore 0.0041928721174004195 2.5257286443082556 0.010590057208839647
services 0.003668763102725367 2.0402208285265546 0.007485086897110002
Explore 0.0041928721174004195 2.5257286443082556 0.010590057208839647
Compute 0.003668763102725367 2.407945608651872 0.008834182002391564
Arm 5.241090146750524E-4 3.2188758248682006 0.0016870418369330192
based 5.241090146750524E-4 1.2729656758128876 6.671727860654548E-4
Bare 5.241090146750524E-4 3.2188758248682006 0.0016870418369330192
Metal 5.241090146750524E-4 1.9661128563728327 0.0010304574718935182
Servers 5.241090146750524E-4 2.5257286443082556 0.0013237571511049559
GPU 5.241090146750524E-4 3.912023005428146 0.002050326522761083
Accelerated 5.241090146750524E-4 3.912023005428146 0.002050326522761083
HPC 5.241090146750524E-4 2.407945608651872 0.001262026000341652
Virtual 0.0015723270440251573 1.9661128563728327 0.003091372415680555
Machines 5.241090146750524E-4 3.2188758248682006 0.0016870418369330192
VMware 0.0015723270440251573 2.995732273553991 0.0047102708703679105
Storage 0.0041928721174004195 2.302585092994046 0.009654444834356587
Address 5.241090146750524E-4 2.659260036932778 0.0013937421577215818
cases 5.241090146750524E-4 1.6607312068216509 8.704041964474062E-4
demand 5.241090146750524E-4 2.5257286443082556 0.0013237571511049559
local 5.241090146750524E-4 1.8325814637483102 9.604724652768922E-4
object 0.005765199161425576 0.43078291609245434 0.002483549306612682
file 0.0010482180293501049 0.8915981192837835 9.345892235679073E-4
block 0.0010482180293501049 1.8971199848858813 0.001988595371997779
archive 0.0010482180293501049 2.5257286443082556 0.0026475143022099117
storage 0.0041928721174004195 2.302585092994046 0.009654444834356587
Archive 0.0010482180293501049 2.5257286443082556 0.0026475143022099117
Block 0.0010482180293501049 1.8971199848858813 0.001988595371997779
Volumes 5.241090146750524E-4 3.506557897319982 0.0018378186044653994
Data 0.00890985324947589 0.5978370007556204 0.0053266399438393845
Transfer 5.241090146750524E-4 2.302585092994046 0.0012068056042945734
Service 0.0041928721174004195 1.6607312068216509 0.006963233571579249
File 0.0010482180293501049 0.8915981192837835 9.345892235679073E-4
Gateway 5.241090146750524E-4 3.506557897319982 0.0018378186044653994
Networking 0.0020964360587002098 3.2188758248682006 0.006748167347732077
Connect 5.241090146750524E-4 1.7719568419318754 9.286985544716328E-4
securely 5.241090146750524E-4 3.506557897319982 0.0018378186044653994
customizable 5.241090146750524E-4 3.912023005428146 0.002050326522761083
isolated 0.0010482180293501049 3.2188758248682006 0.0033740836738660384
virtual 0.0015723270440251573 1.9661128563728327 0.003091372415680555
network 0.0010482180293501049 2.120263536200091 0.002222498465618544
VCN 5.241090146750524E-4 3.2188758248682006 0.0016870418369330192
heart 5.241090146750524E-4 3.2188758248682006 0.0016870418369330192
your 0.0015723270440251573 1.5141277326297755 0.0023807039821222885
deployment 0.0010482180293501049 2.659260036932778 0.0027874843154431636
Move 0.0010482180293501049 2.207274913189721 0.0023137053597376534
at 5.241090146750524E-4 1.4271163556401458 7.479645469812085E-4
cost 0.0010482180293501049 2.995732273553991 0.0031401805802452735
other 5.241090146750524E-4 0.8915981192837835 4.6729461178395367E-4
providers 5.241090146750524E-4 2.302585092994046 0.0012068056042945734
Client 5.241090146750524E-4 2.207274913189721 0.0011568526798688267
Site 0.0015723270440251573 2.0402208285265546 0.003207894384475715
VPN 0.0010482180293501049 3.912023005428146 0.004100653045522166
ClientVPN 5.241090146750524E-4 3.912023005428146 0.002050326522761083
Customer 0.0041928721174004195 2.5257286443082556 0.010590057208839647
Premises 5.241090146750524E-4 2.659260036932778 0.0013937421577215818
Equipment 5.241090146750524E-4 3.912023005428146 0.002050326522761083
DNS 5.241090146750524E-4 3.912023005428146 0.002050326522761083
Management 0.006813417190775681 1.6094379124341003 0.010965771940064624
FastConnect 5.241090146750524E-4 3.912023005428146 0.002050326522761083
Load 5.241090146750524E-4 1.8971199848858813 9.942976859988895E-4
Balancers 5.241090146750524E-4 3.912023005428146 0.002050326522761083
Gateways 5.241090146750524E-4 3.912023005428146 0.002050326522761083
site 0.0015723270440251573 2.0402208285265546 0.003207894384475715
IPSec 5.241090146750524E-4 3.912023005428146 0.002050326522761083
Cloud 0.01939203354297694 2.302585092994046 0.04465180735889922
Networks 5.241090146750524E-4 2.659260036932778 0.0013937421577215818
Oracle 0.0110062893081761 0.8915981192837835 0.009813186847463025
Databases 0.002620545073375262 2.8134107167600364 0.007372669593186679
Run 0.0015723270440251573 1.1086626245216111 0.0017431802272352378
optimized 5.241090146750524E-4 2.8134107167600364 0.0014745339186373358
high 0.002620545073375262 2.207274913189721 0.005784263399344133
performance 0.0041928721174004195 2.659260036932778 0.011149937261772654
autonomous 0.003668763102725367 2.659260036932778 0.009756195104051072
versions 5.241090146750524E-4 2.8134107167600364 0.0014745339186373358
Database 0.007337526205450734 1.8971199848858813 0.013920167603984455
world 0.0015723270440251573 2.207274913189721 0.00347055803960648
leading 5.241090146750524E-4 2.8134107167600364 0.0014745339186373358
converged 5.241090146750524E-4 3.912023005428146 0.002050326522761083
multimodel 5.241090146750524E-4 3.912023005428146 0.002050326522761083
database 0.007337526205450734 1.8971199848858813 0.013920167603984455
management 0.006813417190775681 1.6094379124341003 0.010965771940064624
system 5.241090146750524E-4 1.2378743560016172 6.487811090155227E-4
Autonomous 0.003668763102725367 2.659260036932778 0.009756195104051072
Exadata 0.002620545073375262 3.2188758248682006 0.008435209184665097
Integrator 5.241090146750524E-4 3.912023005428146 0.002050326522761083
Safe 0.0010482180293501049 1.3093333199837622 0.0013724667924358096
c 0.0010482180293501049 1.6607312068216509 0.0017408083928948123
Migration 5.241090146750524E-4 2.995732273553991 0.0015700902901226367
Enterprise 5.241090146750524E-4 2.5257286443082556 0.0013237571511049559
GoldenGate 5.241090146750524E-4 3.912023005428146 0.002050326522761083
NoSQL 5.241090146750524E-4 3.912023005428146 0.002050326522761083
Operations 0.0010482180293501049 1.6607312068216509 0.0017408083928948123
Insights 0.0015723270440251573 2.8134107167600364 0.0044236017559120076
Standard 5.241090146750524E-4 1.1394342831883648 5.971877794488285E-4
Open 0.0010482180293501049 2.207274913189721 0.0023137053597376534
Source 0.0010482180293501049 1.07880966137193 0.0011308277372871385
production 5.241090146750524E-4 2.995732273553991 0.0015700902901226367
grade 5.241090146750524E-4 3.2188758248682006 0.0016870418369330192
applications 0.0010482180293501049 1.6607312068216509 0.0017408083928948123
our 5.241090146750524E-4 2.5257286443082556 0.0013237571511049559
managed 5.241090146750524E-4 3.2188758248682006 0.0016870418369330192
MySQL 0.0015723270440251573 3.2188758248682006 0.005061125510799058
service 0.0041928721174004195 1.6607312068216509 0.006963233571579249
best 5.241090146750524E-4 1.9661128563728327 0.0010304574718935182
price 5.241090146750524E-4 2.995732273553991 0.0015700902901226367
Speed 5.241090146750524E-4 2.8134107167600364 0.0014745339186373358
analytics 0.0015723270440251573 2.8134107167600364 0.0044236017559120076
orders 5.241090146750524E-4 3.912023005428146 0.002050326522761083
magnitude 5.241090146750524E-4 3.912023005428146 0.002050326522761083
integrated 5.241090146750524E-4 2.659260036932778 0.0013937421577215818
memory 5.241090146750524E-4 2.659260036932778 0.0013937421577215818
query 5.241090146750524E-4 1.6607312068216509 8.704041964474062E-4
accelerator 5.241090146750524E-4 2.995732273553991 0.0015700902901226367
HeatWave 0.0010482180293501049 3.2188758248682006 0.0033740836738660384
Services 0.003668763102725367 2.0402208285265546 0.007485086897110002
Native 5.241090146750524E-4 2.302585092994046 0.0012068056042945734
Security 0.007337526205450734 1.7719568419318754 0.01300177976260286
Observability 0.0015723270440251573 2.995732273553991 0.0047102708703679105
Compliance 0.002620545073375262 2.995732273553991 0.007850451450613184
Protect 5.241090146750524E-4 2.5257286443082556 0.0013237571511049559
most 5.241090146750524E-4 1.8325814637483102 9.604724652768922E-4
valuable 5.241090146750524E-4 3.2188758248682006 0.0016870418369330192
security 0.007337526205450734 1.7719568419318754 0.01300177976260286
approach 5.241090146750524E-4 2.8134107167600364 0.0014745339186373358
comprehensive 5.241090146750524E-4 2.995732273553991 0.0015700902901226367
compliance 0.002620545073375262 2.995732273553991 0.007850451450613184
programs 5.241090146750524E-4 1.7719568419318754 9.286985544716328E-4
provides 5.241090146750524E-4 0.843970070294529 4.423323219573003E-4
visibility 5.241090146750524E-4 2.302585092994046 0.0012068056042945734
machine 5.241090146750524E-4 2.120263536200091 0.001111249232809272
learning 5.241090146750524E-4 2.659260036932778 0.0013937421577215818
driven 5.241090146750524E-4 2.8134107167600364 0.0014745339186373358
insights 0.0015723270440251573 2.8134107167600364 0.0044236017559120076
ease 5.241090146750524E-4 3.2188758248682006 0.0016870418369330192
across 5.241090146750524E-4 2.407945608651872 0.001262026000341652
layers 5.241090146750524E-4 3.2188758248682006 0.0016870418369330192
stack 5.241090146750524E-4 2.0402208285265546 0.0010692981281585716
deployed 5.241090146750524E-4 2.995732273553991 0.0015700902901226367
technology 0.0015723270440251573 1.7147984280919266 0.0026962239435407652
anywhere 5.241090146750524E-4 2.8134107167600364 0.0014745339186373358
infrastructure 0.003668763102725367 2.5257286443082556 0.00926630005773469
Linux 5.241090146750524E-4 2.995732273553991 0.0015700902901226367
Bastion 5.241090146750524E-4 2.995732273553991 0.0015700902901226367
Certificates 5.241090146750524E-4 2.407945608651872 0.001262026000341652
Guard 5.241090146750524E-4 2.5257286443082556 0.0013237571511049559
Hardware 5.241090146750524E-4 2.8134107167600364 0.0014745339186373358
Root 5.241090146750524E-4 2.407945608651872 0.001262026000341652
Trust 0.0010482180293501049 2.8134107167600364 0.0029490678372746716
Identity 0.0010482180293501049 1.8971199848858813 0.001988595371997779
Access 0.0015723270440251573 0.8675005677047231 0.001363994603309313
Isolated 0.0010482180293501049 3.2188758248682006 0.0033740836738660384
Network 0.0010482180293501049 2.120263536200091 0.002222498465618544
Virtualization 5.241090146750524E-4 3.2188758248682006 0.0016870418369330192
Key 0.037211740041928724 0.7985076962177716 0.02971386081313511
Zones 5.241090146750524E-4 2.995732273553991 0.0015700902901226367
Threat 5.241090146750524E-4 2.995732273553991 0.0015700902901226367
Intelligence 5.241090146750524E-4 2.5257286443082556 0.0013237571511049559
Vulnerability 5.241090146750524E-4 2.995732273553991 0.0015700902901226367
Scanning 5.241090146750524E-4 2.995732273553991 0.0015700902901226367
PDF 5.241090146750524E-4 2.659260036932778 0.0013937421577215818
Application 0.0015723270440251573 1.3093333199837622 0.0020587001886537143
Broker 5.241090146750524E-4 2.659260036932778 0.0013937421577215818
CASB 5.241090146750524E-4 2.995732273553991 0.0015700902901226367
Web 5.241090146750524E-4 0.8209805520698303 4.3028330821269934E-4
Firewall 5.241090146750524E-4 2.995732273553991 0.0015700902901226367
Performance 0.0041928721174004195 2.659260036932778 0.011149937261772654
Monitoring 0.0010482180293501049 2.407945608651872 0.002524052000683304
Logging 0.0010482180293501049 1.8971199848858813 0.001988595371997779
Analytics 0.0015723270440251573 2.8134107167600364 0.0044236017559120076
Notifications 5.241090146750524E-4 2.120263536200091 0.001111249232809272
OS 5.241090146750524E-4 2.8134107167600364 0.0014745339186373358
Resource 5.241090146750524E-4 1.6607312068216509 8.704041964474062E-4
Manager 5.241090146750524E-4 2.120263536200091 0.001111249232809272
Connector 5.241090146750524E-4 2.407945608651872 0.001262026000341652
Hub 5.241090146750524E-4 2.659260036932778 0.0013937421577215818
Corporate 5.241090146750524E-4 2.5257286443082556 0.0013237571511049559
Privacy 5.241090146750524E-4 2.302585092994046 0.0012068056042945734
Global 0.0031446540880503146 2.0402208285265546 0.00641578876895143
Center 0.0010482180293501049 2.207274913189721 0.0023137053597376534
Infrastructure 0.003668763102725367 2.5257286443082556 0.00926630005773469
Commercial 0.0010482180293501049 3.2188758248682006 0.0033740836738660384
Government 0.0020964360587002098 2.995732273553991 0.006280361160490547
Regions 0.007861635220125786 2.659260036932778 0.020906132365823726
Dedicated 0.0010482180293501049 3.2188758248682006 0.0033740836738660384
Edge 0.0015723270440251573 2.5257286443082556 0.003971271453314868
Devices 5.241090146750524E-4 2.5257286443082556 0.0013237571511049559
secure 5.241090146750524E-4 2.407945608651872 0.001262026000341652
environments 5.241090146750524E-4 2.995732273553991 0.0015700902901226367
move 0.0010482180293501049 2.207274913189721 0.0023137053597376534
build 5.241090146750524E-4 1.9661128563728327 0.0010304574718935182
run 0.0015723270440251573 1.1086626245216111 0.0017431802272352378
workloads 0.0010482180293501049 2.659260036932778 0.0027874843154431636
Hybrid 0.0010482180293501049 2.995732273553991 0.0031401805802452735
edge 0.0015723270440251573 2.5257286443082556 0.003971271453314868
offerings 5.241090146750524E-4 2.8134107167600364 0.0014745339186373358
provide 5.241090146750524E-4 1.3862943611198906 7.265693716561271E-4
specialized 5.241090146750524E-4 2.120263536200091 0.001111249232809272
disconnected 5.241090146750524E-4 2.302585092994046 0.0012068056042945734
intermittently 5.241090146750524E-4 3.2188758248682006 0.0016870418369330192
connected 5.241090146750524E-4 2.120263536200091 0.001111249232809272
operation 5.241090146750524E-4 1.6094379124341003 8.435209184665096E-4
low 5.241090146750524E-4 2.0402208285265546 0.0010692981281585716
latency 5.241090146750524E-4 2.995732273553991 0.0015700902901226367
well 5.241090146750524E-4 1.7719568419318754 9.286985544716328E-4
locality 5.241090146750524E-4 3.2188758248682006 0.0016870418369330192
regions 0.007861635220125786 2.659260036932778 0.020906132365823726
UK 5.241090146750524E-4 2.8134107167600364 0.0014745339186373358
government 0.0020964360587002098 2.995732273553991 0.006280361160490547
U 0.0015723270440251573 2.120263536200091 0.003333747698427816
S 0.006813417190775681 0.5447271754416719 0.003711453501436968
Department 5.241090146750524E-4 2.8134107167600364 0.0014745339186373358
Defense 5.241090146750524E-4 2.8134107167600364 0.0014745339186373358
FedRAMP 5.241090146750524E-4 2.995732273553991 0.0015700902901226367
National 5.241090146750524E-4 3.2188758248682006 0.0016870418369330192
Azure 0.0010482180293501049 2.659260036932778 0.0027874843154431636
Interconnect 0.0010482180293501049 2.995732273553991 0.0031401805802452735
Solution 5.241090146750524E-4 2.407945608651872 0.001262026000341652
Roving 5.241090146750524E-4 3.2188758248682006 0.0016870418369330192
Learn 0.0010482180293501049 2.302585092994046 0.002413611208589147
why 5.241090146750524E-4 2.302585092994046 0.0012068056042945734
more 0.0015723270440251573 0.7339691750802005 0.0011540395834594348
than 0.0010482180293501049 1.3862943611198906 0.0014531387433122543
customers 5.241090146750524E-4 2.5257286443082556 0.0013237571511049559
trust 0.0010482180293501049 2.8134107167600364 0.0029490678372746716
customer 0.0041928721174004195 2.5257286443082556 0.010590057208839647
stories 5.241090146750524E-4 3.2188758248682006 0.0016870418369330192
Experian 0.0015723270440251573 3.912023005428146 0.006150979568283249
FedEx 0.0015723270440251573 2.659260036932778 0.004181226473164745
Hormel 0.0010482180293501049 3.912023005428146 0.004100653045522166
Foods 0.0010482180293501049 3.912023005428146 0.004100653045522166
Johnson 0.0010482180293501049 3.912023005428146 0.004100653045522166
Controls 0.0010482180293501049 1.7147984280919266 0.001797482629027177
Siemens 0.0015723270440251573 3.912023005428146 0.006150979568283249
Mobility 0.0015723270440251573 3.912023005428146 0.006150979568283249
Toyota 0.0010482180293501049 3.2188758248682006 0.0033740836738660384
Motor 0.0010482180293501049 3.2188758248682006 0.0033740836738660384
High 0.002620545073375262 2.207274913189721 0.005784263399344133
Technology 0.0015723270440251573 1.7147984280919266 0.0026962239435407652
moves 5.241090146750524E-4 2.120263536200091 0.001111249232809272
critical 5.241090146750524E-4 2.207274913189721 0.0011568526798688267
tools 5.241090146750524E-4 2.120263536200091 0.001111249232809272
lift 5.241090146750524E-4 2.8134107167600364 0.0014745339186373358
drop 5.241090146750524E-4 1.8971199848858813 9.942976859988895E-4
costs 0.0010482180293501049 2.659260036932778 0.0027874843154431636
Read 0.0031446540880503146 1.2729656758128876 0.004003036716392729
story 0.0031446540880503146 2.659260036932778 0.00836245294632949
Transportation 0.0010482180293501049 2.8134107167600364 0.0029490678372746716
With 0.011530398322851153 0.23572233352106994 0.002717972399089905
ERP 0.0010482180293501049 2.5257286443082556 0.0026475143022099117
EPM 0.0010482180293501049 2.995732273553991 0.0031401805802452735
SCM 5.241090146750524E-4 2.995732273553991 0.0015700902901226367
responds 5.241090146750524E-4 3.2188758248682006 0.0016870418369330192
business 5.241090146750524E-4 2.5257286443082556 0.0013237571511049559
challenges 5.241090146750524E-4 3.2188758248682006 0.0016870418369330192
real 0.0010482180293501049 2.207274913189721 0.0023137053597376534
time 0.0015723270440251573 1.3470736479666094 0.0021180403269915244
better 5.241090146750524E-4 2.407945608651872 0.001262026000341652
supports 5.241090146750524E-4 1.5606477482646683 8.179495535978346E-4
organic 5.241090146750524E-4 3.2188758248682006 0.0016870418369330192
acquired 5.241090146750524E-4 2.8134107167600364 0.0014745339186373358
growth 5.241090146750524E-4 2.8134107167600364 0.0014745339186373358
Food 0.0015723270440251573 3.912023005428146 0.006150979568283249
Beverage 0.0010482180293501049 3.912023005428146 0.004100653045522166
HCM 5.241090146750524E-4 2.995732273553991 0.0015700902901226367
global 0.0031446540880503146 2.0402208285265546 0.00641578876895143
food 0.0015723270440251573 3.912023005428146 0.006150979568283249
company 5.241090146750524E-4 3.2188758248682006 0.0016870418369330192
modernizes 5.241090146750524E-4 3.912023005428146 0.002050326522761083
connects 5.241090146750524E-4 2.995732273553991 0.0015700902901226367
its 5.241090146750524E-4 0.8675005677047231 4.54664867769771E-4
core 5.241090146750524E-4 1.171182981502945 6.138275584396987E-4
systems 5.241090146750524E-4 2.407945608651872 0.001262026000341652
drive 5.241090146750524E-4 3.912023005428146 0.002050326522761083
stronger 5.241090146750524E-4 3.912023005428146 0.002050326522761083
Manufacturing 0.0015723270440251573 2.995732273553991 0.0047102708703679105
largest 0.0010482180293501049 3.2188758248682006 0.0033740836738660384
provider 5.241090146750524E-4 1.8971199848858813 9.942976859988895E-4
building 5.241090146750524E-4 2.659260036932778 0.0013937421577215818
software 5.241090146750524E-4 3.2188758248682006 0.0016870418369330192
solutions 0.0010482180293501049 2.5257286443082556 0.0026475143022099117
taps 5.241090146750524E-4 3.912023005428146 0.002050326522761083
elevate 5.241090146750524E-4 3.912023005428146 0.002050326522761083
experience 5.241090146750524E-4 2.207274913189721 0.0011568526798688267
brand 5.241090146750524E-4 2.995732273553991 0.0015700902901226367
recognition 5.241090146750524E-4 3.912023005428146 0.002050326522761083
Industrial 0.0010482180293501049 3.912023005428146 0.004100653045522166
reduced 5.241090146750524E-4 3.2188758248682006 0.0016870418369330192
while 5.241090146750524E-4 1.9661128563728327 0.0010304574718935182
improving 5.241090146750524E-4 3.912023005428146 0.002050326522761083
market 5.241090146750524E-4 2.8134107167600364 0.0014745339186373358
using 5.241090146750524E-4 0.8209805520698303 4.3028330821269934E-4
integrate 5.241090146750524E-4 3.912023005428146 0.002050326522761083
variety 5.241090146750524E-4 2.995732273553991 0.0015700902901226367
sources 5.241090146750524E-4 2.659260036932778 0.0013937421577215818
providing 5.241090146750524E-4 2.207274913189721 0.0011568526798688267
project 5.241090146750524E-4 2.659260036932778 0.0013937421577215818
managers 5.241090146750524E-4 2.659260036932778 0.0013937421577215818
accurate 5.241090146750524E-4 3.912023005428146 0.002050326522761083
information 5.241090146750524E-4 1.3470736479666094 7.060134423305082E-4
Automotive 0.0010482180293501049 3.2188758248682006 0.0033740836738660384
World 0.0015723270440251573 2.207274913189721 0.00347055803960648
automaker 5.241090146750524E-4 3.912023005428146 0.002050326522761083
shifts 5.241090146750524E-4 3.912023005428146 0.002050326522761083
computing 5.241090146750524E-4 2.302585092994046 0.0012068056042945734
improve 5.241090146750524E-4 3.2188758248682006 0.0016870418369330192
car 5.241090146750524E-4 3.2188758248682006 0.0016870418369330192
design 5.241090146750524E-4 2.407945608651872 0.001262026000341652
development 5.241090146750524E-4 2.207274913189721 0.0011568526798688267
efficiency 5.241090146750524E-4 2.8134107167600364 0.0014745339186373358
industry 5.241090146750524E-4 2.5257286443082556 0.0013237571511049559
Communications 5.241090146750524E-4 3.2188758248682006 0.0016870418369330192
Construction 5.241090146750524E-4 3.2188758248682006 0.0016870418369330192
Engineering 5.241090146750524E-4 2.302585092994046 0.0012068056042945734
Consumer 5.241090146750524E-4 3.2188758248682006 0.0016870418369330192
Goods 5.241090146750524E-4 3.912023005428146 0.002050326522761083
Energy 5.241090146750524E-4 3.912023005428146 0.002050326522761083
Water 5.241090146750524E-4 3.912023005428146 0.002050326522761083
Financial 5.241090146750524E-4 3.2188758248682006 0.0016870418369330192
Education 5.241090146750524E-4 2.995732273553991 0.0015700902901226367
Healthcare 5.241090146750524E-4 2.995732273553991 0.0015700902901226367
Hospitality 5.241090146750524E-4 3.912023005428146 0.002050326522761083
Life 5.241090146750524E-4 3.506557897319982 0.0018378186044653994
Sciences 5.241090146750524E-4 3.506557897319982 0.0018378186044653994
Media 5.241090146750524E-4 2.207274913189721 0.0011568526798688267
Entertainment 5.241090146750524E-4 3.912023005428146 0.002050326522761083
Public 0.014675052410901468 0.6931471805599453 0.01017197120318578
Safety 5.241090146750524E-4 0.9162907318741551 4.802362326384461E-4
Retail 5.241090146750524E-4 2.659260036932778 0.0013937421577215818
Travel 5.241090146750524E-4 2.995732273553991 0.0015700902901226367
about 5.241090146750524E-4 1.4696759700589417 7.702704245591938E-4
spans 5.241090146750524E-4 3.912023005428146 0.002050326522761083
interconnected 5.241090146750524E-4 3.912023005428146 0.002050326522761083
geographic 5.241090146750524E-4 3.912023005428146 0.002050326522761083
offering 5.241090146750524E-4 2.5257286443082556 0.0013237571511049559
complete 5.241090146750524E-4 1.7147984280919266 8.987413145135885E-4
suite 5.241090146750524E-4 2.5257286443082556 0.0013237571511049559
Applications 0.0010482180293501049 1.6607312068216509 0.0017408083928948123
planned 5.241090146750524E-4 3.2188758248682006 0.0016870418369330192
Current 5.241090146750524E-4 1.5606477482646683 8.179495535978346E-4
coming 5.241090146750524E-4 3.2188758248682006 0.0016870418369330192
soon 5.241090146750524E-4 3.912023005428146 0.002050326522761083
 1.6607312068216509 0.005554284972647662
planned 0.0016722408026755853 3.2188758248682006 0.0053827354930906365
Current 0.0016722408026755853 1.5606477482646683 0.0026097788432519536
coming 0.0016722408026755853 3.2188758248682006 0.0053827354930906365
soon 0.0016722408026755853 3.912023005428146 0.006541844490682518
