Uses 0.0030534351145038168 0.9942522733438669 0.00303588480410341
of 0.01603053435114504 0.1165338162559516 0.0018680993445610564
Class 0.0030534351145038168 0.06187540371808745 1.8893253043690826E-4
org 0.0053435114503816794 0.05129329438755048 2.7408630588767434E-4
jsoup 0.007633587786259542 0.0 0.0
nodes 0.0061068702290076335 0.7550225842780328 0.004610824942155926
Attributes 0.024427480916030534 0.3566749439387324 0.008712670386289647
Java 7.633587786259542E-4 0.010050335853501506 7.672012101909546E-6
HTML 0.0022900763358778627 0.0 0.0
Parser 7.633587786259542E-4 0.0 0.0
API 7.633587786259542E-4 0.0 0.0
Skip 0.0022900763358778627 0.06187540371808745 1.4169939782768118E-4
navigation 0.0015267175572519084 0.06187540371808745 9.446626521845413E-5
links 0.0015267175572519084 0.0408219945202552 6.232365575611481E-5
Overview 0.0015267175572519084 0.06187540371808745 9.446626521845413E-5
Package 0.0022900763358778627 0.06187540371808745 1.4169939782768118E-4
Use 0.003816793893129771 0.010050335853501506 3.836006050954773E-5
Tree 0.0015267175572519084 0.0408219945202552 6.232365575611481E-5
Deprecated 0.0015267175572519084 0.06187540371808745 9.446626521845413E-5
Index 0.0015267175572519084 0.06187540371808745 9.446626521845413E-5
Help 0.0022900763358778627 0.05129329438755048 1.1746555966614614E-4
Packages 7.633587786259542E-4 0.9162907318741551 6.994585739497367E-4
that 0.003816793893129771 0.22314355131420976 8.516929439473655E-4
use 0.003816793893129771 0.010050335853501506 3.836006050954773E-5
Description 0.0030534351145038168 0.24846135929849972 7.586606390793885E-4
document 7.633587786259542E-4 0.40047756659712536 3.0570806610467585E-4
structure 7.633587786259542E-4 1.4696759700589417 0.001121890053480108
in 0.007633587786259542 0.1508228897345837 0.0011513197689662876
Methods 0.0015267175572519084 0.24846135929849972 3.793303195396942E-4
return 0.0022900763358778627 1.3470736479666094 0.0030849014838929987
Modifier 0.0015267175572519084 0.653926467406664 9.983610189414718E-4
and 0.022137404580152672 0.09431067947124142 0.0020877936676839703
Type 0.0030534351145038168 0.44628710262841953 0.0013627087103157847
Method 0.0015267175572519084 0.32850406697203605 5.015329266748642E-4
add 0.0015267175572519084 1.171182981502945 0.0017880656206151833
String 0.007633587786259542 0.4155154439616658 0.003171873618027983
key 0.0053435114503816794 0.7985076962177716 0.004266835017957558
value 0.003816793893129771 0.5447271754416719 0.0020791113566476027
Adds 7.633587786259542E-4 1.5606477482646683 0.001191334158980663
a 0.013740458015267175 0.16251892949777494 0.0022330845274503427
new 0.007633587786259542 0.616186139423817 0.004703710987968068
attribute 0.006870229007633588 0.6931471805599453 0.0047620798664423725
Element 0.003816793893129771 0.7339691750802005 0.002801409065191605
attributes 0.024427480916030534 0.3566749439387324 0.008712670386289647
abstract 7.633587786259542E-4 1.2729656758128876 9.717295235212882E-4
Node 7.633587786259542E-4 1.6607312068216509 0.0012677337456653824
Get 0.003816793893129771 0.6733445532637655 0.002570017378869334
all 0.0061068702290076335 0.05129329438755048 3.1324149244305635E-4
the 0.025954198473282442 0.10536051565782635 0.0027345477346306076
element 0.003816793893129771 0.7339691750802005 0.002801409065191605
s 0.004580152671755725 0.5447271754416719 0.0024949336279771234
clone 7.633587786259542E-4 0.8209805520698303 6.267027115036873E-4
put 0.0022900763358778627 1.7147984280919266 0.003927019300973878
boolean 0.0015267175572519084 0.653926467406664 9.983610189414718E-4
Set 0.003816793893129771 0.4620354595965586 0.001763494120597552
remove 7.633587786259542E-4 1.4271163556401458 0.0010894017981985845
if 0.0030534351145038168 0.616186139423817 0.0018814843951872272
is 0.00916030534351145 0.22314355131420976 0.0020440630654736773
false 7.633587786259542E-4 1.1394342831883648 8.697971627392098E-4
or 0.0061068702290076335 0.2613647641344075 0.0015961206970040154
replace 0.0015267175572519084 1.7147984280919266 0.0026180128673159186
an 0.003816793893129771 0.4620354595965586 0.001763494120597552
existing 0.0015267175572519084 1.2729656758128876 0.0019434590470425765
one 0.0015267175572519084 1.07880966137193 0.0016470376509495114
by 0.004580152671755725 0.27443684570176036 0.0012569626520691315
Attribute 0.006870229007633588 0.6931471805599453 0.0047620798664423725
with 0.0061068702290076335 0.23572233352106994 0.0014395257008920303
parameters 0.0015267175572519084 0.5978370007556204 9.127282454284281E-4
type 0.0030534351145038168 0.44628710262841953 0.0013627087103157847
void 0.0015267175572519084 1.4696759700589417 0.002243780106960216
addAll 7.633587786259542E-4 1.8325814637483102 0.0013989171478994734
incoming 0.0015267175572519084 2.120263536200091 0.003237043566717696
Add 0.0015267175572519084 1.171182981502945 0.0017880656206151833
from 0.008396946564885497 0.38566248081198473 0.0032383872434594138
set 0.003816793893129771 0.4620354595965586 0.001763494120597552
to 0.022137404580152672 0.17435338714477774 0.003859731471143935
this 0.003816793893129771 0.3424903089467759 0.0013072149196441828
Constructors 7.633587786259542E-4 0.8915981192837835 6.806092513616668E-4
Constructor 7.633587786259542E-4 0.6733445532637655 5.140034757738668E-4
val 7.633587786259542E-4 1.9661128563728327 0.0015008495086815516
parent 7.633587786259542E-4 2.0402208285265546 0.001557420479791263
Create 0.0030534351145038168 0.8915981192837835 0.0027224370054466673
unencoded 7.633587786259542E-4 1.9661128563728327 0.0015008495086815516
raw 0.0015267175572519084 2.0402208285265546 0.003114840959582526
Tag 0.004580152671755725 0.843970070294529 0.0038655117723413544
tag 0.004580152671755725 0.843970070294529 0.0038655117723413544
baseUri 0.0022900763358778627 1.9661128563728327 0.004502548526044655
standalone 0.0015267175572519084 2.995732273553991 0.004573637058861055
FormElement 7.633587786259542E-4 2.0402208285265546 0.001557420479791263
form 7.633587786259542E-4 0.9675840262617057 7.386137605051189E-4
PseudoTextElement 7.633587786259542E-4 2.207274913189721 0.0016849426818242145
Copyright 7.633587786259542E-4 0.06187540371808745 4.7233132609227066E-5
Jonathan 7.633587786259542E-4 0.0 0.0
Hedley 7.633587786259542E-4 0.0 0.0
All 0.0061068702290076335 0.05129329438755048 3.1324149244305635E-4
rights 7.633587786259542E-4 0.06187540371808745 4.7233132609227066E-5
reserved 7.633587786259542E-4 0.06187540371808745 4.7233132609227066E-5
cf 7.633587786259542E-4 3.506557897319982 0.0026767617536793756
ak 0.02900763358778626 3.506557897319982 0.10171694663981626
r 0.0053435114503816794 2.207274913189721 0.011794598772769503
n 0.0053435114503816794 2.302585092994046 0.012303889809891848
m 0.0015267175572519084 1.8971199848858813 0.00289636638913875
dscx 7.633587786259542E-4 3.506557897319982 0.0026767617536793756
essl 7.633587786259542E-4 3.506557897319982 0.0026767617536793756
bpcip 0.0015267175572519084 3.506557897319982 0.005353523507358751
cport 0.0015267175572519084 3.506557897319982 0.005353523507358751
gh 0.0015267175572519084 3.506557897319982 0.005353523507358751
quicv 0.0015267175572519084 3.506557897319982 0.005353523507358751
tlsv 0.0015267175572519084 3.506557897319982 0.005353523507358751
tls 7.633587786259542E-4 2.8134107167600364 0.0021476417685191117
rtt 0.0015267175572519084 3.506557897319982 0.005353523507358751
csrc 0.0015267175572519084 3.506557897319982 0.005353523507358751
acc 0.0015267175572519084 3.506557897319982 0.005353523507358751
reno 7.633587786259542E-4 4.605170185988092 0.003515397088540528
t 0.0053435114503816794 1.2729656758128876 0.006802106664649018
hOBiQwZUYzCg 7.633587786259542E-4 3.506557897319982 0.0026767617536793756
VSAfCLimQ 7.633587786259542E-4 3.506557897319982 0.0026767617536793756
WP 7.633587786259542E-4 4.605170185988092 0.003515397088540528
EdfYKdkx 7.633587786259542E-4 4.605170185988092 0.003515397088540528
e 0.010687022900763359 0.7765287894989963 0.008298780956477823
o 0.003816793893129771 1.3862943611198906 0.0052911998516026355
SwEpdRQd 7.633587786259542E-4 4.605170185988092 0.003515397088540528
LGooSHARoYx 7.633587786259542E-4 4.605170185988092 0.003515397088540528
qChaKo 7.633587786259542E-4 4.605170185988092 0.003515397088540528
mWl 7.633587786259542E-4 4.605170185988092 0.003515397088540528
v 7.633587786259542E-4 1.3470736479666094 0.0010283004946309996
xMYIy 7.633587786259542E-4 4.605170185988092 0.003515397088540528
tqLONBUTNZBSL 7.633587786259542E-4 4.605170185988092 0.003515397088540528
iUpv 7.633587786259542E-4 4.605170185988092 0.003515397088540528
fGSJbww 7.633587786259542E-4 4.605170185988092 0.003515397088540528
NGgDGsAeXhY 7.633587786259542E-4 4.605170185988092 0.003515397088540528
lEHksvy 7.633587786259542E-4 4.605170185988092 0.003515397088540528
c 0.0015267175572519084 1.6607312068216509 0.0025354674913307647
rgrxIU 7.633587786259542E-4 4.605170185988092 0.003515397088540528
OE 7.633587786259542E-4 4.605170185988092 0.003515397088540528
IVXnuhLGLDXrPZ 7.633587786259542E-4 4.605170185988092 0.003515397088540528
gENUmIKJSwB 7.633587786259542E-4 4.605170185988092 0.003515397088540528
SR 7.633587786259542E-4 4.605170185988092 0.003515397088540528
Ygf 7.633587786259542E-4 4.605170185988092 0.003515397088540528
tAm 7.633587786259542E-4 4.605170185988092 0.003515397088540528
yDM 7.633587786259542E-4 4.605170185988092 0.003515397088540528
bY 0.004580152671755725 0.27443684570176036 0.0012569626520691315
dcHAu 7.633587786259542E-4 4.605170185988092 0.003515397088540528
inkakKZmFRhmASzoA 7.633587786259542E-4 4.605170185988092 0.003515397088540528
rExVHqWlJc 7.633587786259542E-4 4.605170185988092 0.003515397088540528
FaARuCoWkqomdLEyCvfTO 7.633587786259542E-4 4.605170185988092 0.003515397088540528
MSmjlXD 7.633587786259542E-4 4.605170185988092 0.003515397088540528
wr 7.633587786259542E-4 4.605170185988092 0.003515397088540528
Hq 7.633587786259542E-4 4.605170185988092 0.003515397088540528
lOeqK 7.633587786259542E-4 4.605170185988092 0.003515397088540528
paBtajlqE 7.633587786259542E-4 4.605170185988092 0.003515397088540528
KrHIuAwGAPfvlPYnWdY 7.633587786259542E-4 4.605170185988092 0.003515397088540528
OoR 7.633587786259542E-4 4.605170185988092 0.003515397088540528
gAf 7.633587786259542E-4 4.605170185988092 0.003515397088540528
nUkrK 7.633587786259542E-4 4.605170185988092 0.003515397088540528
NMmbMYaE 7.633587786259542E-4 4.605170185988092 0.003515397088540528
mDENqt 7.633587786259542E-4 4.605170185988092 0.003515397088540528
HwCBStfDAmBZaEFM 7.633587786259542E-4 4.605170185988092 0.003515397088540528
nii 7.633587786259542E-4 4.605170185988092 0.003515397088540528
nh 7.633587786259542E-4 4.605170185988092 0.003515397088540528
hH 7.633587786259542E-4 4.605170185988092 0.003515397088540528
BmeisABpYpZJ 7.633587786259542E-4 4.605170185988092 0.003515397088540528
J 7.633587786259542E-4 2.120263536200091 0.001618521783358848
LkzZBuWL 7.633587786259542E-4 4.605170185988092 0.003515397088540528
MaaTBWlZnSnXI 7.633587786259542E-4 4.605170185988092 0.003515397088540528
baywoBebmWEABU 7.633587786259542E-4 4.605170185988092 0.003515397088540528
ag 7.633587786259542E-4 4.605170185988092 0.003515397088540528
z 7.633587786259542E-4 2.302585092994046 0.001757698544270264
JAUfPT 7.633587786259542E-4 4.605170185988092 0.003515397088540528
qT 7.633587786259542E-4 4.605170185988092 0.003515397088540528
qC 7.633587786259542E-4 4.605170185988092 0.003515397088540528
FhRmtMc 7.633587786259542E-4 4.605170185988092 0.003515397088540528
rWXugfB 7.633587786259542E-4 4.605170185988092 0.003515397088540528
pv 7.633587786259542E-4 3.506557897319982 0.0026767617536793756
dpoabenc 7.633587786259542E-4 3.506557897319982 0.0026767617536793756
tf 0.0015267175572519084 3.506557897319982 0.005353523507358751
i 0.0030534351145038168 1.3093333199837622 0.0039979643358282815
ruds 7.633587786259542E-4 3.506557897319982 0.0026767617536793756
var 0.0030534351145038168 3.506557897319982 0.010707047014717502
av 0.0015267175572519084 3.506557897319982 0.005353523507358751
function 0.0030534351145038168 2.995732273553991 0.00914727411772211
http 7.633587786259542E-4 1.1394342831883648 8.697971627392098E-4
initiator 7.633587786259542E-4 3.506557897319982 0.0026767617536793756
spa 7.633587786259542E-4 3.506557897319982 0.0026767617536793756
hard 7.633587786259542E-4 3.506557897319982 0.0026767617536793756
feo 7.633587786259542E-4 3.506557897319982 0.0026767617536793756
aFeoApplied 7.633587786259542E-4 3.506557897319982 0.0026767617536793756
BOOMR 0.0030534351145038168 3.506557897319982 0.010707047014717502
addVar 7.633587786259542E-4 3.506557897319982 0.0026767617536793756
rv 0.0015267175572519084 3.506557897319982 0.005353523507358751
cr 7.633587786259542E-4 3.506557897319982 0.0026767617536793756
ipv 7.633587786259542E-4 3.506557897319982 0.0026767617536793756
ol 7.633587786259542E-4 2.659260036932778 0.002029969493841815
proto 7.633587786259542E-4 3.506557897319982 0.0026767617536793756
removeVar 7.633587786259542E-4 3.506557897319982 0.0026767617536793756
plugins 7.633587786259542E-4 2.407945608651872 0.0018381264188182228
AK 0.02900763358778626 3.506557897319982 0.10171694663981626
akVars 7.633587786259542E-4 3.506557897319982 0.0026767617536793756
akDNSPreFetchDomain 7.633587786259542E-4 3.506557897319982 0.0026767617536793756
init 7.633587786259542E-4 2.995732273553991 0.0022868185294305276
subscribe 0.0022900763358778627 2.5257286443082556 0.005784111399179211
before 7.633587786259542E-4 1.8325814637483102 0.0013989171478994734
beacon 7.633587786259542E-4 3.506557897319982 0.0026767617536793756
null 0.0030534351145038168 1.2039728043259361 0.003676252837636446
onbeacon 7.633587786259542E-4 3.506557897319982 0.0026767617536793756
complete 7.633587786259542E-4 1.7147984280919266 0.0013090064336579593
window 7.633587786259542E-4 1.9661128563728327 0.0015008495086815516
Click 7.633587786259542E-4 2.995732273553991 0.0022868185294305276
view 7.633587786259542E-4 1.4271163556401458 0.0010894017981985845
our 0.003816793893129771 2.5257286443082556 0.009640185665298685
Accessibility 0.010687022900763359 1.9661128563728327 0.021011893121541725
Policy 7.633587786259542E-4 1.0216512475319812 7.798864484976956E-4
content 0.0022900763358778627 0.44628710262841953 0.0010220315327368387
Oracle 0.03206106870229008 0.8915981192837835 0.028585588557190008
CloudWorld 0.0053435114503816794 4.605170185988092 0.024607779619783696
Save 7.633587786259542E-4 2.659260036932778 0.002029969493841815
date 7.633587786259542E-4 1.9661128563728327 0.0015008495086815516
for 0.009923664122137405 0.083381608939051 8.274510810745519E-4
October 0.0022900763358778627 3.506557897319982 0.008030285261038127
Las 7.633587786259542E-4 4.605170185988092 0.003515397088540528
Vegas 7.633587786259542E-4 4.605170185988092 0.003515397088540528
here 7.633587786259542E-4 3.506557897319982 0.0026767617536793756
we 0.0022900763358778627 2.120263536200091 0.004855565350076544
come 7.633587786259542E-4 3.506557897319982 0.0026767617536793756
ready 7.633587786259542E-4 2.659260036932778 0.002029969493841815
global 7.633587786259542E-4 2.0402208285265546 0.001557420479791263
conference 0.004580152671755725 3.506557897319982 0.016060570522076253
created 7.633587786259542E-4 1.9661128563728327 0.0015008495086815516
customers 0.0015267175572519084 2.5257286443082556 0.0038560742661194742
partners 0.0022900763358778627 2.8134107167600364 0.006442925305557336
running 7.633587786259542E-4 1.9661128563728327 0.0015008495086815516
Mark 7.633587786259542E-4 3.506557897319982 0.0026767617536793756
your 7.633587786259542E-4 1.5141277326297755 0.0011558226966639508
calendar 7.633587786259542E-4 2.5257286443082556 0.0019280371330597371
plan 7.633587786259542E-4 3.2188758248682006 0.0024571571182200004
on 0.004580152671755725 0.5447271754416719 0.0024949336279771234
joining 7.633587786259542E-4 3.506557897319982 0.0026767617536793756
us 0.0053435114503816794 2.5257286443082556 0.01349625993141816
learn 0.0061068702290076335 2.302585092994046 0.014061588354162113
about 0.0022900763358778627 1.4696759700589417 0.0033656701604403245
cloud 0.00916030534351145 2.302585092994046 0.02109238253124317
infrastructure 0.0015267175572519084 2.5257286443082556 0.0038560742661194742
applications 0.003816793893129771 1.6607312068216509 0.006338668728326911
people 7.633587786259542E-4 3.506557897319982 0.0026767617536793756
who 0.0015267175572519084 2.302585092994046 0.003515397088540528
build 7.633587786259542E-4 1.9661128563728327 0.0015008495086815516
it 0.0061068702290076335 0.47803580094299974 0.002919302601178624
community 7.633587786259542E-4 2.8134107167600364 0.0021476417685191117
uses 0.0030534351145038168 0.9942522733438669 0.00303588480410341
Subscribe 0.0022900763358778627 2.5257286443082556 0.005784111399179211
get 0.003816793893129771 0.6733445532637655 0.002570017378869334
latest 0.0015267175572519084 2.5257286443082556 0.0038560742661194742
news 0.0022900763358778627 1.9661128563728327 0.004502548526044655
event 7.633587786259542E-4 1.6094379124341003 0.0012285785591100002
registration 7.633587786259542E-4 2.995732273553991 0.0022868185294305276
keynote 7.633587786259542E-4 4.605170185988092 0.003515397088540528
speakers 7.633587786259542E-4 4.605170185988092 0.003515397088540528
sessions 7.633587786259542E-4 4.605170185988092 0.003515397088540528
more 0.0015267175572519084 0.7339691750802005 0.0011205636260766421
updates 7.633587786259542E-4 2.5257286443082556 0.0019280371330597371
Let 7.633587786259542E-4 2.659260036932778 0.002029969493841815
know 7.633587786259542E-4 2.659260036932778 0.002029969493841815
what 0.0061068702290076335 1.5141277326297755 0.009246581573311607
you 0.0030534351145038168 0.9162907318741551 0.002797834295798947
d 0.0015267175572519084 1.8971199848858813 0.00289636638913875
like 0.0015267175572519084 1.171182981502945 0.0017880656206151833
see 7.633587786259542E-4 0.3566749439387324 2.7227094957155146E-4
at 0.003816793893129771 1.4271163556401458 0.005447008990992923
brief 7.633587786259542E-4 4.605170185988092 0.003515397088540528
survey 0.0015267175572519084 4.605170185988092 0.007030794177081056
Take 7.633587786259542E-4 2.120263536200091 0.001618521783358848
Learn 0.0061068702290076335 2.302585092994046 0.014061588354162113
leaders 7.633587786259542E-4 3.506557897319982 0.0026767617536793756
Explore 0.0015267175572519084 2.5257286443082556 0.0038560742661194742
technical 0.0015267175572519084 2.5257286443082556 0.0038560742661194742
innovations 7.633587786259542E-4 3.2188758248682006 0.0024571571182200004
Cloud 0.00916030534351145 2.302585092994046 0.02109238253124317
product 0.0030534351145038168 2.8134107167600364 0.008590567074076447
development 7.633587786259542E-4 2.207274913189721 0.0016849426818242145
teams 7.633587786259542E-4 3.506557897319982 0.0026767617536793756
You 0.0030534351145038168 0.9162907318741551 0.002797834295798947
ll 7.633587786259542E-4 3.506557897319982 0.0026767617536793756
also 7.633587786259542E-4 0.5108256237659907 3.8994322424884786E-4
first 7.633587786259542E-4 1.6094379124341003 0.0012285785591100002
look 0.0015267175572519084 1.9661128563728327 0.003001699017363103
demos 7.633587786259542E-4 4.605170185988092 0.003515397088540528
advanced 7.633587786259542E-4 2.302585092994046 0.001757698544270264
best 7.633587786259542E-4 1.9661128563728327 0.0015008495086815516
practices 0.0015267175572519084 2.8134107167600364 0.004295283537038223
training 0.0015267175572519084 2.659260036932778 0.00405993898768363
insights 7.633587786259542E-4 2.8134107167600364 0.0021476417685191117
experts 7.633587786259542E-4 3.2188758248682006 0.0024571571182200004
From 0.008396946564885497 0.38566248081198473 0.0032383872434594138
IT 0.0061068702290076335 0.47803580094299974 0.002919302601178624
administrators 7.633587786259542E-4 4.605170185988092 0.003515397088540528
business 0.003816793893129771 2.5257286443082556 0.009640185665298685
professionals 7.633587786259542E-4 4.605170185988092 0.003515397088540528
attendees 7.633587786259542E-4 4.605170185988092 0.003515397088540528
will 0.0022900763358778627 0.5447271754416719 0.0012474668139885617
organizations 7.633587786259542E-4 2.8134107167600364 0.0021476417685191117
sizes 7.633587786259542E-4 2.5257286443082556 0.0019280371330597371
industries 0.0015267175572519084 3.506557897319982 0.005353523507358751
as 0.0022900763358778627 0.32850406697203605 7.522993900122963E-4
they 0.0015267175572519084 1.2729656758128876 0.0019434590470425765
share 0.0015267175572519084 2.207274913189721 0.003369885363648429
how 0.0022900763358778627 1.2039728043259361 0.002757189628227335
ve 7.633587786259542E-4 3.506557897319982 0.0026767617536793756
used 7.633587786259542E-4 0.6348782724359695 4.8463990262287746E-4
modernize 7.633587786259542E-4 2.995732273553991 0.0022868185294305276
their 0.0022900763358778627 1.2729656758128876 0.002915188570563865
operations 7.633587786259542E-4 1.6607312068216509 0.0012677337456653824
solutions 0.0015267175572519084 2.5257286443082556 0.0038560742661194742
At 0.003816793893129771 1.4271163556401458 0.005447008990992923
can 0.0022900763358778627 0.7339691750802005 0.0016808454391149632
explore 0.0015267175572519084 2.5257286443082556 0.0038560742661194742
Infrastructure 0.0015267175572519084 2.5257286443082556 0.0038560742661194742
databases 7.633587786259542E-4 2.8134107167600364 0.0021476417685191117
ERP 0.0015267175572519084 2.5257286443082556 0.0038560742661194742
supply 7.633587786259542E-4 2.407945608651872 0.0018381264188182228
chain 7.633587786259542E-4 2.8134107167600364 0.0021476417685191117
customer 7.633587786259542E-4 2.5257286443082556 0.0019280371330597371
experience 0.003816793893129771 2.207274913189721 0.008424713409121072
human 7.633587786259542E-4 3.2188758248682006 0.0024571571182200004
resources 0.0015267175572519084 1.9661128563728327 0.003001699017363103
sponsorship 0.0022900763358778627 3.506557897319982 0.008030285261038127
opportunities 7.633587786259542E-4 4.605170185988092 0.003515397088540528
Contact 0.0022900763358778627 2.407945608651872 0.005514379256454668
Country 0.0015267175572519084 2.659260036932778 0.00405993898768363
Region 0.0015267175572519084 2.0402208285265546 0.003114840959582526
Site 0.0015267175572519084 2.0402208285265546 0.003114840959582526
Map 0.0015267175572519084 1.2378743560016172 0.0018898845129795682
Privacy 0.0015267175572519084 2.302585092994046 0.003515397088540528
Do 0.0015267175572519084 0.9162907318741551 0.0013989171478994734
Not 0.0015267175572519084 0.3424903089467759 5.228859678576731E-4
Sell 0.0015267175572519084 2.659260036932778 0.00405993898768363
My 0.0015267175572519084 2.5257286443082556 0.0038560742661194742
Info 0.0015267175572519084 2.120263536200091 0.003237043566717696
Ad 0.0015267175572519084 2.407945608651872 0.0036762528376364455
Choices 0.0015267175572519084 2.120263536200091 0.003237043566717696
Careers 0.0022900763358778627 2.659260036932778 0.006089908481525446
Facebook 0.0015267175572519084 2.659260036932778 0.00405993898768363
Twitter 0.0015267175572519084 2.659260036932778 0.00405993898768363
LinkedIn 0.0015267175572519084 2.659260036932778 0.00405993898768363
YouTube 0.0015267175572519084 2.659260036932778 0.00405993898768363
oWidget 7.633587786259542E-4 4.605170185988092 0.003515397088540528
C 0.0015267175572519084 1.6607312068216509 0.0025354674913307647
Raw 0.0015267175572519084 2.0402208285265546 0.003114840959582526
Text 7.633587786259542E-4 1.1086626245216111 8.463073469630619E-4
Display 7.633587786259542E-4 2.407945608651872 0.0018381264188182228
information 0.0022900763358778627 1.3470736479666094 0.0030849014838929987
manage 7.633587786259542E-4 2.207274913189721 0.0016849426818242145
protect 7.633587786259542E-4 2.5257286443082556 0.0019280371330597371
Our 0.003816793893129771 2.5257286443082556 0.009640185665298685
commitment 0.0015267175572519084 2.995732273553991 0.004573637058861055
create 0.0030534351145038168 0.8915981192837835 0.0027224370054466673
products 0.0022900763358778627 2.995732273553991 0.006860455588291583
simplify 7.633587786259542E-4 3.2188758248682006 0.0024571571182200004
standardize 7.633587786259542E-4 3.506557897319982 0.0026767617536793756
automate 7.633587786259542E-4 3.506557897319982 0.0026767617536793756
extends 7.633587786259542E-4 0.653926467406664 4.991805094707359E-4
users 0.0015267175572519084 2.120263536200091 0.003237043566717696
including 7.633587786259542E-4 1.0498221244986776 8.01390934731815E-4
are 0.0022900763358778627 0.5447271754416719 0.0012474668139885617
disabled 7.633587786259542E-4 2.5257286443082556 0.0019280371330597371
Edward 7.633587786259542E-4 3.506557897319982 0.0026767617536793756
Screven 7.633587786259542E-4 3.506557897319982 0.0026767617536793756
Chief 7.633587786259542E-4 3.506557897319982 0.0026767617536793756
Corporate 0.0022900763358778627 2.5257286443082556 0.005784111399179211
Architect 7.633587786259542E-4 3.2188758248682006 0.0024571571182200004
White 7.633587786259542E-4 3.506557897319982 0.0026767617536793756
Papers 7.633587786259542E-4 3.506557897319982 0.0026767617536793756
A 0.013740458015267175 0.16251892949777494 0.0022330845274503427
Guide 0.0022900763358778627 2.407945608651872 0.005514379256454668
Accessible 0.0015267175572519084 2.407945608651872 0.0036762528376364455
Content 0.0022900763358778627 0.44628710262841953 0.0010220315327368387
Business 0.003816793893129771 2.5257286443082556 0.009640185665298685
Intelligence 0.0015267175572519084 2.5257286443082556 0.0038560742661194742
Suite 0.0015267175572519084 2.5257286443082556 0.0038560742661194742
g 0.0022900763358778627 1.5606477482646683 0.0035740024769419887
PDF 0.0053435114503816794 2.659260036932778 0.014209786456892706
Enterprise 7.633587786259542E-4 2.5257286443082556 0.0019280371330597371
Edition 0.0015267175572519084 2.659260036932778 0.00405993898768363
Plus 7.633587786259542E-4 2.995732273553991 0.0022868185294305276
Siebel 7.633587786259542E-4 3.506557897319982 0.0026767617536793756
Applications 0.003816793893129771 1.6607312068216509 0.006338668728326911
Version 7.633587786259542E-4 1.9661128563728327 0.0015008495086815516
Forms 7.633587786259542E-4 2.120263536200091 0.001618521783358848
Using 0.0022900763358778627 0.8209805520698303 0.001880108134511062
Assistive 0.0022900763358778627 2.659260036932778 0.006089908481525446
Technology 0.0030534351145038168 1.7147984280919266 0.005236025734631837
Products 0.0022900763358778627 2.995732273553991 0.006860455588291583
based 0.0030534351145038168 1.2729656758128876 0.003886918094085153
Technical 0.0015267175572519084 2.5257286443082556 0.0038560742661194742
Information 0.0022900763358778627 1.3470736479666094 0.0030849014838929987
The 0.025954198473282442 0.10536051565782635 0.0027345477346306076
Program 0.0022900763358778627 2.120263536200091 0.004855565350076544
Bloor 7.633587786259542E-4 3.506557897319982 0.0026767617536793756
Research 0.0015267175572519084 2.995732273553991 0.004573637058861055
Commitment 0.0015267175572519084 2.995732273553991 0.004573637058861055
News 0.0022900763358778627 1.9661128563728327 0.004502548526044655
Open 7.633587786259542E-4 2.207274913189721 0.0016849426818242145
Close 7.633587786259542E-4 1.9661128563728327 0.0015008495086815516
March 0.003816793893129771 3.506557897319982 0.013383808768396876
Presentation 0.0015267175572519084 2.120263536200091 0.003237043566717696
Sponsorship 0.0022900763358778627 3.506557897319982 0.008030285261038127
CSUN 0.0030534351145038168 3.506557897319982 0.010707047014717502
was 0.0022900763358778627 1.3862943611198906 0.0031747199109615817
sponsor 0.0015267175572519084 3.506557897319982 0.005353523507358751
Annual 0.0015267175572519084 3.506557897319982 0.005353523507358751
Conference 0.004580152671755725 3.506557897319982 0.016060570522076253
hosted 0.0015267175572519084 3.506557897319982 0.005353523507358751
California 0.0015267175572519084 3.506557897319982 0.005353523507358751
State 0.0015267175572519084 1.6607312068216509 0.0025354674913307647
University 0.0022900763358778627 3.506557897319982 0.008030285261038127
Northridge 0.0015267175572519084 3.506557897319982 0.005353523507358751
Michele 7.633587786259542E-4 3.506557897319982 0.0026767617536793756
Van 7.633587786259542E-4 3.506557897319982 0.0026767617536793756
Doozer 7.633587786259542E-4 3.506557897319982 0.0026767617536793756
Office 7.633587786259542E-4 3.506557897319982 0.0026767617536793756
co 7.633587786259542E-4 3.506557897319982 0.0026767617536793756
presented 7.633587786259542E-4 3.506557897319982 0.0026767617536793756
Conformance 7.633587786259542E-4 3.506557897319982 0.0026767617536793756
Reports 0.0015267175572519084 2.659260036932778 0.00405993898768363
VPAT 0.0015267175572519084 3.506557897319982 0.005353523507358751
IBM 7.633587786259542E-4 3.506557897319982 0.0026767617536793756
HP 7.633587786259542E-4 3.506557897319982 0.0026767617536793756
presentation 0.0015267175572519084 2.120263536200091 0.003237043566717696
included 7.633587786259542E-4 2.407945608651872 0.0018381264188182228
introducing 7.633587786259542E-4 3.506557897319982 0.0026767617536793756
Voluntary 7.633587786259542E-4 3.506557897319982 0.0026767617536793756
Product 0.0030534351145038168 2.8134107167600364 0.008590567074076447
Template 7.633587786259542E-4 2.8134107167600364 0.0021476417685191117
Training 0.0015267175572519084 2.659260036932778 0.00405993898768363
courses 7.633587786259542E-4 3.506557897319982 0.0026767617536793756
available 7.633587786259542E-4 1.6607312068216509 0.0012677337456653824
Industry 7.633587786259542E-4 2.5257286443082556 0.0019280371330597371
Council 7.633587786259542E-4 3.506557897319982 0.0026767617536793756
ITI 7.633587786259542E-4 3.506557897319982 0.0026767617536793756
February 7.633587786259542E-4 3.506557897319982 0.0026767617536793756
European 0.0030534351145038168 2.995732273553991 0.00914727411772211
Disability 0.003816793893129771 3.506557897319982 0.013383808768396876
Forum 0.0030534351145038168 3.506557897319982 0.010707047014717502
Scholarship 0.0061068702290076335 3.506557897319982 0.021414094029435005
being 7.633587786259542E-4 2.207274913189721 0.0016849426818242145
accepted 7.633587786259542E-4 2.995732273553991 0.0022868185294305276
EDF 0.0030534351145038168 3.506557897319982 0.010707047014717502
scholarship 0.0061068702290076335 3.506557897319982 0.021414094029435005
students 0.0022900763358778627 2.995732273553991 0.006860455588291583
disabilities 0.0022900763358778627 3.506557897319982 0.008030285261038127
studying 7.633587786259542E-4 3.506557897319982 0.0026767617536793756
field 7.633587786259542E-4 1.1394342831883648 8.697971627392098E-4
Computer 0.003816793893129771 2.995732273553991 0.011434092647152637
Science 0.0015267175572519084 2.8134107167600364 0.004295283537038223
Engineering 0.0015267175572519084 2.302585092994046 0.003515397088540528
User 0.0022900763358778627 1.0216512475319812 0.002339659345493087
Experience 0.003816793893129771 2.207274913189721 0.008424713409121072
related 0.0015267175572519084 1.8971199848858813 0.00289636638913875
fields 0.0015267175572519084 1.1086626245216111 0.0016926146939261239
enrolled 7.633587786259542E-4 3.506557897319982 0.0026767617536793756
EU 7.633587786259542E-4 3.506557897319982 0.0026767617536793756
university 0.0022900763358778627 3.506557897319982 0.008030285261038127
academic 0.0015267175572519084 3.506557897319982 0.005353523507358751
year 0.003816793893129771 2.5257286443082556 0.009640185665298685
Deadline 7.633587786259542E-4 2.995732273553991 0.0022868185294305276
apply 7.633587786259542E-4 2.5257286443082556 0.0019280371330597371
consists 7.633587786259542E-4 2.207274913189721 0.0016849426818242145
be 0.003816793893129771 0.47803580094299974 0.0018245641257366402
awarded 0.0015267175572519084 3.506557897319982 0.005353523507358751
project 0.0022900763358778627 2.659260036932778 0.006089908481525446
research 0.0015267175572519084 2.995732273553991 0.004573637058861055
conducted 7.633587786259542E-4 3.506557897319982 0.0026767617536793756
during 7.633587786259542E-4 2.120263536200091 0.001618521783358848
primarily 7.633587786259542E-4 3.506557897319982 0.0026767617536793756
thesis 7.633587786259542E-4 3.506557897319982 0.0026767617536793756
which 7.633587786259542E-4 0.7550225842780328 5.763531177694907E-4
needs 7.633587786259542E-4 2.120263536200091 0.001618521783358848
persons 7.633587786259542E-4 3.506557897319982 0.0026767617536793756
terms 7.633587786259542E-4 1.0216512475319812 7.798864484976956E-4
accessibility 0.010687022900763359 1.9661128563728327 0.021011893121541725
ICT 7.633587786259542E-4 3.506557897319982 0.0026767617536793756
taken 7.633587786259542E-4 3.2188758248682006 0.0024571571182200004
into 7.633587786259542E-4 0.8915981192837835 6.806092513616668E-4
consideration 7.633587786259542E-4 3.506557897319982 0.0026767617536793756
innovative 7.633587786259542E-4 2.995732273553991 0.0022868185294305276
solution 7.633587786259542E-4 2.407945608651872 0.0018381264188182228
enhance 7.633587786259542E-4 3.506557897319982 0.0026767617536793756
access 7.633587786259542E-4 0.8675005677047231 6.622141738203993E-4
proposed 7.633587786259542E-4 3.506557897319982 0.0026767617536793756
must 7.633587786259542E-4 1.1086626245216111 8.463073469630619E-4
integral 7.633587786259542E-4 3.506557897319982 0.0026767617536793756
component 7.633587786259542E-4 1.4696759700589417 0.001121890053480108
educational 7.633587786259542E-4 3.506557897319982 0.0026767617536793756
program 0.0022900763358778627 2.120263536200091 0.004855565350076544
undertaken 7.633587786259542E-4 3.506557897319982 0.0026767617536793756
student 7.633587786259542E-4 3.506557897319982 0.0026767617536793756
final 7.633587786259542E-4 1.3093333199837622 9.994910839570704E-4
assignment 7.633587786259542E-4 2.8134107167600364 0.0021476417685191117
part 7.633587786259542E-4 1.7147984280919266 0.0013090064336579593
Masters 7.633587786259542E-4 3.506557897319982 0.0026767617536793756
PhD 7.633587786259542E-4 3.506557897319982 0.0026767617536793756
Winner 0.0015267175572519084 3.506557897319982 0.005353523507358751
Announced 0.0015267175572519084 3.506557897319982 0.005353523507358751
announced 0.0015267175572519084 3.506557897319982 0.005353523507358751
Renata 0.0022900763358778627 3.506557897319982 0.008030285261038127
Deszo 0.0015267175572519084 3.506557897319982 0.005353523507358751
Dinnyes 0.0015267175572519084 3.506557897319982 0.005353523507358751
winner 0.0015267175572519084 3.506557897319982 0.005353523507358751
edition 0.0015267175572519084 2.659260036932778 0.00405993898768363
This 0.003816793893129771 0.3424903089467759 0.0013072149196441828
euros 7.633587786259542E-4 3.506557897319982 0.0026767617536793756
award 0.0015267175572519084 3.506557897319982 0.005353523507358751
higher 7.633587786259542E-4 2.8134107167600364 0.0021476417685191117
education 7.633587786259542E-4 2.995732273553991 0.0022868185294305276
such 7.633587786259542E-4 1.5141277326297755 0.0011558226966639508
computer 0.003816793893129771 2.995732273553991 0.011434092647152637
science 0.0015267175572519084 2.8134107167600364 0.004295283537038223
engineering 0.0015267175572519084 2.302585092994046 0.003515397088540528
user 0.0022900763358778627 1.0216512475319812 0.002339659345493087
others 7.633587786259542E-4 2.659260036932778 0.002029969493841815
study 7.633587786259542E-4 3.506557897319982 0.0026767617536793756
focuses 7.633587786259542E-4 3.506557897319982 0.0026767617536793756
digitally 7.633587786259542E-4 3.506557897319982 0.0026767617536793756
manufactured 7.633587786259542E-4 3.2188758248682006 0.0024571571182200004
objects 7.633587786259542E-4 1.3862943611198906 0.0010582399703205272
example 7.633587786259542E-4 1.0498221244986776 8.01390934731815E-4
using 0.0022900763358778627 0.8209805520698303 0.001880108134511062
D 0.0015267175572519084 1.8971199848858813 0.00289636638913875
printer 7.633587786259542E-4 2.995732273553991 0.0022868185294305276
manufacture 7.633587786259542E-4 3.506557897319982 0.0026767617536793756
prosthetic 7.633587786259542E-4 3.506557897319982 0.0026767617536793756
data 7.633587786259542E-4 0.5978370007556204 4.5636412271421407E-4
Full 7.633587786259542E-4 1.3862943611198906 0.0010582399703205272
details 7.633587786259542E-4 0.7550225842780328 5.763531177694907E-4
awarding 7.633587786259542E-4 3.506557897319982 0.0026767617536793756
found 7.633587786259542E-4 1.5141277326297755 0.0011558226966639508
Announcement 7.633587786259542E-4 2.995732273553991 0.0022868185294305276
Award 0.0015267175572519084 3.506557897319982 0.005353523507358751
Researcher 7.633587786259542E-4 3.506557897319982 0.0026767617536793756
Presentations 7.633587786259542E-4 3.506557897319982 0.0026767617536793756
Executive 7.633587786259542E-4 3.506557897319982 0.0026767617536793756
Sponsor 0.0015267175572519084 3.506557897319982 0.005353523507358751
Due 7.633587786259542E-4 2.659260036932778 0.002029969493841815
travel 7.633587786259542E-4 2.995732273553991 0.0022868185294305276
restrictions 7.633587786259542E-4 2.995732273553991 0.0022868185294305276
unable 7.633587786259542E-4 2.995732273553991 0.0022868185294305276
present 7.633587786259542E-4 1.7719568419318754 0.0013526388106350194
We 0.0022900763358778627 2.120263536200091 0.004855565350076544
forward 7.633587786259542E-4 2.8134107167600364 0.0021476417685191117
virtual 7.633587786259542E-4 1.9661128563728327 0.0015008495086815516
next 7.633587786259542E-4 1.171182981502945 8.940328103075916E-4
Stay 7.633587786259542E-4 2.659260036932778 0.002029969493841815
Connected 7.633587786259542E-4 2.120263536200091 0.001618521783358848
Email 7.633587786259542E-4 2.995732273553991 0.0022868185294305276
Resources 0.0015267175572519084 1.9661128563728327 0.003001699017363103
Developers 7.633587786259542E-4 1.8971199848858813 0.001448183194569375
Investors 7.633587786259542E-4 2.995732273553991 0.0022868185294305276
Partners 0.0022900763358778627 2.8134107167600364 0.006442925305557336
Startups 7.633587786259542E-4 2.995732273553991 0.0022868185294305276
Students 0.0022900763358778627 2.995732273553991 0.006860455588291583
Educators 7.633587786259542E-4 2.995732273553991 0.0022868185294305276
Why 7.633587786259542E-4 2.302585092994046 0.001757698544270264
Analyst 7.633587786259542E-4 2.995732273553991 0.0022868185294305276
Gartner 7.633587786259542E-4 3.506557897319982 0.0026767617536793756
MQ 7.633587786259542E-4 3.506557897319982 0.0026767617536793756
Economics 7.633587786259542E-4 2.995732273553991 0.0022868185294305276
Responsibility 7.633587786259542E-4 3.506557897319982 0.0026767617536793756
Diversity 7.633587786259542E-4 3.506557897319982 0.0026767617536793756
Inclusion 7.633587786259542E-4 3.506557897319982 0.0026767617536793756
Security 7.633587786259542E-4 1.7719568419318754 0.0013526388106350194
Practices 0.0015267175572519084 2.8134107167600364 0.004295283537038223
What 0.0061068702290076335 1.5141277326297755 0.009246581573311607
computing 7.633587786259542E-4 2.302585092994046 0.001757698544270264
CRM 7.633587786259542E-4 3.2188758248682006 0.0024571571182200004
Docker 7.633587786259542E-4 3.506557897319982 0.0026767617536793756
Kubernetes 7.633587786259542E-4 2.995732273553991 0.0022868185294305276
Python 7.633587786259542E-4 3.506557897319982 0.0026767617536793756
SaaS 7.633587786259542E-4 2.8134107167600364 0.0021476417685191117
New 0.007633587786259542 0.616186139423817 0.004703710987968068
Try 7.633587786259542E-4 2.120263536200091 0.001618521783358848
Free 7.633587786259542E-4 1.8971199848858813 0.001448183194569375
Tier 7.633587786259542E-4 2.5257286443082556 0.0019280371330597371
Navigator 7.633587786259542E-4 3.506557897319982 0.0026767617536793756
Premier 7.633587786259542E-4 3.506557897319982 0.0026767617536793756
League 7.633587786259542E-4 3.506557897319982 0.0026767617536793756
Red 7.633587786259542E-4 2.659260036932778 0.002029969493841815
Bull 7.633587786259542E-4 2.659260036932778 0.002029969493841815
Racing 7.633587786259542E-4 2.659260036932778 0.002029969493841815
Employee 7.633587786259542E-4 3.506557897319982 0.0026767617536793756
Platform 7.633587786259542E-4 1.07880966137193 8.235188254747557E-4
Support 7.633587786259542E-4 1.1394342831883648 8.697971627392098E-4
Rewards 7.633587786259542E-4 2.5257286443082556 0.0019280371330597371
Us 0.0053435114503816794 2.5257286443082556 0.01349625993141816
US 0.0053435114503816794 2.5257286443082556 0.01349625993141816
Sales 7.633587786259542E-4 2.5257286443082556 0.0019280371330597371
How 0.0022900763358778627 1.2039728043259361 0.002757189628227335
help 0.0022900763358778627 0.05129329438755048 1.1746555966614614E-4
emails 7.633587786259542E-4 2.659260036932778 0.002029969493841815
Events 7.633587786259542E-4 1.5606477482646683 0.001191334158980663
Blogs 7.633587786259542E-4 3.506557897319982 0.0026767617536793756
