Attributes 0.05234375 0.3566749439387324 0.018669704096793024
jsoup 0.00546875 0.0 0.0
Java 0.003125 0.010050335853501506 3.140729954219221E-5
HTML 0.00859375 0.0 0.0
Parser 7.8125E-4 0.0 0.0
API 7.8125E-4 0.0 0.0
Skip 0.0015625 0.06187540371808745 9.668031830951165E-5
navigation 0.0015625 0.06187540371808745 9.668031830951165E-5
links 0.0015625 0.0408219945202552 6.378436643789875E-5
Overview 0.0015625 0.06187540371808745 9.668031830951165E-5
Package 0.00234375 0.06187540371808745 1.4502047746426747E-4
Class 0.00703125 0.06187540371808745 4.3506143239280243E-4
Use 0.00234375 0.010050335853501506 2.3555474656644153E-5
Tree 0.0015625 0.0408219945202552 6.378436643789875E-5
Deprecated 0.0015625 0.06187540371808745 9.668031830951165E-5
Index 0.0015625 0.06187540371808745 9.668031830951165E-5
Help 0.003125 0.05129329438755048 1.6029154496109525E-4
org 0.0015625 0.05129329438755048 8.014577248054763E-5
nodes 0.0015625 0.7550225842780328 0.0011797227879344263
java 0.003125 0.010050335853501506 3.140729954219221E-5
lang 0.00234375 0.653926467406664 0.001532640157984369
Object 0.00703125 0.43078291609245434 0.0030289423787750696
All 0.00546875 0.05129329438755048 2.805102036819167E-4
Implemented 7.8125E-4 1.0498221244986776 8.20173534764592E-4
Interfaces 7.8125E-4 1.0216512475319812 7.981650371343604E-4
Cloneable 0.0015625 1.3093333199837622 0.0020458333124746286
Iterable 0.003125 1.6094379124341003 0.005029493476356564
Attribute 0.04375 0.6931471805599453 0.030325189149497604
public 0.02109375 0.6931471805599453 0.014621073339936346
class 0.00703125 0.06187540371808745 4.3506143239280243E-4
extends 7.8125E-4 0.653926467406664 5.108800526614563E-4
implements 7.8125E-4 0.6931471805599453 5.415212348124572E-4
The 0.0203125 0.10536051565782635 0.002140135474299598
attributes 0.05234375 0.3566749439387324 0.018669704096793024
of 0.01328125 0.1165338162559516 0.0015477147471493573
an 0.01875 0.4620354595965586 0.008663164867435473
Element 7.8125E-4 0.7339691750802005 5.734134180314067E-4
are 0.00625 0.5447271754416719 0.0034045448465104496
treated 7.8125E-4 1.8325814637483102 0.0014317042685533675
as 0.00390625 0.32850406697203605 0.0012832190116095158
a 0.01640625 0.16251892949777494 0.0026663261870728703
map 0.00546875 1.2378743560016172 0.006769625384383844
there 7.8125E-4 1.2729656758128876 9.945044342288185E-4
can 0.00234375 0.7339691750802005 0.0017202402540942199
be 0.0015625 0.47803580094299974 7.469309389734371E-4
only 0.00234375 0.843970070294529 0.001978054852252802
one 0.00390625 1.07880966137193 0.004214100239734102
value 0.0203125 0.5447271754416719 0.011064770751158961
associated 7.8125E-4 1.4271163556401458 0.001114934652843864
with 0.01171875 0.23572233352106994 0.0027623710959500383
attribute 0.04375 0.6931471805599453 0.030325189149497604
key 0.05390625 0.7985076962177716 0.04304455549923925
name 0.00390625 0.6931471805599453 0.0027076061740622863
and 0.00625 0.09431067947124142 5.894417466952589E-4
comparisons 7.8125E-4 2.659260036932778 0.0020775469038537327
generally 7.8125E-4 1.3470736479666094 0.0010524012874739137
case 0.01171875 1.3470736479666094 0.015786019312108705
sensitive 0.0046875 2.407945608651872 0.011287245040555649
By 0.015625 0.27443684570176036 0.004288075714090006
default 7.8125E-4 1.0216512475319812 7.981650371343604E-4
for 0.01171875 0.083381608939051 9.77128229754504E-4
names 0.0015625 1.6094379124341003 0.002514746738178282
normalized 7.8125E-4 2.407945608651872 0.001881207506759275
to 0.0140625 0.17435338714477774 0.002451844506723437
lower 0.0015625 2.0402208285265546 0.0031878450445727417
on 7.8125E-4 0.5447271754416719 4.255681058138062E-4
parsing 7.8125E-4 1.2729656758128876 9.945044342288185E-4
That 0.0046875 0.22314355131420976 0.0010459853967853582
means 7.8125E-4 1.8325814637483102 0.0014317042685533675
you 7.8125E-4 0.9162907318741551 7.158521342766837E-4
should 7.8125E-4 1.0498221244986776 8.20173534764592E-4
use 0.00234375 0.010050335853501506 2.3555474656644153E-5
strings 7.8125E-4 2.120263536200091 0.001656455887656321
when 7.8125E-4 0.843970070294529 6.593516174176008E-4
referring 7.8125E-4 2.659260036932778 0.0020775469038537327
by 0.015625 0.27443684570176036 0.004288075714090006
Author 7.8125E-4 2.120263536200091 0.001656455887656321
Jonathan 0.00234375 0.0 0.0
Hedley 0.00234375 0.0 0.0
jonathan 0.00234375 0.0 0.0
hedley 0.00234375 0.0 0.0
net 7.8125E-4 1.8325814637483102 0.0014317042685533675
Field 0.003125 1.1394342831883648 0.00356073213496364
Summary 0.00234375 0.6931471805599453 0.0016245637044373718
Fields 7.8125E-4 1.1086626245216111 8.661426754075088E-4
Modifier 0.0015625 0.653926467406664 0.0010217601053229125
Type 0.0015625 0.44628710262841953 6.973235978569056E-4
Description 0.00234375 0.24846135929849972 5.823313108558587E-4
protected 0.0015625 1.1394342831883648 0.00178036606748182
static 0.0015625 0.5621189181535412 8.783108096149082E-4
String 0.03515625 0.4155154439616658 0.014607964826777313
dataPrefix 0.00234375 2.120263536200091 0.004969367662968963
Constructor 0.00234375 0.6733445532637655 0.0015781512967119504
Constructors 7.8125E-4 0.8915981192837835 6.965610306904559E-4
Method 0.00546875 0.32850406697203605 0.001796506616253322
add 0.0046875 1.171182981502945 0.005489920225795055
Adds 0.0015625 1.5606477482646683 0.0024385121066635446
new 0.00703125 0.616186139423817 0.004332558792823713
void 0.00625 1.4696759700589417 0.009185474812868386
addAll 0.00234375 1.8325814637483102 0.004295112805660102
incoming 0.00390625 2.120263536200091 0.008282279438281605
Add 0.0046875 1.171182981502945 0.005489920225795055
all 0.00546875 0.05129329438755048 2.805102036819167E-4
the 0.0203125 0.10536051565782635 0.002140135474299598
from 0.00390625 0.38566248081198473 0.0015064940656718154
set 0.01484375 0.4620354595965586 0.0068583388533864165
this 0.01171875 0.3424903089467759 0.00401355830797003
List 0.00546875 0.653926467406664 0.0035761603686301937
asList 0.003125 1.8971199848858813 0.005928499952768379
Get 0.01015625 0.6733445532637655 0.006838655619085119
iteration 0.0015625 1.8971199848858813 0.0029642499763841896
clone 0.003125 0.8209805520698303 0.00256556422521822
Map 0.00546875 1.2378743560016172 0.006769625384383844
dataset 0.00234375 2.407945608651872 0.005643622520277824
Retrieves 0.0015625 2.207274913189721 0.0034488670518589394
filtered 0.0015625 2.207274913189721 0.0034488670518589394
view 0.00234375 1.4271163556401458 0.0033448039585315917
that 0.0046875 0.22314355131420976 0.0010459853967853582
custom 0.00234375 1.8325814637483102 0.004295112805660102
data 0.00390625 0.5978370007556204 0.002335300784201642
is 0.009375 0.22314355131420976 0.0020919707935707164
keys 0.00234375 1.7719568419318754 0.004153023848277833
starting 0.0015625 1.7147984280919266 0.0026793725438936356
int 0.0046875 1.07880966137193 0.005056920287680922
deduplicate 0.00234375 2.407945608651872 0.005643622520277824
ParseSettings 0.0015625 2.207274913189721 0.0034488670518589394
settings 0.003125 1.171182981502945 0.0036599468171967034
Internal 0.00546875 1.5141277326297755 0.008280386037819084
method 0.00546875 0.32850406697203605 0.001796506616253322
boolean 0.01484375 0.653926467406664 0.009706721000567669
equals 0.00390625 0.9942522733438669 0.00388379794274948
o 0.00234375 1.3862943611198906 0.0032491274088747436
Checks 0.0015625 1.8325814637483102 0.002863408537106735
if 0.01875 0.616186139423817 0.011553490114196567
these 0.0140625 1.5141277326297755 0.02129242124010622
equal 0.0015625 2.207274913189721 0.0034488670518589394
another 0.0015625 1.6607312068216509 0.0025948925106588296
comparing 0.0015625 2.407945608651872 0.00376241501351855
two 0.0015625 1.4271163556401458 0.002229869305687728
sets 0.00234375 1.6094379124341003 0.0037721201072674223
get 0.01015625 0.6733445532637655 0.006838655619085119
getIgnoreCase 0.00234375 2.407945608651872 0.005643622520277824
s 0.00234375 0.5447271754416719 0.0012767043174414185
insensitive 0.00390625 2.407945608651872 0.009406037533796374
hasDeclaredValueForKey 0.00234375 2.407945608651872 0.005643622520277824
Check 0.00625 1.3093333199837622 0.008183333249898514
contain 0.00625 1.5606477482646683 0.009754048426654179
hasDeclaredValueForKeyIgnoreCase 0.00234375 2.407945608651872 0.005643622520277824
hashCode 0.00546875 0.9942522733438669 0.005437317119849272
Calculates 0.0015625 2.120263536200091 0.003312911775312642
hashcode 0.00546875 0.9942522733438669 0.005437317119849272
iterating 0.0015625 2.407945608651872 0.00376241501351855
summing 0.0015625 2.407945608651872 0.00376241501351855
their 0.0015625 1.2729656758128876 0.001989008868457637
hashcodes 0.0015625 2.407945608651872 0.00376241501351855
hasKey 0.003125 2.407945608651872 0.0075248300270371
Tests 0.003125 1.9661128563728327 0.0061441026761651025
hasKeyIgnoreCase 0.00234375 2.407945608651872 0.005643622520277824
html 0.00859375 0.0 0.0
representation 0.0015625 1.8325814637483102 0.002863408537106735
isEmpty 0.00234375 2.0402208285265546 0.004781767566859112
Test 0.0015625 1.1394342831883648 0.00178036606748182
list 0.00546875 0.653926467406664 0.0035761603686301937
empty 0.003125 1.4696759700589417 0.004592737406434193
size 0.0046875 1.3862943611198906 0.006498254817749487
Iterator 0.00546875 1.6094379124341003 0.008801613583623986
iterator 0.00546875 1.6094379124341003 0.008801613583623986
normalize 0.00234375 2.407945608651872 0.005643622520277824
put 0.0078125 1.7147984280919266 0.013396862719468177
Set 0.01484375 0.4620354595965586 0.0068583388533864165
remove 0.00859375 1.4271163556401458 0.012264281181282505
false 0.003125 1.1394342831883648 0.00356073213496364
or 0.00546875 0.2613647641344075 0.001429338553860041
replace 0.003125 1.7147984280919266 0.005358745087787271
existing 0.003125 1.2729656758128876 0.003978017736915274
Remove 0.00859375 1.4271163556401458 0.012264281181282505
removeIgnoreCase 0.00234375 2.407945608651872 0.005643622520277824
number 0.00234375 1.2378743560016172 0.0029012680218787903
in 0.00546875 0.1508228897345837 8.248126782360045E-4
including 0.0015625 1.0498221244986776 0.001640347069529184
any 0.0015625 0.5978370007556204 9.34120313680657E-4
internal 0.00546875 1.5141277326297755 0.008280386037819084
toString 0.003125 0.9675840262617057 0.0030237000820678307
Methods 0.00234375 0.24846135929849972 5.823313108558587E-4
inherited 0.0015625 0.9942522733438669 0.001553519177099792
finalize 7.8125E-4 1.07880966137193 8.428200479468203E-4
getClass 7.8125E-4 1.07880966137193 8.428200479468203E-4
notify 7.8125E-4 1.0498221244986776 8.20173534764592E-4
notifyAll 7.8125E-4 1.07880966137193 8.428200479468203E-4
wait 0.00234375 0.9942522733438669 0.002330278765649688
interface 0.00234375 0.653926467406664 0.001532640157984369
forEach 7.8125E-4 2.407945608651872 0.001881207506759275
spliterator 7.8125E-4 2.407945608651872 0.001881207506759275
Details 0.00234375 0.7550225842780328 0.0017695841819016394
final 7.8125E-4 1.3093333199837622 0.0010229166562373143
See 0.00234375 0.3566749439387324 8.35956899856404E-4
Also 0.00234375 0.5108256237659907 0.0011972475557015408
Constant 7.8125E-4 1.4271163556401458 0.001114934652843864
Values 7.8125E-4 1.0216512475319812 7.981650371343604E-4
Parameters 0.0109375 0.5978370007556204 0.006538842195764598
Returns 0.0125 0.9942522733438669 0.012428153416798336
string 0.03515625 0.4155154439616658 0.014607964826777313
not 0.0046875 0.3424903089467759 0.001605423323188012
first 7.8125E-4 1.6094379124341003 0.001257373369089141
matching 7.8125E-4 2.0402208285265546 0.0015939225222863708
ora 7.8125E-4 2.659260036932778 0.0020775469038537327
Nullable 0.00234375 1.6607312068216509 0.003892338765988244
Will 7.8125E-4 0.5447271754416719 4.255681058138062E-4
produce 7.8125E-4 2.659260036932778 0.0020775469038537327
duplicates 7.8125E-4 2.5257286443082556 0.0019732255033658246
already 7.8125E-4 1.8971199848858813 0.0014821249881920948
exists 0.00390625 2.0402208285265546 0.007969612611431854
null 0.0015625 1.2039728043259361 0.0018812075067592754
may 7.8125E-4 1.07880966137193 8.428200479468203E-4
chaining 0.00234375 1.7719568419318754 0.004153023848277833
Case 0.01171875 1.3470736479666094 0.015786019312108705
check 0.00625 1.3093333199837622 0.008183333249898514
true 0.003125 1.1086626245216111 0.003464570701630035
otherwise 0.0015625 1.2378743560016172 0.001934178681252527
it 0.0015625 0.47803580094299974 7.469309389734371E-4
has 0.0015625 0.7550225842780328 0.0011797227879344263
excluded 7.8125E-4 2.659260036932778 0.0020775469038537327
methods 0.00234375 0.24846135929849972 5.823313108558587E-4
Specified 7.8125E-4 0.9675840262617057 7.559250205169577E-4
unmodifiable 7.8125E-4 2.659260036932778 0.0020775469038537327
Overrides 0.003125 1.5606477482646683 0.004877024213327089
Note 7.8125E-4 1.3093333199837622 0.0010229166562373143
order 7.8125E-4 1.2378743560016172 9.670893406262635E-4
does 7.8125E-4 0.7339691750802005 5.734134180314067E-4
impact 7.8125E-4 2.5257286443082556 0.0019732255033658246
equality 7.8125E-4 2.659260036932778 0.0020775469038537327
per 7.8125E-4 1.7147984280919266 0.0013396862719468178
compare 7.8125E-4 2.407945608651872 0.001881207506759275
both 7.8125E-4 1.6094379124341003 0.001257373369089141
have 7.8125E-4 0.9416085398584451 7.356316717644102E-4
same 7.8125E-4 0.9942522733438669 7.76759588549896E-4
content 7.8125E-4 0.44628710262841953 3.486617989284528E-4
calculated 7.8125E-4 2.659260036932778 0.0020775469038537327
Lowercases 7.8125E-4 2.659260036932778 0.0020775469038537327
Removes 7.8125E-4 2.120263536200091 0.001656455887656321
duplicate 7.8125E-4 2.407945608651872 0.001881207506759275
Settings 0.003125 1.171182981502945 0.0036599468171967034
sensitivity 0.0015625 2.659260036932778 0.0041550938077074655
removed 7.8125E-4 1.2378743560016172 9.670893406262635E-4
dupes 7.8125E-4 2.659260036932778 0.0020775469038537327
Copyright 7.8125E-4 0.06187540371808745 4.834015915475582E-5
rights 7.8125E-4 0.06187540371808745 4.834015915475582E-5
reserved 7.8125E-4 0.06187540371808745 4.834015915475582E-5
icrosoft 7.8125E-4 3.912023005428146 0.0030562679729907393
azure 0.0015625 2.659260036932778 0.0041550938077074655
vs 0.0015625 2.5257286443082556 0.003946451006731649
Microsoft 7.8125E-4 2.995732273553991 0.0023404158387140554
Azure 0.0015625 2.659260036932778 0.0041550938077074655
MongoDB 7.8125E-4 3.2188758248682006 0.002514746738178282
Learn 7.8125E-4 2.302585092994046 0.0017988946039015985
What 0.00546875 1.5141277326297755 0.008280386037819084
AI 7.8125E-4 2.659260036932778 0.0020775469038537327
Cloud 0.0046875 2.302585092994046 0.01079336762340959
Computing 7.8125E-4 2.302585092994046 0.0017988946039015985
Storage 7.8125E-4 2.302585092994046 0.0017988946039015985
HPC 7.8125E-4 2.407945608651872 0.001881207506759275
IaaS 7.8125E-4 3.2188758248682006 0.002514746738178282
PaaS 7.8125E-4 3.2188758248682006 0.002514746738178282
Oracle 0.0046875 0.8915981192837835 0.004179366184142735
Supports 7.8125E-4 1.5606477482646683 0.0012192560533317723
Ukraine 7.8125E-4 2.8134107167600364 0.0021979771224687784
Free 7.8125E-4 1.8971199848858813 0.0014821249881920948
Tier 7.8125E-4 2.5257286443082556 0.0019732255033658246
Architecture 7.8125E-4 1.8325814637483102 0.0014317042685533675
Center 7.8125E-4 2.207274913189721 0.0017244335259294697
Lift 7.8125E-4 2.8134107167600364 0.0021979771224687784
Support 7.8125E-4 1.1394342831883648 8.9018303374091E-4
Rewards 7.8125E-4 2.5257286443082556 0.0019732255033658246
Red 7.8125E-4 2.659260036932778 0.0020775469038537327
Bull 7.8125E-4 2.659260036932778 0.0020775469038537327
Racing 7.8125E-4 2.659260036932778 0.0020775469038537327
Contact 7.8125E-4 2.407945608651872 0.001881207506759275
us 0.0015625 2.5257286443082556 0.003946451006731649
US 0.0015625 2.5257286443082556 0.003946451006731649
Sales 7.8125E-4 2.5257286443082556 0.0019732255033658246
How 0.0015625 1.2039728043259361 0.0018812075067592754
we 0.0015625 2.120263536200091 0.003312911775312642
help 0.003125 0.05129329438755048 1.6029154496109525E-4
Subscribe 0.0015625 2.5257286443082556 0.003946451006731649
emails 0.0015625 2.659260036932778 0.0041550938077074655
Events 7.8125E-4 1.5606477482646683 0.0012192560533317723
News 7.8125E-4 1.9661128563728327 0.0015360256690412756
OCI 7.8125E-4 2.995732273553991 0.0023404158387140554
Blog 7.8125E-4 2.8134107167600364 0.0021979771224687784
Country 0.0015625 2.659260036932778 0.0041550938077074655
Region 0.0015625 2.0402208285265546 0.0031878450445727417
Site 0.0015625 2.0402208285265546 0.0031878450445727417
Privacy 0.0015625 2.302585092994046 0.003597789207803197
Do 0.0015625 0.9162907318741551 0.0014317042685533675
Not 0.0046875 0.3424903089467759 0.001605423323188012
Sell 0.0015625 2.659260036932778 0.0041550938077074655
My 0.0015625 2.5257286443082556 0.003946451006731649
Info 0.0015625 2.120263536200091 0.003312911775312642
Ad 0.0015625 2.407945608651872 0.00376241501351855
Choices 0.0015625 2.120263536200091 0.003312911775312642
Careers 0.0015625 2.659260036932778 0.0041550938077074655
Facebook 0.0015625 2.659260036932778 0.0041550938077074655
Twitter 0.0015625 2.659260036932778 0.0041550938077074655
LinkedIn 0.0015625 2.659260036932778 0.0041550938077074655
YouTube 0.0015625 2.659260036932778 0.0041550938077074655
Integrated 7.8125E-4 2.659260036932778 0.0020775469038537327
Applications 7.8125E-4 1.6607312068216509 0.0012974462553294148
Platform 7.8125E-4 1.07880966137193 8.428200479468203E-4
Services 7.8125E-4 2.0402208285265546 0.0015939225222863708
5954692557 2.302585092994046 0.007451731692537366
HPC 0.003236245954692557 2.407945608651872 0.007792704235119327
IaaS 0.003236245954692557 3.2188758248682006 0.01041707386688738
PaaS 0.003236245954692557 3.2188758248682006 0.01041707386688738
Oracle 0.003236245954692557 0.8915981192837835 0.0028854308067436363
Supports 0.003236245954692557 1.5606477482646683 0.0050506399620215804
Ukraine 0.003236245954692557 2.8134107167600364 0.009104889051003354
Free 0.003236245954692557 1.8971199848858813 0.006139546876653338
Tier 0.003236245954692557 2.5257286443082556 0.008173879107793708
Architecture 0.003236245954692557 1.8325814637483102 0.0059306843487000336
Center 0.003236245954692557 2.207274913189721 0.0071432845087046
Lift 0.003236245954692557 2.8134107167600364 0.009104889051003354
Support 0.003236245954692557 1.1394342831883648 0.003687489589606359
Rewards 0.003236245954692557 2.5257286443082556 0.008173879107793708
Red 0.003236245954692557 2.659260036932778 0.008606019536999281
Bull 0.003236245954692557 2.659260036932778 0.008606019536999281
Racing 0.003236245954692557 2.659260036932778 0.008606019536999281
Contact 0.003236245954692557 2.407945608651872 0.007792704235119327
us 0.006472491909385114 2.5257286443082556 0.016347758215587416
US 0.006472491909385114 2.5257286443082556 0.016347758215587416
Sales 0.003236245954692557 2.5257286443082556 0.008173879107793708
How 0.003236245954692557 1.2039728043259361 0.003896352117559664
we 0.003236245954692557 2.120263536200091 0.00686169429190968
help 0.006472491909385114 0.05129329438755048 3.3199543292912936E-4
Subscribe 0.003236245954692557 2.5257286443082556 0.008173879107793708
emails 0.003236245954692557 2.659260036932778 0.008606019536999281
Events 0.003236245954692557 1.5606477482646683 0.0050506399620215804
News 0.003236245954692557 1.9661128563728327 0.0063628247779056075
OCI 0.003236245954692557 2.995732273553991 0.00969492645163104
Blog 0.003236245954692557 2.8134107167600364 0.009104889051003354
Country 0.003236245954692557 2.659260036932778 0.008606019536999281
Region 0.003236245954692557 2.0402208285265546 0.006602656402998559
Site 0.003236245954692557 2.0402208285265546 0.006602656402998559
Privacy 0.003236245954692557 2.302585092994046 0.007451731692537366
Do 0.003236245954692557 0.9162907318741551 0.0029653421743500168
Not 0.006472491909385114 0.3424903089467759 0.002216765753700815
Sell 0.003236245954692557 2.659260036932778 0.008606019536999281
My 0.003236245954692557 2.5257286443082556 0.008173879107793708
Info 0.003236245954692557 2.120263536200091 0.00686169429190968
Ad 0.003236245954692557 2.407945608651872 0.007792704235119327
Choices 0.003236245954692557 2.120263536200091 0.00686169429190968
Careers 0.003236245954692557 2.659260036932778 0.008606019536999281
Facebook 0.003236245954692557 2.659260036932778 0.008606019536999281
Twitter 0.003236245954692557 2.659260036932778 0.008606019536999281
LinkedIn 0.003236245954692557 2.659260036932778 0.008606019536999281
YouTube 0.003236245954692557 2.659260036932778 0.008606019536999281
Integrated 0.003236245954692557 2.659260036932778 0.008606019536999281
Applications 0.003236245954692557 1.6607312068216509 0.005374534649908256
Platform 0.003236245954692557 1.07880966137193 0.0034912934024981554
Services 0.003236245954692557 2.0402208285265546 0.006602656402998559
