Attributes 0.006309148264984227 0.3566749439387324 0.0022503151037144
jsoup 0.0031545741324921135 0.0 0.0
Java 0.006309148264984227 0.010050335853501506 6.34090590126278E-5
HTML 0.006309148264984227 0.0 0.0
Parser 0.0031545741324921135 0.0 0.0
API 0.0031545741324921135 0.0 0.0
Skip 0.0031545741324921135 0.06187540371808745 1.9519054800658502E-4
navigation 0.0031545741324921135 0.06187540371808745 1.9519054800658502E-4
links 0.0031545741324921135 0.0408219945202552 1.2877600795033187E-4
Overview 0.0031545741324921135 0.06187540371808745 1.9519054800658502E-4
Package 0.0031545741324921135 0.06187540371808745 1.9519054800658502E-4
Class 0.006309148264984227 0.06187540371808745 3.9038109601317005E-4
Use 0.006309148264984227 0.010050335853501506 6.34090590126278E-5
Tree 0.0031545741324921135 0.0408219945202552 1.2877600795033187E-4
Deprecated 0.0031545741324921135 0.06187540371808745 1.9519054800658502E-4
Index 0.0031545741324921135 0.06187540371808745 1.9519054800658502E-4
Help 0.006309148264984227 0.05129329438755048 3.236169992905393E-4
org 0.0031545741324921135 0.05129329438755048 1.6180849964526965E-4
nodes 0.0031545741324921135 0.7550225842780328 0.002381774713810829
java 0.006309148264984227 0.010050335853501506 6.34090590126278E-5
lang 0.0031545741324921135 0.653926467406664 0.0020628595186330096
Object 0.0031545741324921135 0.43078291609245434 0.001358936643824777
All 0.006309148264984227 0.05129329438755048 3.236169992905393E-4
Implemented 0.0031545741324921135 1.0498221244986776 0.0033117417176614437
Interfaces 0.0031545741324921135 1.0216512475319812 0.003222874597892685
Cloneable 0.0031545741324921135 1.3093333199837622 0.0041303890220307955
Iterable 0.0031545741324921135 1.6094379124341003 0.00507709120641672
Attribute 0.006309148264984227 0.6931471805599453 0.004373168331608487
public 0.0031545741324921135 0.6931471805599453 0.0021865841658042437
class 0.006309148264984227 0.06187540371808745 3.9038109601317005E-4
extends 0.0031545741324921135 0.653926467406664 0.0020628595186330096
implements 0.0031545741324921135 0.6931471805599453 0.0021865841658042437
The 0.006309148264984227 0.10536051565782635 6.647351145604186E-4
attributes 0.006309148264984227 0.3566749439387324 0.0022503151037144
of 0.0031545741324921135 0.1165338162559516 3.676145623216139E-4
an 0.0031545741324921135 0.4620354595965586 0.0014575251091374088
Element 0.0031545741324921135 0.7339691750802005 0.0023153601737545756
are 0.0031545741324921135 0.5447271754416719 0.0017183822569137915
treated 0.0031545741324921135 1.8325814637483102 0.005781014081224953
as 0.0031545741324921135 0.32850406697203605 0.0010362904320884417
a 0.0031545741324921135 0.16251892949777494 5.126780110339904E-4
map 0.006309148264984227 1.2378743560016172 0.0078099328454360704
there 0.0031545741324921135 1.2729656758128876 0.004015664592469677
can 0.0031545741324921135 0.7339691750802005 0.0023153601737545756
be 0.0031545741324921135 0.47803580094299974 0.0015079993720599361
only 0.0031545741324921135 0.843970070294529 0.0026623661523486717
one 0.0031545741324921135 1.07880966137193 0.003403185051646467
value 0.0031545741324921135 0.5447271754416719 0.0017183822569137915
associated 0.0031545741324921135 1.4271163556401458 0.004501944339558819
with 0.0031545741324921135 0.23572233352106994 7.436035757762458E-4
attribute 0.006309148264984227 0.6931471805599453 0.004373168331608487
key 0.0031545741324921135 0.7985076962177716 0.002518951723084453
name 0.0031545741324921135 0.6931471805599453 0.0021865841658042437
and 0.0031545741324921135 0.09431067947124142 2.9751002987773317E-4
comparisons 0.0031545741324921135 2.659260036932778 0.008388832924078164
generally 0.0031545741324921135 1.3470736479666094 0.004249443684437254
case 0.006309148264984227 1.3470736479666094 0.008498887368874507
sensitive 0.0031545741324921135 2.407945608651872 0.007596042929501173
By 0.006309148264984227 0.27443684570176036 0.0017314627489070054
default 0.0031545741324921135 1.0216512475319812 0.003222874597892685
for 0.0031545741324921135 0.083381608939051 2.6303346668470344E-4
names 0.0031545741324921135 1.6094379124341003 0.00507709120641672
normalized 0.0031545741324921135 2.407945608651872 0.007596042929501173
to 0.0031545741324921135 0.17435338714477774 5.500106849992989E-4
lower 0.0031545741324921135 2.0402208285265546 0.006436027850241497
on 0.0031545741324921135 0.5447271754416719 0.0017183822569137915
parsing 0.0031545741324921135 1.2729656758128876 0.004015664592469677
That 0.006309148264984227 0.22314355131420976 0.0014078457496164653
means 0.0031545741324921135 1.8325814637483102 0.005781014081224953
you 0.0031545741324921135 0.9162907318741551 0.0028905070406124765
should 0.0031545741324921135 1.0498221244986776 0.0033117417176614437
use 0.006309148264984227 0.010050335853501506 6.34090590126278E-5
strings 0.0031545741324921135 2.120263536200091 0.006688528505363063
when 0.0031545741324921135 0.843970070294529 0.0026623661523486717
referring 0.0031545741324921135 2.659260036932778 0.008388832924078164
by 0.006309148264984227 0.27443684570176036 0.0017314627489070054
Author 0.0031545741324921135 2.120263536200091 0.006688528505363063
Jonathan 0.006309148264984227 0.0 0.0
Hedley 0.006309148264984227 0.0 0.0
jonathan 0.006309148264984227 0.0 0.0
hedley 0.006309148264984227 0.0 0.0
net 0.0031545741324921135 1.8325814637483102 0.005781014081224953
Field 0.0031545741324921135 1.1394342831883648 0.003594429915420709
Summary 0.0031545741324921135 0.6931471805599453 0.0021865841658042437
Fields 0.0031545741324921135 1.1086626245216111 0.0034973584369766913
Modifier 0.0031545741324921135 0.653926467406664 0.0020628595186330096
Type 0.0031545741324921135 0.44628710262841953 0.0014078457496164653
Description 0.0031545741324921135 0.24846135929849972 7.83789776966876E-4
protected 0.0031545741324921135 1.1394342831883648 0.003594429915420709
static 0.0031545741324921135 0.5621189181535412 0.0017732457985916127
String 0.006309148264984227 0.4155154439616658 0.0026215485423448943
dataPrefix 0.0031545741324921135 2.120263536200091 0.006688528505363063
Constructor 0.0031545741324921135 0.6733445532637655 0.002124115309980333
Constructors 0.0031545741324921135 0.8915981192837835 0.0028126123636712415
Method 0.006309148264984227 0.32850406697203605 0.0020725808641768833
add 0.006309148264984227 1.171182981502945 0.00738916707572836
Adds 0.0031545741324921135 1.5606477482646683 0.004923179016607786
new 0.0031545741324921135 0.616186139423817 0.0019438048562265518
void 0.0031545741324921135 1.4696759700589417 0.0046362017982931915
addAll 0.0031545741324921135 1.8325814637483102 0.005781014081224953
incoming 0.0031545741324921135 2.120263536200091 0.006688528505363063
Add 0.006309148264984227 1.171182981502945 0.00738916707572836
all 0.006309148264984227 0.05129329438755048 3.236169992905393E-4
the 0.006309148264984227 0.10536051565782635 6.647351145604186E-4
from 0.0031545741324921135 0.38566248081198473 0.0012166008858422231
set 0.006309148264984227 0.4620354595965586 0.0029150502182748177
this 0.0031545741324921135 0.3424903089467759 0.0010804110692327316
List 0.006309148264984227 0.653926467406664 0.004125719037266019
asList 0.0031545741324921135 1.8971199848858813 0.00598460563055483
Get 0.006309148264984227 0.6733445532637655 0.004248230619960666
iteration 0.0031545741324921135 1.8971199848858813 0.00598460563055483
clone 0.0031545741324921135 0.8209805520698303 0.0025898440128385813
Map 0.006309148264984227 1.2378743560016172 0.0078099328454360704
dataset 0.0031545741324921135 2.407945608651872 0.007596042929501173
Retrieves 0.0031545741324921135 2.207274913189721 0.00696301234444707
filtered 0.0031545741324921135 2.207274913189721 0.00696301234444707
view 0.0031545741324921135 1.4271163556401458 0.004501944339558819
that 0.006309148264984227 0.22314355131420976 0.0014078457496164653
custom 0.0031545741324921135 1.8325814637483102 0.005781014081224953
data 0.0031545741324921135 0.5978370007556204 0.0018859211380303483
is 0.0031545741324921135 0.22314355131420976 7.039228748082326E-4
keys 0.0031545741324921135 1.7719568419318754 0.005589769217450711
starting 0.0031545741324921135 1.7147984280919266 0.005409458763696929
int 0.0031545741324921135 1.07880966137193 0.003403185051646467
deduplicate 0.0031545741324921135 2.407945608651872 0.007596042929501173
ParseSettings 0.0031545741324921135 2.207274913189721 0.00696301234444707
settings 0.006309148264984227 1.171182981502945 0.00738916707572836
Internal 0.006309148264984227 1.5141277326297755 0.00955285635728565
method 0.006309148264984227 0.32850406697203605 0.0020725808641768833
boolean 0.0031545741324921135 0.653926467406664 0.0020628595186330096
equals 0.0031545741324921135 0.9942522733438669 0.0031364425026620406
o 0.0031545741324921135 1.3862943611198906 0.004373168331608487
Checks 0.0031545741324921135 1.8325814637483102 0.005781014081224953
if 0.0031545741324921135 0.616186139423817 0.0019438048562265518
these 0.0031545741324921135 1.5141277326297755 0.004776428178642825
equal 0.0031545741324921135 2.207274913189721 0.00696301234444707
another 0.0031545741324921135 1.6607312068216509 0.00523889970606199
comparing 0.0031545741324921135 2.407945608651872 0.007596042929501173
two 0.0031545741324921135 1.4271163556401458 0.004501944339558819
sets 0.0031545741324921135 1.6094379124341003 0.00507709120641672
get 0.006309148264984227 0.6733445532637655 0.004248230619960666
getIgnoreCase 0.0031545741324921135 2.407945608651872 0.007596042929501173
s 0.0031545741324921135 0.5447271754416719 0.0017183822569137915
insensitive 0.0031545741324921135 2.407945608651872 0.007596042929501173
hasDeclaredValueForKey 0.0031545741324921135 2.407945608651872 0.007596042929501173
Check 0.006309148264984227 1.3093333199837622 0.008260778044061591
contain 0.0031545741324921135 1.5606477482646683 0.004923179016607786
hasDeclaredValueForKeyIgnoreCase 0.0031545741324921135 2.407945608651872 0.007596042929501173
hashCode 0.006309148264984227 0.9942522733438669 0.006272885005324081
Calculates 0.0031545741324921135 2.120263536200091 0.006688528505363063
hashcode 0.006309148264984227 0.9942522733438669 0.006272885005324081
iterating 0.0031545741324921135 2.407945608651872 0.007596042929501173
summing 0.0031545741324921135 2.407945608651872 0.007596042929501173
their 0.0031545741324921135 1.2729656758128876 0.004015664592469677
hashcodes 0.0031545741324921135 2.407945608651872 0.007596042929501173
hasKey 0.0031545741324921135 2.407945608651872 0.007596042929501173
Tests 0.0031545741324921135 1.9661128563728327 0.00620224875827392
hasKeyIgnoreCase 0.0031545741324921135 2.407945608651872 0.007596042929501173
html 0.006309148264984227 0.0 0.0
representation 0.0031545741324921135 1.8325814637483102 0.005781014081224953
isEmpty 0.0031545741324921135 2.0402208285265546 0.006436027850241497
Test 0.0031545741324921135 1.1394342831883648 0.003594429915420709
list 0.006309148264984227 0.653926467406664 0.004125719037266019
empty 0.0031545741324921135 1.4696759700589417 0.0046362017982931915
size 0.0031545741324921135 1.3862943611198906 0.004373168331608487
Iterator 0.006309148264984227 1.6094379124341003 0.01015418241283344
iterator 0.006309148264984227 1.6094379124341003 0.01015418241283344
normalize 0.0031545741324921135 2.407945608651872 0.007596042929501173
put 0.0031545741324921135 1.7147984280919266 0.005409458763696929
Set 0.006309148264984227 0.4620354595965586 0.0029150502182748177
remove 0.006309148264984227 1.4271163556401458 0.009003888679117639
false 0.0031545741324921135 1.1394342831883648 0.003594429915420709
or 0.0031545741324921135 0.2613647641344075 8.244945240833045E-4
replace 0.0031545741324921135 1.7147984280919266 0.005409458763696929
existing 0.0031545741324921135 1.2729656758128876 0.004015664592469677
Remove 0.006309148264984227 1.4271163556401458 0.009003888679117639
removeIgnoreCase 0.0031545741324921135 2.407945608651872 0.007596042929501173
number 0.0031545741324921135 1.2378743560016172 0.0039049664227180352
in 0.0031545741324921135 0.1508228897345837 4.75781986544428E-4
including 0.0031545741324921135 1.0498221244986776 0.0033117417176614437
any 0.0031545741324921135 0.5978370007556204 0.0018859211380303483
internal 0.006309148264984227 1.5141277326297755 0.00955285635728565
toString 0.0031545741324921135 0.9675840262617057 0.0030523155402577464
Methods 0.006309148264984227 0.24846135929849972 0.001567579553933752
inherited 0.0031545741324921135 0.9942522733438669 0.0031364425026620406
finalize 0.0031545741324921135 1.07880966137193 0.003403185051646467
getClass 0.0031545741324921135 1.07880966137193 0.003403185051646467
notify 0.0031545741324921135 1.0498221244986776 0.0033117417176614437
notifyAll 0.0031545741324921135 1.07880966137193 0.003403185051646467
wait 0.0031545741324921135 0.9942522733438669 0.0031364425026620406
interface 0.0031545741324921135 0.653926467406664 0.0020628595186330096
forEach 0.0031545741324921135 2.407945608651872 0.007596042929501173
spliterator 0.0031545741324921135 2.407945608651872 0.007596042929501173
Details 0.0031545741324921135 0.7550225842780328 0.002381774713810829
final 0.0031545741324921135 1.3093333199837622 0.0041303890220307955
See 0.0031545741324921135 0.3566749439387324 0.0011251575518572
Also 0.0031545741324921135 0.5108256237659907 0.001611437298946343
Constant 0.0031545741324921135 1.4271163556401458 0.004501944339558819
Values 0.0031545741324921135 1.0216512475319812 0.003222874597892685
Parameters 0.0031545741324921135 0.5978370007556204 0.0018859211380303483
Returns 0.0031545741324921135 0.9942522733438669 0.0031364425026620406
string 0.006309148264984227 0.4155154439616658 0.0026215485423448943
not 0.006309148264984227 0.3424903089467759 0.0021608221384654632
first 0.0031545741324921135 1.6094379124341003 0.00507709120641672
matching 0.0031545741324921135 2.0402208285265546 0.006436027850241497
ora 0.0031545741324921135 2.659260036932778 0.008388832924078164
Nullable 0.0031545741324921135 1.6607312068216509 0.00523889970606199
Will 0.0031545741324921135 0.5447271754416719 0.0017183822569137915
produce 0.0031545741324921135 2.659260036932778 0.008388832924078164
duplicates 0.0031545741324921135 2.5257286443082556 0.007967598247029197
already 0.0031545741324921135 1.8971199848858813 0.00598460563055483
exists 0.0031545741324921135 2.0402208285265546 0.006436027850241497
null 0.0031545741324921135 1.2039728043259361 0.003798021464750587
may 0.0031545741324921135 1.07880966137193 0.003403185051646467
chaining 0.0031545741324921135 1.7719568419318754 0.005589769217450711
Case 0.006309148264984227 1.3470736479666094 0.008498887368874507
check 0.006309148264984227 1.3093333199837622 0.008260778044061591
true 0.0031545741324921135 1.1086626245216111 0.0034973584369766913
otherwise 0.0031545741324921135 1.2378743560016172 0.0039049664227180352
it 0.0031545741324921135 0.47803580094299974 0.0015079993720599361
has 0.0031545741324921135 0.7550225842780328 0.002381774713810829
excluded 0.0031545741324921135 2.659260036932778 0.008388832924078164
methods 0.006309148264984227 0.24846135929849972 0.001567579553933752
Specified 0.0031545741324921135 0.9675840262617057 0.0030523155402577464
unmodifiable 0.0031545741324921135 2.659260036932778 0.008388832924078164
Overrides 0.0031545741324921135 1.5606477482646683 0.004923179016607786
Note 0.0031545741324921135 1.3093333199837622 0.0041303890220307955
order 0.0031545741324921135 1.2378743560016172 0.0039049664227180352
does 0.0031545741324921135 0.7339691750802005 0.0023153601737545756
impact 0.0031545741324921135 2.5257286443082556 0.007967598247029197
equality 0.0031545741324921135 2.659260036932778 0.008388832924078164
per 0.0031545741324921135 1.7147984280919266 0.005409458763696929
compare 0.0031545741324921135 2.407945608651872 0.007596042929501173
both 0.0031545741324921135 1.6094379124341003 0.00507709120641672
have 0.0031545741324921135 0.9416085398584451 0.00297037394277112
same 0.0031545741324921135 0.9942522733438669 0.0031364425026620406
content 0.0031545741324921135 0.44628710262841953 0.0014078457496164653
calculated 0.0031545741324921135 2.659260036932778 0.008388832924078164
Lowercases 0.0031545741324921135 2.659260036932778 0.008388832924078164
Removes 0.0031545741324921135 2.120263536200091 0.006688528505363063
duplicate 0.0031545741324921135 2.407945608651872 0.007596042929501173
Settings 0.006309148264984227 1.171182981502945 0.00738916707572836
sensitivity 0.0031545741324921135 2.659260036932778 0.008388832924078164
removed 0.0031545741324921135 1.2378743560016172 0.0039049664227180352
dupes 0.0031545741324921135 2.659260036932778 0.008388832924078164
Copyright 0.0031545741324921135 0.06187540371808745 1.9519054800658502E-4
rights 0.0031545741324921135 0.06187540371808745 1.9519054800658502E-4
reserved 0.0031545741324921135 0.06187540371808745 1.9519054800658502E-4
icrosoft 0.0031545741324921135 3.912023005428146 0.012340766578637684
azure 0.006309148264984227 2.659260036932778 0.016777665848156327
vs 0.0031545741324921135 2.5257286443082556 0.007967598247029197
Microsoft 0.0031545741324921135 2.995732273553991 0.009450259538025207
Azure 0.006309148264984227 2.659260036932778 0.016777665848156327
MongoDB 0.0031545741324921135 3.2188758248682006 0.01015418241283344
Learn 0.0031545741324921135 2.302585092994046 0.007263675372220965
What 0.0031545741324921135 1.5141277326297755 0.004776428178642825
AI 0.0031545741324921135 2.659260036932778 0.008388832924078164
Cloud 0.0031545741324921135 2.302585092994046 0.007263675372220965
Computing 0.0031545741324921135 2.302585092994046 0.007263675372220965
Storage 0.0031545741324921135 2.302585092994046 0.007263675372220965
HPC 0.0031545741324921135 2.407945608651872 0.007596042929501173
IaaS 0.0031545741324921135 3.2188758248682006 0.01015418241283344
PaaS 0.0031545741324921135 3.2188758248682006 0.01015418241283344
Oracle 0.0031545741324921135 0.8915981192837835 0.0028126123636712415
Supports 0.0031545741324921135 1.5606477482646683 0.004923179016607786
Ukraine 0.0031545741324921135 2.8134107167600364 0.008875112671167307
Free 0.0031545741324921135 1.8971199848858813 0.00598460563055483
Tier 0.0031545741324921135 2.5257286443082556 0.007967598247029197
Architecture 0.0031545741324921135 1.8325814637483102 0.005781014081224953
Center 0.0031545741324921135 2.207274913189721 0.00696301234444707
Lift 0.0031545741324921135 2.8134107167600364 0.008875112671167307
Support 0.0031545741324921135 1.1394342831883648 0.003594429915420709
Rewards 0.0031545741324921135 2.5257286443082556 0.007967598247029197
Red 0.0031545741324921135 2.659260036932778 0.008388832924078164
Bull 0.0031545741324921135 2.659260036932778 0.008388832924078164
Racing 0.0031545741324921135 2.659260036932778 0.008388832924078164
Contact 0.006309148264984227 2.407945608651872 0.015192085859002346
us 0.006309148264984227 2.5257286443082556 0.015935196494058394
US 0.006309148264984227 2.5257286443082556 0.015935196494058394
Sales 0.0031545741324921135 2.5257286443082556 0.007967598247029197
How 0.006309148264984227 1.2039728043259361 0.007596042929501174
we 0.0031545741324921135 2.120263536200091 0.006688528505363063
help 0.006309148264984227 0.05129329438755048 3.236169992905393E-4
Subscribe 0.0031545741324921135 2.5257286443082556 0.007967598247029197
emails 0.0031545741324921135 2.659260036932778 0.008388832924078164
Events 0.0031545741324921135 1.5606477482646683 0.004923179016607786
News 0.0031545741324921135 1.9661128563728327 0.00620224875827392
OCI 0.0031545741324921135 2.995732273553991 0.009450259538025207
Blog 0.0031545741324921135 2.8134107167600364 0.008875112671167307
Country 0.0031545741324921135 2.659260036932778 0.008388832924078164
Region 0.0031545741324921135 2.0402208285265546 0.006436027850241497
Site 0.0031545741324921135 2.0402208285265546 0.006436027850241497
Privacy 0.0031545741324921135 2.302585092994046 0.007263675372220965
Do 0.0031545741324921135 0.9162907318741551 0.0028905070406124765
Not 0.006309148264984227 0.3424903089467759 0.0021608221384654632
Sell 0.0031545741324921135 2.659260036932778 0.008388832924078164
My 0.0031545741324921135 2.5257286443082556 0.007967598247029197
Info 0.0031545741324921135 2.120263536200091 0.006688528505363063
Ad 0.0031545741324921135 2.407945608651872 0.007596042929501173
Choices 0.0031545741324921135 2.120263536200091 0.006688528505363063
Careers 0.0031545741324921135 2.659260036932778 0.008388832924078164
Facebook 0.0031545741324921135 2.659260036932778 0.008388832924078164
Twitter 0.0031545741324921135 2.659260036932778 0.008388832924078164
LinkedIn 0.0031545741324921135 2.659260036932778 0.008388832924078164
YouTube 0.0031545741324921135 2.659260036932778 0.008388832924078164
contact 0.006309148264984227 2.407945608651872 0.015192085859002346
how 0.006309148264984227 1.2039728043259361 0.007596042929501174
href 0.0031545741324921135 1.5606477482646683 0.004923179016607786
corporate 0.0031545741324921135 2.5257286443082556 0.007967598247029197
Integrated 0.0031545741324921135 2.659260036932778 0.008388832924078164
Applications 0.0031545741324921135 1.6607312068216509 0.00523889970606199
Platform 0.0031545741324921135 1.07880966137193 0.003403185051646467
Services 0.0031545741324921135 2.0402208285265546 0.006436027850241497
C 0.0031545741324921135 1.6607312068216509 0.00523889970606199
Raw 0.0031545741324921135 2.0402208285265546 0.006436027850241497
Text 0.0031545741324921135 1.1086626245216111 0.0034973584369766913
Display 0.0031545741324921135 2.407945608651872 0.007596042929501173
