Attributes 0.002004008016032064 0.3566749439387324 7.147794467710067E-4
jsoup 0.001002004008016032 0.0 0.0
Java 0.002004008016032064 0.010050335853501506 2.0140953614231475E-5
HTML 0.002004008016032064 0.0 0.0
Parser 0.001002004008016032 0.0 0.0
API 0.001002004008016032 0.0 0.0
Skip 0.001002004008016032 0.06187540371808745 6.199940252313372E-5
navigation 0.001002004008016032 0.06187540371808745 6.199940252313372E-5
links 0.001002004008016032 0.0408219945202552 4.0903802124504206E-5
Overview 0.001002004008016032 0.06187540371808745 6.199940252313372E-5
Package 0.001002004008016032 0.06187540371808745 6.199940252313372E-5
Class 0.002004008016032064 0.06187540371808745 1.2399880504626744E-4
Use 0.002004008016032064 0.010050335853501506 2.0140953614231475E-5
Tree 0.001002004008016032 0.0408219945202552 4.0903802124504206E-5
Deprecated 0.001002004008016032 0.06187540371808745 6.199940252313372E-5
Index 0.001002004008016032 0.06187540371808745 6.199940252313372E-5
Help 0.002004008016032064 0.05129329438755048 1.0279217312134364E-4
org 0.001002004008016032 0.05129329438755048 5.139608656067182E-5
nodes 0.001002004008016032 0.7550225842780328 7.565356555892112E-4
java 0.002004008016032064 0.010050335853501506 2.0140953614231475E-5
lang 0.001002004008016032 0.653926467406664 6.552369412892425E-4
Object 0.002004008016032064 0.43078291609245434 8.632924170189465E-4
All 0.002004008016032064 0.05129329438755048 1.0279217312134364E-4
Implemented 0.002004008016032064 1.0498221244986776 0.0021038519529031612
Interfaces 0.001002004008016032 1.0216512475319812 0.0010236986448216245
Cloneable 0.001002004008016032 1.3093333199837622 0.0013119572344526674
Iterable 0.001002004008016032 1.6094379124341003 0.001612663238911924
Attribute 0.002004008016032064 0.6931471805599453 0.0013890725061321547
public 0.001002004008016032 0.6931471805599453 6.945362530660774E-4
class 0.002004008016032064 0.06187540371808745 1.2399880504626744E-4
extends 0.001002004008016032 0.653926467406664 6.552369412892425E-4
implements 0.001002004008016032 0.6931471805599453 6.945362530660774E-4
The 0.002004008016032064 0.10536051565782635 2.111433179515558E-4
attributes 0.002004008016032064 0.3566749439387324 7.147794467710067E-4
of 0.001002004008016032 0.1165338162559516 1.1676735095786733E-4
an 0.001002004008016032 0.4620354595965586 4.6296138236128116E-4
Element 0.001002004008016032 0.7339691750802005 7.354400551905817E-4
are 0.001002004008016032 0.5447271754416719 5.458188130678075E-4
treated 0.001002004008016032 1.8325814637483102 0.0018362539716916934
as 0.001002004008016032 0.32850406697203605 3.291623917555471E-4
a 0.001002004008016032 0.16251892949777494 1.6284461873524543E-4
map 0.002004008016032064 1.2378743560016172 0.0024807101322677698
there 0.001002004008016032 1.2729656758128876 0.00127551670923135
can 0.001002004008016032 0.7339691750802005 7.354400551905817E-4
be 0.001002004008016032 0.47803580094299974 4.789937885200398E-4
only 0.001002004008016032 0.843970070294529 8.456613930806903E-4
one 0.002004008016032064 1.07880966137193 0.002161943209162184
value 0.001002004008016032 0.5447271754416719 5.458188130678075E-4
associated 0.001002004008016032 1.4271163556401458 0.001429976308256659
with 0.002004008016032064 0.23572233352106994 4.7238944593400785E-4
attribute 0.002004008016032064 0.6931471805599453 0.0013890725061321547
key 0.002004008016032064 0.7985076962177716 0.0016002158240837104
name 0.001002004008016032 0.6931471805599453 6.945362530660774E-4
and 0.001002004008016032 0.09431067947124142 9.449967882889921E-5
comparisons 0.001002004008016032 2.659260036932778 0.0026645892153635046
generally 0.001002004008016032 1.3470736479666094 0.0013497731943553199
case 0.002004008016032064 1.3470736479666094 0.0026995463887106398
sensitive 0.001002004008016032 2.407945608651872 0.002412771150953779
By 0.002004008016032064 0.27443684570176036 5.499736386808824E-4
default 0.001002004008016032 1.0216512475319812 0.0010236986448216245
for 0.001002004008016032 0.083381608939051 8.35487063517545E-5
names 0.001002004008016032 1.6094379124341003 0.001612663238911924
normalized 0.001002004008016032 2.407945608651872 0.002412771150953779
to 0.002004008016032064 0.17435338714477774 3.4940558546047644E-4
lower 0.001002004008016032 2.0402208285265546 0.002044309447421397
on 0.002004008016032064 0.5447271754416719 0.001091637626135615
parsing 0.001002004008016032 1.2729656758128876 0.00127551670923135
That 0.002004008016032064 0.22314355131420976 4.4718146555953857E-4
means 0.001002004008016032 1.8325814637483102 0.0018362539716916934
you 0.001002004008016032 0.9162907318741551 9.181269858458467E-4
should 0.001002004008016032 1.0498221244986776 0.0010519259764515806
use 0.002004008016032064 0.010050335853501506 2.0140953614231475E-5
strings 0.001002004008016032 2.120263536200091 0.0021245125613227364
when 0.001002004008016032 0.843970070294529 8.456613930806903E-4
referring 0.001002004008016032 2.659260036932778 0.0026645892153635046
by 0.002004008016032064 0.27443684570176036 5.499736386808824E-4
Author 0.001002004008016032 2.120263536200091 0.0021245125613227364
Jonathan 0.002004008016032064 0.0 0.0
Hedley 0.002004008016032064 0.0 0.0
jonathan 0.002004008016032064 0.0 0.0
hedley 0.002004008016032064 0.0 0.0
net 0.001002004008016032 1.8325814637483102 0.0018362539716916934
Field 0.001002004008016032 1.1394342831883648 0.001141717718625616
Summary 0.001002004008016032 0.6931471805599453 6.945362530660774E-4
Fields 0.001002004008016032 1.1086626245216111 0.0011108843933082275
Modifier 0.001002004008016032 0.653926467406664 6.552369412892425E-4
Type 0.001002004008016032 0.44628710262841953 4.4718146555953857E-4
Description 0.001002004008016032 0.24846135929849972 2.489592778542081E-4
protected 0.001002004008016032 1.1394342831883648 0.001141717718625616
static 0.001002004008016032 0.5621189181535412 5.632454089714842E-4
String 0.002004008016032064 0.4155154439616658 8.326962804843001E-4
dataPrefix 0.001002004008016032 2.120263536200091 0.0021245125613227364
Constructor 0.001002004008016032 0.6733445532637655 6.746939411460575E-4
Constructors 0.001002004008016032 0.8915981192837835 8.933848890619072E-4
Method 0.002004008016032064 0.32850406697203605 6.583247835110942E-4
add 0.002004008016032064 1.171182981502945 0.0023470600831722345
Adds 0.001002004008016032 1.5606477482646683 0.001563775298862393
new 0.002004008016032064 0.616186139423817 0.0012348419627731802
void 0.001002004008016032 1.4696759700589417 0.0014726212124839093
addAll 0.001002004008016032 1.8325814637483102 0.0018362539716916934
incoming 0.001002004008016032 2.120263536200091 0.0021245125613227364
Add 0.002004008016032064 1.171182981502945 0.0023470600831722345
all 0.002004008016032064 0.05129329438755048 1.0279217312134364E-4
the 0.002004008016032064 0.10536051565782635 2.111433179515558E-4
from 0.001002004008016032 0.38566248081198473 3.864353515150147E-4
set 0.002004008016032064 0.4620354595965586 9.259227647225623E-4
this 0.002004008016032064 0.3424903089467759 6.86353324542637E-4
List 0.002004008016032064 0.653926467406664 0.001310473882578485
asList 0.001002004008016032 1.8971199848858813 0.0019009218285429672
Get 0.002004008016032064 0.6733445532637655 0.001349387882292115
iteration 0.001002004008016032 1.8971199848858813 0.0019009218285429672
clone 0.001002004008016032 0.8209805520698303 8.226258036771846E-4
Map 0.002004008016032064 1.2378743560016172 0.0024807101322677698
dataset 0.001002004008016032 2.407945608651872 0.002412771150953779
Retrieves 0.001002004008016032 2.207274913189721 0.0022116983098093394
filtered 0.001002004008016032 2.207274913189721 0.0022116983098093394
view 0.002004008016032064 1.4271163556401458 0.002859952616513318
that 0.002004008016032064 0.22314355131420976 4.4718146555953857E-4
custom 0.002004008016032064 1.8325814637483102 0.003672507943383387
data 0.002004008016032064 0.5978370007556204 0.0011980701417948303
is 0.001002004008016032 0.22314355131420976 2.2359073277976928E-4
keys 0.001002004008016032 1.7719568419318754 0.0017755078576471696
starting 0.001002004008016032 1.7147984280919266 0.0017182348978877018
int 0.001002004008016032 1.07880966137193 0.001080971604581092
deduplicate 0.001002004008016032 2.407945608651872 0.002412771150953779
ParseSettings 0.001002004008016032 2.207274913189721 0.0022116983098093394
settings 0.002004008016032064 1.171182981502945 0.0023470600831722345
Internal 0.002004008016032064 1.5141277326297755 0.0030343241134865237
method 0.002004008016032064 0.32850406697203605 6.583247835110942E-4
boolean 0.001002004008016032 0.653926467406664 6.552369412892425E-4
equals 0.001002004008016032 0.9942522733438669 9.96244762869606E-4
o 0.001002004008016032 1.3862943611198906 0.0013890725061321547
Checks 0.001002004008016032 1.8325814637483102 0.0018362539716916934
if 0.001002004008016032 0.616186139423817 6.174209813865901E-4
these 0.001002004008016032 1.5141277326297755 0.0015171620567432618
equal 0.001002004008016032 2.207274913189721 0.0022116983098093394
another 0.001002004008016032 1.6607312068216509 0.001664059325472596
comparing 0.001002004008016032 2.407945608651872 0.002412771150953779
two 0.002004008016032064 1.4271163556401458 0.002859952616513318
sets 0.001002004008016032 1.6094379124341003 0.001612663238911924
get 0.002004008016032064 0.6733445532637655 0.001349387882292115
getIgnoreCase 0.001002004008016032 2.407945608651872 0.002412771150953779
s 0.002004008016032064 0.5447271754416719 0.001091637626135615
insensitive 0.001002004008016032 2.407945608651872 0.002412771150953779
hasDeclaredValueForKey 0.001002004008016032 2.407945608651872 0.002412771150953779
Check 0.002004008016032064 1.3093333199837622 0.002623914468905335
contain 0.001002004008016032 1.5606477482646683 0.001563775298862393
hasDeclaredValueForKeyIgnoreCase 0.001002004008016032 2.407945608651872 0.002412771150953779
hashCode 0.002004008016032064 0.9942522733438669 0.001992489525739212
Calculates 0.001002004008016032 2.120263536200091 0.0021245125613227364
hashcode 0.002004008016032064 0.9942522733438669 0.001992489525739212
iterating 0.001002004008016032 2.407945608651872 0.002412771150953779
summing 0.001002004008016032 2.407945608651872 0.002412771150953779
their 0.001002004008016032 1.2729656758128876 0.00127551670923135
hashcodes 0.001002004008016032 2.407945608651872 0.002412771150953779
hasKey 0.001002004008016032 2.407945608651872 0.002412771150953779
Tests 0.001002004008016032 1.9661128563728327 0.0019700529622974274
hasKeyIgnoreCase 0.001002004008016032 2.407945608651872 0.002412771150953779
html 0.002004008016032064 0.0 0.0
representation 0.001002004008016032 1.8325814637483102 0.0018362539716916934
isEmpty 0.001002004008016032 2.0402208285265546 0.002044309447421397
Test 0.001002004008016032 1.1394342831883648 0.001141717718625616
list 0.002004008016032064 0.653926467406664 0.001310473882578485
empty 0.001002004008016032 1.4696759700589417 0.0014726212124839093
size 0.001002004008016032 1.3862943611198906 0.0013890725061321547
Iterator 0.002004008016032064 1.6094379124341003 0.003225326477823848
iterator 0.002004008016032064 1.6094379124341003 0.003225326477823848
normalize 0.001002004008016032 2.407945608651872 0.002412771150953779
put 0.001002004008016032 1.7147984280919266 0.0017182348978877018
Set 0.002004008016032064 0.4620354595965586 9.259227647225623E-4
remove 0.002004008016032064 1.4271163556401458 0.002859952616513318
false 0.001002004008016032 1.1394342831883648 0.001141717718625616
or 0.001002004008016032 0.2613647641344075 2.618885412168412E-4
replace 0.001002004008016032 1.7147984280919266 0.0017182348978877018
existing 0.001002004008016032 1.2729656758128876 0.00127551670923135
Remove 0.002004008016032064 1.4271163556401458 0.002859952616513318
removeIgnoreCase 0.001002004008016032 2.407945608651872 0.002412771150953779
number 0.001002004008016032 1.2378743560016172 0.0012403550661338849
in 0.002004008016032064 0.1508228897345837 3.022502800292258E-4
including 0.001002004008016032 1.0498221244986776 0.0010519259764515806
any 0.001002004008016032 0.5978370007556204 5.990350708974151E-4
internal 0.002004008016032064 1.5141277326297755 0.0030343241134865237
toString 0.001002004008016032 0.9675840262617057 9.695230724065186E-4
Methods 0.002004008016032064 0.24846135929849972 4.979185557084162E-4
inherited 0.001002004008016032 0.9942522733438669 9.96244762869606E-4
finalize 0.001002004008016032 1.07880966137193 0.001080971604581092
getClass 0.001002004008016032 1.07880966137193 0.001080971604581092
notify 0.001002004008016032 1.0498221244986776 0.0010519259764515806
notifyAll 0.001002004008016032 1.07880966137193 0.001080971604581092
wait 0.001002004008016032 0.9942522733438669 9.96244762869606E-4
interface 0.001002004008016032 0.653926467406664 6.552369412892425E-4
forEach 0.001002004008016032 2.407945608651872 0.002412771150953779
spliterator 0.001002004008016032 2.407945608651872 0.002412771150953779
Details 0.002004008016032064 0.7550225842780328 0.0015130713111784224
final 0.001002004008016032 1.3093333199837622 0.0013119572344526674
See 0.002004008016032064 0.3566749439387324 7.147794467710067E-4
Also 0.002004008016032064 0.5108256237659907 0.0010236986448216247
Constant 0.001002004008016032 1.4271163556401458 0.001429976308256659
Values 0.001002004008016032 1.0216512475319812 0.0010236986448216245
Parameters 0.001002004008016032 0.5978370007556204 5.990350708974151E-4
Returns 0.001002004008016032 0.9942522733438669 9.96244762869606E-4
string 0.002004008016032064 0.4155154439616658 8.326962804843001E-4
not 0.002004008016032064 0.3424903089467759 6.86353324542637E-4
first 0.001002004008016032 1.6094379124341003 0.001612663238911924
matching 0.001002004008016032 2.0402208285265546 0.002044309447421397
ora 0.001002004008016032 2.659260036932778 0.0026645892153635046
Nullable 0.001002004008016032 1.6607312068216509 0.001664059325472596
Will 0.002004008016032064 0.5447271754416719 0.001091637626135615
produce 0.001002004008016032 2.659260036932778 0.0026645892153635046
duplicates 0.001002004008016032 2.5257286443082556 0.0025307902247577708
already 0.001002004008016032 1.8971199848858813 0.0019009218285429672
exists 0.001002004008016032 2.0402208285265546 0.002044309447421397
null 0.001002004008016032 1.2039728043259361 0.0012063855754768898
may 0.001002004008016032 1.07880966137193 0.001080971604581092
chaining 0.001002004008016032 1.7719568419318754 0.0017755078576471696
Case 0.002004008016032064 1.3470736479666094 0.0026995463887106398
check 0.002004008016032064 1.3093333199837622 0.002623914468905335
true 0.001002004008016032 1.1086626245216111 0.0011108843933082275
otherwise 0.001002004008016032 1.2378743560016172 0.0012403550661338849
it 0.001002004008016032 0.47803580094299974 4.789937885200398E-4
has 0.001002004008016032 0.7550225842780328 7.565356555892112E-4
excluded 0.001002004008016032 2.659260036932778 0.0026645892153635046
methods 0.002004008016032064 0.24846135929849972 4.979185557084162E-4
Specified 0.001002004008016032 0.9675840262617057 9.695230724065186E-4
unmodifiable 0.001002004008016032 2.659260036932778 0.0026645892153635046
Overrides 0.001002004008016032 1.5606477482646683 0.001563775298862393
Note 0.001002004008016032 1.3093333199837622 0.0013119572344526674
order 0.001002004008016032 1.2378743560016172 0.0012403550661338849
does 0.001002004008016032 0.7339691750802005 7.354400551905817E-4
impact 0.002004008016032064 2.5257286443082556 0.0050615804495155415
equality 0.001002004008016032 2.659260036932778 0.0026645892153635046
per 0.001002004008016032 1.7147984280919266 0.0017182348978877018
compare 0.001002004008016032 2.407945608651872 0.002412771150953779
both 0.001002004008016032 1.6094379124341003 0.001612663238911924
have 0.001002004008016032 0.9416085398584451 9.434955309202855E-4
same 0.002004008016032064 0.9942522733438669 0.001992489525739212
content 0.001002004008016032 0.44628710262841953 4.4718146555953857E-4
calculated 0.001002004008016032 2.659260036932778 0.0026645892153635046
Lowercases 0.001002004008016032 2.659260036932778 0.0026645892153635046
Removes 0.001002004008016032 2.120263536200091 0.0021245125613227364
duplicate 0.001002004008016032 2.407945608651872 0.002412771150953779
Settings 0.002004008016032064 1.171182981502945 0.0023470600831722345
sensitivity 0.001002004008016032 2.659260036932778 0.0026645892153635046
removed 0.001002004008016032 1.2378743560016172 0.0012403550661338849
dupes 0.001002004008016032 2.659260036932778 0.0026645892153635046
Copyright 0.001002004008016032 0.06187540371808745 6.199940252313372E-5
rights 0.001002004008016032 0.06187540371808745 6.199940252313372E-5
reserved 0.001002004008016032 0.06187540371808745 6.199940252313372E-5
rc 0.001002004008016032 2.659260036932778 0.0026645892153635046
w 0.001002004008016032 1.2378743560016172 0.0012403550661338849
MySQL 0.001002004008016032 3.2188758248682006 0.003225326477823848
HeatWave 0.001002004008016032 3.2188758248682006 0.003225326477823848
Native 0.002004008016032064 2.302585092994046 0.004614398983956003
VMware 0.001002004008016032 2.995732273553991 0.0030017357450440787
Security 0.002004008016032064 1.7719568419318754 0.003551015715294339
Observability 0.001002004008016032 2.995732273553991 0.0030017357450440787
Management 0.002004008016032064 1.6094379124341003 0.003225326477823848
Compliance 0.002004008016032064 2.995732273553991 0.006003471490088157
Protect 0.001002004008016032 2.5257286443082556 0.0025307902247577708
your 0.001002004008016032 1.5141277326297755 0.0015171620567432618
most 0.002004008016032064 1.8325814637483102 0.003672507943383387
valuable 0.001002004008016032 3.2188758248682006 0.003225326477823848
cloud 0.002004008016032064 2.302585092994046 0.004614398983956003
Oracle 0.001002004008016032 0.8915981192837835 8.933848890619072E-4
security 0.002004008016032064 1.7719568419318754 0.003551015715294339
approach 0.001002004008016032 2.8134107167600364 0.002819048814388814
comprehensive 0.001002004008016032 2.995732273553991 0.0030017357450440787
compliance 0.002004008016032064 2.995732273553991 0.006003471490088157
programs 0.001002004008016032 1.7719568419318754 0.0017755078576471696
provides 0.001002004008016032 0.843970070294529 8.456613930806903E-4
visibility 0.001002004008016032 2.302585092994046 0.0023071994919780015
machine 0.002004008016032064 2.120263536200091 0.004249025122645473
learning 0.002004008016032064 2.659260036932778 0.005329178430727009
driven 0.001002004008016032 2.8134107167600364 0.002819048814388814
insights 0.002004008016032064 2.8134107167600364 0.005638097628777628
ease 0.001002004008016032 3.2188758248682006 0.003225326477823848
management 0.002004008016032064 1.6094379124341003 0.003225326477823848
across 0.002004008016032064 2.407945608651872 0.004825542301907558
layers 0.001002004008016032 3.2188758248682006 0.003225326477823848
stack 0.002004008016032064 2.0402208285265546 0.004088618894842794
deployed 0.002004008016032064 2.995732273553991 0.006003471490088157
technology 0.002004008016032064 1.7147984280919266 0.0034364697957754036
anywhere 0.001002004008016032 2.8134107167600364 0.002819048814388814
Cloud 0.002004008016032064 2.302585092994046 0.004614398983956003
infrastructure 0.002004008016032064 2.5257286443082556 0.0050615804495155415
Autonomous 0.002004008016032064 2.659260036932778 0.005329178430727009
Linux 0.001002004008016032 2.995732273553991 0.0030017357450440787
Bastion 0.001002004008016032 2.995732273553991 0.0030017357450440787
Certificates 0.001002004008016032 2.407945608651872 0.002412771150953779
Guard 0.001002004008016032 2.5257286443082556 0.0025307902247577708
Hardware 0.001002004008016032 2.8134107167600364 0.002819048814388814
Root 0.001002004008016032 2.407945608651872 0.002412771150953779
Trust 0.001002004008016032 2.8134107167600364 0.002819048814388814
Identity 0.001002004008016032 1.8971199848858813 0.0019009218285429672
Access 0.002004008016032064 0.8675005677047231 0.0017384780915926312
Isolated 0.001002004008016032 3.2188758248682006 0.003225326477823848
Network 0.002004008016032064 2.120263536200091 0.004249025122645473
Virtualization 0.001002004008016032 3.2188758248682006 0.003225326477823848
Key 0.002004008016032064 0.7985076962177716 0.0016002158240837104
Zones 0.001002004008016032 2.995732273553991 0.0030017357450440787
Threat 0.001002004008016032 2.995732273553991 0.0030017357450440787
Intelligence 0.001002004008016032 2.5257286443082556 0.0025307902247577708
Vulnerability 0.001002004008016032 2.995732273553991 0.0030017357450440787
Scanning 0.001002004008016032 2.995732273553991 0.0030017357450440787
Database 0.001002004008016032 1.8971199848858813 0.0019009218285429672
Data 0.002004008016032064 0.5978370007556204 0.0011980701417948303
Safe 0.001002004008016032 1.3093333199837622 0.0013119572344526674
PDF 0.001002004008016032 2.659260036932778 0.0026645892153635046
Application 0.002004008016032064 1.3093333199837622 0.002623914468905335
Broker 0.001002004008016032 2.659260036932778 0.0026645892153635046
CASB 0.001002004008016032 2.995732273553991 0.0030017357450440787
Web 0.002004008016032064 0.8209805520698303 0.0016452516073543692
Firewall 0.001002004008016032 2.995732273553991 0.0030017357450440787
Performance 0.002004008016032064 2.659260036932778 0.005329178430727009
Monitoring 0.001002004008016032 2.407945608651872 0.002412771150953779
Logging 0.001002004008016032 1.8971199848858813 0.0019009218285429672
Analytics 0.001002004008016032 2.8134107167600364 0.002819048814388814
Notifications 0.001002004008016032 2.120263536200091 0.0021245125613227364
Operations 0.001002004008016032 1.6607312068216509 0.001664059325472596
Insights 0.002004008016032064 2.8134107167600364 0.005638097628777628
OS 0.001002004008016032 2.8134107167600364 0.002819048814388814
Service 0.001002004008016032 1.6607312068216509 0.001664059325472596
Resource 0.001002004008016032 1.6607312068216509 0.001664059325472596
Manager 0.001002004008016032 2.120263536200091 0.0021245125613227364
Connector 0.001002004008016032 2.407945608651872 0.002412771150953779
Hub 0.001002004008016032 2.659260036932778 0.0026645892153635046
Corporate 0.001002004008016032 2.5257286443082556 0.0025307902247577708
Privacy 0.001002004008016032 2.302585092994046 0.0023071994919780015
Global 0.002004008016032064 2.0402208285265546 0.004088618894842794
Datacenter 0.001002004008016032 3.912023005428146 0.0039198627308899255
Infrastructure 0.002004008016032064 2.5257286443082556 0.0050615804495155415
Commercial 0.001002004008016032 3.2188758248682006 0.003225326477823848
Government 0.002004008016032064 2.995732273553991 0.006003471490088157
Regions 0.002004008016032064 2.659260036932778 0.005329178430727009
Customer 0.002004008016032064 2.5257286443082556 0.0050615804495155415
Dedicated 0.001002004008016032 3.2188758248682006 0.003225326477823848
Edge 0.002004008016032064 2.5257286443082556 0.0050615804495155415
Devices 0.001002004008016032 2.5257286443082556 0.0025307902247577708
secure 0.001002004008016032 2.407945608651872 0.002412771150953779
high 0.002004008016032064 2.207274913189721 0.004423396619618679
performance 0.002004008016032064 2.659260036932778 0.005329178430727009
environments 0.001002004008016032 2.995732273553991 0.0030017357450440787
move 0.001002004008016032 2.207274913189721 0.0022116983098093394
build 0.002004008016032064 1.9661128563728327 0.003940105924594855
run 0.001002004008016032 1.1086626245216111 0.0011108843933082275
workloads 0.001002004008016032 2.659260036932778 0.0026645892153635046
Hybrid 0.002004008016032064 2.995732273553991 0.006003471490088157
edge 0.002004008016032064 2.5257286443082556 0.0050615804495155415
offerings 0.001002004008016032 2.8134107167600364 0.002819048814388814
provide 0.001002004008016032 1.3862943611198906 0.0013890725061321547
specialized 0.001002004008016032 2.120263536200091 0.0021245125613227364
deployment 0.001002004008016032 2.659260036932778 0.0026645892153635046
disconnected 0.001002004008016032 2.302585092994046 0.0023071994919780015
intermittently 0.001002004008016032 3.2188758248682006 0.003225326477823848
connected 0.001002004008016032 2.120263536200091 0.0021245125613227364
operation 0.001002004008016032 1.6094379124341003 0.001612663238911924
low 0.002004008016032064 2.0402208285265546 0.004088618894842794
latency 0.001002004008016032 2.995732273553991 0.0030017357450440787
well 0.001002004008016032 1.7719568419318754 0.0017755078576471696
locality 0.001002004008016032 3.2188758248682006 0.003225326477823848
regions 0.002004008016032064 2.659260036932778 0.005329178430727009
UK 0.001002004008016032 2.8134107167600364 0.002819048814388814
government 0.002004008016032064 2.995732273553991 0.006003471490088157
US 0.002004008016032064 2.5257286443082556 0.0050615804495155415
Department 0.001002004008016032 2.8134107167600364 0.002819048814388814
Defense 0.001002004008016032 2.8134107167600364 0.002819048814388814
FedRAMP 0.001002004008016032 2.995732273553991 0.0030017357450440787
National 0.001002004008016032 3.2188758248682006 0.003225326477823848
Exadata 0.001002004008016032 3.2188758248682006 0.003225326477823848
Azure 0.001002004008016032 2.659260036932778 0.0026645892153635046
Interconnect 0.001002004008016032 2.995732273553991 0.0030017357450440787
Solution 0.001002004008016032 2.407945608651872 0.002412771150953779
Roving 0.001002004008016032 3.2188758248682006 0.003225326477823848
Why 0.002004008016032064 2.302585092994046 0.004614398983956003
customers 0.001002004008016032 2.5257286443082556 0.0025307902247577708
choosing 0.001002004008016032 2.995732273553991 0.0030017357450440787
OCI 0.001002004008016032 2.995732273553991 0.0030017357450440787
built 0.002004008016032064 2.120263536200091 0.004249025122645473
ground 0.001002004008016032 3.912023005428146 0.0039198627308899255
up 0.001002004008016032 1.4271163556401458 0.001429976308256659
better 0.001002004008016032 2.407945608651872 0.002412771150953779
every 0.001002004008016032 2.407945608651872 0.002412771150953779
application 0.002004008016032064 1.3093333199837622 0.002623914468905335
rethinking 0.001002004008016032 3.912023005428146 0.0039198627308899255
core 0.001002004008016032 1.171182981502945 0.0011735300415861172
engineering 0.001002004008016032 2.302585092994046 0.0023071994919780015
systems 0.001002004008016032 2.407945608651872 0.002412771150953779
design 0.001002004008016032 2.407945608651872 0.002412771150953779
computing 0.002004008016032064 2.302585092994046 0.004614398983956003
we 0.001002004008016032 2.120263536200091 0.0021245125613227364
created 0.001002004008016032 1.9661128563728327 0.0019700529622974274
innovations 0.002004008016032064 3.2188758248682006 0.006450652955647696
accelerate 0.001002004008016032 3.506557897319982 0.003513585067454891
migrations 0.001002004008016032 3.506557897319982 0.003513585067454891
deliver 0.001002004008016032 2.8134107167600364 0.002819048814388814
reliability 0.001002004008016032 3.912023005428146 0.0039198627308899255
applications 0.002004008016032064 1.6607312068216509 0.003328118650945192
offer 0.001002004008016032 2.8134107167600364 0.002819048814388814
complete 0.001002004008016032 1.7147984280919266 0.0017182348978877018
services 0.002004008016032064 2.0402208285265546 0.004088618894842794
need 0.001002004008016032 1.7147984280919266 0.0017182348978877018
innovative 0.001002004008016032 2.995732273553991 0.0030017357450440787
Adoption 0.001002004008016032 3.506557897319982 0.003513585067454891
Framework 0.002004008016032064 2.120263536200091 0.004249025122645473
helps 0.001002004008016032 2.659260036932778 0.0026645892153635046
organizations 0.001002004008016032 2.8134107167600364 0.002819048814388814
facilitate 0.001002004008016032 3.912023005428146 0.0039198627308899255
transition 0.001002004008016032 3.912023005428146 0.0039198627308899255
offering 0.001002004008016032 2.5257286443082556 0.0025307902247577708
collection 0.001002004008016032 1.4696759700589417 0.0014726212124839093
resources 0.002004008016032064 1.9661128563728327 0.003940105924594855
best 0.001002004008016032 1.9661128563728327 0.0019700529622974274
practices 0.001002004008016032 2.8134107167600364 0.002819048814388814
tutorials 0.001002004008016032 3.2188758248682006 0.003225326477823848
enablement 0.001002004008016032 3.506557897319982 0.003513585067454891
tools 0.001002004008016032 2.120263536200091 0.0021245125613227364
This 0.002004008016032064 0.3424903089467759 6.86353324542637E-4
framework 0.002004008016032064 2.120263536200091 0.004249025122645473
define 0.001002004008016032 1.8325814637483102 0.0018362539716916934
robust 0.001002004008016032 3.506557897319982 0.003513585067454891
strategy 0.001002004008016032 3.506557897319982 0.003513585067454891
plan 0.001002004008016032 3.2188758248682006 0.003225326477823848
successful 0.001002004008016032 2.302585092994046 0.0023071994919780015
workload 0.001002004008016032 3.912023005428146 0.0039198627308899255
migration 0.002004008016032064 2.995732273553991 0.006003471490088157
ensure 0.001002004008016032 2.407945608651872 0.002412771150953779
manageability 0.001002004008016032 3.506557897319982 0.003513585067454891
methodology 0.001002004008016032 3.912023005428146 0.0039198627308899255
efficiencies 0.001002004008016032 3.912023005428146 0.0039198627308899255
such 0.001002004008016032 1.5141277326297755 0.0015171620567432618
Lift 0.001002004008016032 2.8134107167600364 0.002819048814388814
Services 0.002004008016032064 2.0402208285265546 0.004088618894842794
Support 0.002004008016032064 1.1394342831883648 0.002283435437251232
Rewards 0.001002004008016032 2.5257286443082556 0.0025307902247577708
Learn 0.001002004008016032 2.302585092994046 0.0023071994919780015
why 0.002004008016032064 2.302585092994046 0.004614398983956003
Explore 0.001002004008016032 2.5257286443082556 0.0025307902247577708
technical 0.001002004008016032 2.5257286443082556 0.0025307902247577708
Far 0.002004008016032064 3.912023005428146 0.007839725461779851
easier 0.001002004008016032 3.506557897319982 0.003513585067454891
migrate 0.001002004008016032 2.407945608651872 0.002412771150953779
critical 0.001002004008016032 2.207274913189721 0.0022116983098093394
enterprise 0.002004008016032064 2.5257286443082556 0.0050615804495155415
Find 0.001002004008016032 1.8325814637483102 0.0018362539716916934
out 0.001002004008016032 0.9675840262617057 9.695230724065186E-4
how 0.002004008016032064 1.2039728043259361 0.0024127711509537796
easy 0.001002004008016032 2.8134107167600364 0.002819048814388814
developers 0.002004008016032064 1.8971199848858813 0.0038018436570859343
native 0.002004008016032064 2.302585092994046 0.004614398983956003
make 0.001002004008016032 1.5606477482646683 0.001563775298862393
far 0.002004008016032064 3.912023005428146 0.007839725461779851
manage 0.001002004008016032 2.207274913189721 0.0022116983098093394
scalability 0.001002004008016032 3.2188758248682006 0.003225326477823848
Start 0.002004008016032064 2.0402208285265546 0.004088618894842794
using 0.001002004008016032 0.8209805520698303 8.226258036771846E-4
autonomous 0.002004008016032064 2.659260036932778 0.005329178430727009
support 0.002004008016032064 1.1394342831883648 0.002283435437251232
hybrid 0.002004008016032064 2.995732273553991 0.006003471490088157
strategies 0.002004008016032064 3.506557897319982 0.007027170134909782
array 0.001002004008016032 1.7719568419318754 0.0017755078576471696
solutions 0.002004008016032064 2.5257286443082556 0.0050615804495155415
at 0.001002004008016032 1.4271163556401458 0.001429976308256659
no 0.001002004008016032 0.5798184952529422 5.809804561652727E-4
extra 0.001002004008016032 2.995732273553991 0.0030017357450440787
charge 0.001002004008016032 3.506557897319982 0.003513585067454891
Stay 0.001002004008016032 2.659260036932778 0.0026645892153635046
Superior 0.001002004008016032 3.506557897319982 0.003513585067454891
price 0.001002004008016032 2.995732273553991 0.0030017357450440787
more 0.001002004008016032 0.7339691750802005 7.354400551905817E-4
about 0.001002004008016032 1.4696759700589417 0.0014726212124839093
our 0.001002004008016032 2.5257286443082556 0.0025307902247577708
business 0.002004008016032064 2.5257286443082556 0.0050615804495155415
pricing 0.001002004008016032 3.506557897319982 0.003513585067454891
Insider 0.001002004008016032 3.912023005428146 0.0039198627308899255
latest 0.001002004008016032 2.5257286443082556 0.0025307902247577708
industry 0.002004008016032064 2.5257286443082556 0.0050615804495155415
trends 0.001002004008016032 3.912023005428146 0.0039198627308899255
product 0.001002004008016032 2.8134107167600364 0.002819048814388814
updates 0.001002004008016032 2.5257286443082556 0.0025307902247577708
know 0.001002004008016032 2.659260036932778 0.0026645892153635046
training 0.001002004008016032 2.659260036932778 0.0026645892153635046
upcoming 0.002004008016032064 3.912023005428146 0.007839725461779851
events 0.002004008016032064 1.5606477482646683 0.003127550597724786
Subscribe 0.001002004008016032 2.5257286443082556 0.0025307902247577708
newsletter 0.001002004008016032 3.912023005428146 0.0039198627308899255
Attend 0.001002004008016032 3.912023005428146 0.0039198627308899255
event 0.001002004008016032 1.6094379124341003 0.001612663238911924
Discover 0.001002004008016032 3.506557897319982 0.003513585067454891
Enterprise 0.002004008016032064 2.5257286443082556 0.0050615804495155415
Migration 0.002004008016032064 2.995732273553991 0.006003471490088157
Custom 0.002004008016032064 1.8325814637483102 0.003672507943383387
Modernization 0.001002004008016032 3.506557897319982 0.003513585067454891
ISV 0.001002004008016032 3.506557897319982 0.003513585067454891
SaaS 0.001002004008016032 2.8134107167600364 0.002819048814388814
Development 0.001002004008016032 2.207274913189721 0.0022116983098093394
Backup 0.001002004008016032 3.506557897319982 0.003513585067454891
Disaster 0.001002004008016032 3.506557897319982 0.003513585067454891
Recovery 0.001002004008016032 3.506557897319982 0.003513585067454891
Science 0.001002004008016032 2.8134107167600364 0.002819048814388814
Machine 0.002004008016032064 2.120263536200091 0.004249025122645473
Learning 0.002004008016032064 2.659260036932778 0.005329178430727009
Multi 0.001002004008016032 1.8325814637483102 0.0018362539716916934
Strategies 0.002004008016032064 3.506557897319982 0.007027170134909782
Industry 0.002004008016032064 2.5257286443082556 0.0050615804495155415
Solutions 0.002004008016032064 2.5257286443082556 0.0050615804495155415
View 0.002004008016032064 1.4271163556401458 0.002859952616513318
modernize 0.001002004008016032 2.995732273553991 0.0030017357450440787
businesses 0.001002004008016032 2.995732273553991 0.0030017357450440787
customer 0.002004008016032064 2.5257286443082556 0.0050615804495155415
stories 0.001002004008016032 3.2188758248682006 0.003225326477823848
Toyota 0.001002004008016032 3.2188758248682006 0.003225326477823848
Mazda 0.001002004008016032 3.506557897319982 0.003513585067454891
Zoom 0.002004008016032064 2.995732273553991 0.006003471490088157
Eleven 0.001002004008016032 3.506557897319982 0.003513585067454891
FedEx 0.001002004008016032 2.659260036932778 0.0026645892153635046
Deutsche 0.001002004008016032 3.912023005428146 0.0039198627308899255
Bank 0.001002004008016032 3.2188758248682006 0.003225326477823848
TIM 0.001002004008016032 2.995732273553991 0.0030017357450440787
Brasil 0.001002004008016032 3.506557897319982 0.003513585067454891
Automotive 0.001002004008016032 3.2188758248682006 0.003225326477823848
moves 0.001002004008016032 2.120263536200091 0.0021245125613227364
Read 0.001002004008016032 1.2729656758128876 0.00127551670923135
Motor 0.001002004008016032 3.2188758248682006 0.003225326477823848
story 0.001002004008016032 2.659260036932778 0.0026645892153635046
Manufacturing 0.001002004008016032 2.995732273553991 0.0030017357450440787
migrated 0.001002004008016032 3.912023005428146 0.0039198627308899255
global 0.002004008016032064 2.0402208285265546 0.004088618894842794
inventory 0.001002004008016032 3.912023005428146 0.0039198627308899255
system 0.001002004008016032 1.2378743560016172 0.0012403550661338849
cutting 0.001002004008016032 3.912023005428146 0.0039198627308899255
costs 0.001002004008016032 2.659260036932778 0.0026645892153635046
boosting 0.001002004008016032 3.912023005428146 0.0039198627308899255
Communications 0.001002004008016032 3.2188758248682006 0.003225326477823848
went 0.001002004008016032 3.912023005428146 0.0039198627308899255
live 0.002004008016032064 3.2188758248682006 0.006450652955647696
production 0.001002004008016032 2.995732273553991 0.0030017357450440787
hours 0.001002004008016032 3.2188758248682006 0.003225326477823848
rapid 0.001002004008016032 3.912023005428146 0.0039198627308899255
growth 0.001002004008016032 2.8134107167600364 0.002819048814388814
million 0.001002004008016032 3.2188758248682006 0.003225326477823848
meeting 0.001002004008016032 3.912023005428146 0.0039198627308899255
participants 0.001002004008016032 3.912023005428146 0.0039198627308899255
zoom 0.002004008016032064 2.995732273553991 0.006003471490088157
Retail 0.001002004008016032 2.659260036932778 0.0026645892153635046
moved 0.001002004008016032 3.2188758248682006 0.003225326477823848
E 0.001002004008016032 0.7765287894989963 7.780849594178319E-4
Business 0.002004008016032064 2.5257286443082556 0.0050615804495155415
Suite 0.001002004008016032 2.5257286443082556 0.0025307902247577708
ERP 0.001002004008016032 2.5257286443082556 0.0025307902247577708
other 0.001002004008016032 0.8915981192837835 8.933848890619072E-4
stores 0.001002004008016032 2.8134107167600364 0.002819048814388814
decommissioning 0.001002004008016032 3.912023005428146 0.0039198627308899255
premises 0.001002004008016032 2.659260036932778 0.0026645892153635046
Transportation 0.001002004008016032 2.8134107167600364 0.002819048814388814
significantly 0.001002004008016032 3.2188758248682006 0.003225326477823848
cut 0.001002004008016032 3.2188758248682006 0.003225326477823848
manual 0.001002004008016032 2.995732273553991 0.0030017357450440787
effort 0.001002004008016032 2.8134107167600364 0.002819048814388814
increased 0.001002004008016032 3.2188758248682006 0.003225326477823848
speed 0.001002004008016032 2.8134107167600364 0.002819048814388814
code 0.001002004008016032 0.5108256237659907 5.118493224108123E-4
deployments 0.001002004008016032 2.995732273553991 0.0030017357450440787
now 0.001002004008016032 2.407945608651872 0.002412771150953779
X 0.001002004008016032 1.5606477482646683 0.001563775298862393
faster 0.001002004008016032 2.8134107167600364 0.002819048814388814
market 0.001002004008016032 2.8134107167600364 0.002819048814388814
thanks 0.001002004008016032 3.2188758248682006 0.003225326477823848
Financial 0.001002004008016032 3.2188758248682006 0.003225326477823848
which 0.001002004008016032 0.7550225842780328 7.565356555892112E-4
runs 0.001002004008016032 2.659260036932778 0.0026645892153635046
petabytes 0.001002004008016032 3.912023005428146 0.0039198627308899255
Databases 0.001002004008016032 2.8134107167600364 0.002819048814388814
trading 0.001002004008016032 3.912023005428146 0.0039198627308899255
risk 0.001002004008016032 3.506557897319982 0.003513585067454891
will 0.002004008016032064 0.5447271754416719 0.001091637626135615
One 0.002004008016032064 1.07880966137193 0.002161943209162184
largest 0.001002004008016032 3.2188758248682006 0.003225326477823848
telcos 0.001002004008016032 3.912023005428146 0.0039198627308899255
Brazil 0.001002004008016032 3.912023005428146 0.0039198627308899255
partnered 0.001002004008016032 3.912023005428146 0.0039198627308899255
Microsoft 0.001002004008016032 2.995732273553991 0.0030017357450440787
Mexico 0.001002004008016032 3.912023005428146 0.0039198627308899255
Spain 0.001002004008016032 3.912023005428146 0.0039198627308899255
France 0.001002004008016032 3.912023005428146 0.0039198627308899255
Colombia 0.001002004008016032 3.912023005428146 0.0039198627308899255
Israel 0.001002004008016032 3.912023005428146 0.0039198627308899255
Chile 0.001002004008016032 3.912023005428146 0.0039198627308899255
Saudi 0.001002004008016032 3.912023005428146 0.0039198627308899255
Arabia 0.001002004008016032 3.912023005428146 0.0039198627308899255
South 0.001002004008016032 3.912023005428146 0.0039198627308899255
Africa 0.001002004008016032 3.2188758248682006 0.003225326477823848
Central 0.001002004008016032 3.912023005428146 0.0039198627308899255
Johannesburg 0.001002004008016032 3.912023005428146 0.0039198627308899255
Italy 0.001002004008016032 3.912023005428146 0.0039198627308899255
Northwest 0.001002004008016032 3.912023005428146 0.0039198627308899255
Milan 0.001002004008016032 3.912023005428146 0.0039198627308899255
Sweden 0.001002004008016032 3.912023005428146 0.0039198627308899255
Stockholm 0.001002004008016032 3.912023005428146 0.0039198627308899255
Singapore 0.001002004008016032 3.912023005428146 0.0039198627308899255
Marseille 0.001002004008016032 3.912023005428146 0.0039198627308899255
Jerusalem 0.001002004008016032 3.912023005428146 0.0039198627308899255
West 0.001002004008016032 3.912023005428146 0.0039198627308899255
San 0.001002004008016032 3.912023005428146 0.0039198627308899255
Jose 0.001002004008016032 3.912023005428146 0.0039198627308899255
Phoenix 0.001002004008016032 3.912023005428146 0.0039198627308899255
Gov 0.001002004008016032 3.912023005428146 0.0039198627308899255
DISA 0.001002004008016032 3.506557897319982 0.003513585067454891
Impact 0.002004008016032064 2.5257286443082556 0.0050615804495155415
Level 0.001002004008016032 1.7147984280919266 0.0017182348978877018
Authorization 0.001002004008016032 2.8134107167600364 0.002819048814388814
DoD 0.001002004008016032 3.2188758248682006 0.003225326477823848
High 0.002004008016032064 2.207274913189721 0.004423396619618679
Joint 0.001002004008016032 3.912023005428146 0.0039198627308899255
Board 0.001002004008016032 3.2188758248682006 0.003225326477823848
Canada 0.001002004008016032 3.912023005428146 0.0039198627308899255
Southeast 0.001002004008016032 3.912023005428146 0.0039198627308899255
Toronto 0.001002004008016032 3.912023005428146 0.0039198627308899255
North 0.001002004008016032 3.2188758248682006 0.003225326477823848
Chicago 0.001002004008016032 3.912023005428146 0.0039198627308899255
East 0.001002004008016032 3.912023005428146 0.0039198627308899255
Ashburn 0.001002004008016032 3.912023005428146 0.0039198627308899255
Montreal 0.001002004008016032 3.912023005428146 0.0039198627308899255
Santiago 0.001002004008016032 3.912023005428146 0.0039198627308899255
Vinhedo 0.001002004008016032 3.912023005428146 0.0039198627308899255
Sao 0.001002004008016032 3.912023005428146 0.0039198627308899255
Paulo 0.001002004008016032 3.912023005428146 0.0039198627308899255
Newport 0.001002004008016032 3.912023005428146 0.0039198627308899255
London 0.001002004008016032 3.912023005428146 0.0039198627308899255
Netherlands 0.001002004008016032 3.912023005428146 0.0039198627308899255
Amsterdam 0.001002004008016032 3.912023005428146 0.0039198627308899255
Germany 0.001002004008016032 3.912023005428146 0.0039198627308899255
Frankfurt 0.001002004008016032 3.912023005428146 0.0039198627308899255
Switzerland 0.001002004008016032 3.912023005428146 0.0039198627308899255
Zurich 0.001002004008016032 3.912023005428146 0.0039198627308899255
Jeddah 0.001002004008016032 3.912023005428146 0.0039198627308899255
UAE 0.001002004008016032 3.912023005428146 0.0039198627308899255
Dubai 0.001002004008016032 3.912023005428146 0.0039198627308899255
Abu 0.001002004008016032 3.912023005428146 0.0039198627308899255
Dhabi 0.001002004008016032 3.912023005428146 0.0039198627308899255
India 0.001002004008016032 3.912023005428146 0.0039198627308899255
Mumbai 0.001002004008016032 3.912023005428146 0.0039198627308899255
Hyderabad 0.001002004008016032 3.912023005428146 0.0039198627308899255
Korea 0.001002004008016032 3.912023005428146 0.0039198627308899255
Seoul 0.001002004008016032 3.912023005428146 0.0039198627308899255
Chuncheon 0.001002004008016032 3.912023005428146 0.0039198627308899255
Japan 0.001002004008016032 3.912023005428146 0.0039198627308899255
Tokyo 0.001002004008016032 3.912023005428146 0.0039198627308899255
Osaka 0.001002004008016032 3.912023005428146 0.0039198627308899255
Australia 0.001002004008016032 3.912023005428146 0.0039198627308899255
Sydney 0.001002004008016032 3.912023005428146 0.0039198627308899255
Melbourne 0.001002004008016032 3.912023005428146 0.0039198627308899255
Two 0.002004008016032064 1.4271163556401458 0.002859952616513318
region 0.002004008016032064 2.0402208285265546 0.004088618894842794
European 0.001002004008016032 2.995732273553991 0.0030017357450440787
Union 0.001002004008016032 2.8134107167600364 0.002819048814388814
Four 0.001002004008016032 3.912023005428146 0.0039198627308899255
United 0.001002004008016032 3.2188758248682006 0.003225326477823848
Arab 0.001002004008016032 3.912023005428146 0.0039198627308899255
Emirates 0.001002004008016032 3.912023005428146 0.0039198627308899255
Kingdom 0.001002004008016032 3.2188758248682006 0.003225326477823848
States 0.001002004008016032 2.8134107167600364 0.002819048814388814
Three 0.002004008016032064 2.407945608651872 0.004825542301907558
planned 0.001002004008016032 3.2188758248682006 0.003225326477823848
U 0.001002004008016032 2.120263536200091 0.0021245125613227364
K 0.001002004008016032 1.9661128563728327 0.0019700529622974274
S 0.002004008016032064 0.5447271754416719 0.001091637626135615
three 0.002004008016032064 2.407945608651872 0.004825542301907558
fastest 0.001002004008016032 3.506557897319982 0.003513585067454891
growing 0.001002004008016032 3.912023005428146 0.0039198627308899255
network 0.002004008016032064 2.120263536200091 0.004249025122645473
centers 0.001002004008016032 2.995732273553991 0.0030017357450440787
available 0.001002004008016032 1.6607312068216509 0.001664059325472596
end 0.001002004008016032 2.0402208285265546 0.002044309447421397
offers 0.001002004008016032 2.995732273553991 0.0030017357450440787
than 0.001002004008016032 1.3862943611198906 0.0013890725061321547
platform 0.001002004008016032 1.07880966137193 0.001080971604581092
Most 0.002004008016032064 1.8325814637483102 0.003672507943383387
also 0.002004008016032064 0.5108256237659907 0.0010236986448216247
portfolio 0.001002004008016032 3.2188758248682006 0.003225326477823848
Across 0.002004008016032064 2.407945608651872 0.004825542301907558
Applications 0.002004008016032064 1.6607312068216509 0.003328118650945192
options 0.001002004008016032 2.407945608651872 0.002412771150953779
supports 0.002004008016032064 1.5606477482646683 0.003127550597724786
local 0.001002004008016032 1.8325814637483102 0.0018362539716916934
access 0.002004008016032064 0.8675005677047231 0.0017384780915926312
regional 0.001002004008016032 2.995732273553991 0.0030017357450440787
continuity 0.001002004008016032 3.506557897319982 0.003513585067454891
turning 0.001002004008016032 3.506557897319982 0.003513585067454891
into 0.001002004008016032 0.8915981192837835 8.933848890619072E-4
giant 0.001002004008016032 3.912023005428146 0.0039198627308899255
Eric 0.001002004008016032 3.912023005428146 0.0039198627308899255
J 0.001002004008016032 2.120263536200091 0.0021245125613227364
Savitz 0.001002004008016032 3.912023005428146 0.0039198627308899255
Associate 0.001002004008016032 3.912023005428146 0.0039198627308899255
Editor 0.001002004008016032 2.659260036932778 0.0026645892153635046
Barron 0.001002004008016032 3.912023005428146 0.0039198627308899255
expects 0.001002004008016032 3.2188758248682006 0.003225326477823848
digit 0.001002004008016032 3.2188758248682006 0.003225326477823848
millions 0.001002004008016032 3.912023005428146 0.0039198627308899255
cost 0.002004008016032064 2.995732273553991 0.006003471490088157
savings 0.001002004008016032 3.506557897319982 0.003513585067454891
Stephanie 0.001002004008016032 3.912023005428146 0.0039198627308899255
Condon 0.001002004008016032 3.912023005428146 0.0039198627308899255
Staff 0.001002004008016032 3.506557897319982 0.003513585067454891
Writer 0.001002004008016032 1.9661128563728327 0.0019700529622974274
ZDNet 0.001002004008016032 3.912023005428146 0.0039198627308899255
com 0.001002004008016032 1.8325814637483102 0.0018362539716916934
companies 0.001002004008016032 3.506557897319982 0.003513585067454891
complicated 0.001002004008016032 3.912023005428146 0.0039198627308899255
computer 0.001002004008016032 2.995732273553991 0.0030017357450440787
its 0.001002004008016032 0.8675005677047231 8.692390457963156E-4
free 0.002004008016032064 1.8971199848858813 0.0038018436570859343
Paresh 0.001002004008016032 3.912023005428146 0.0039198627308899255
Dave 0.001002004008016032 3.912023005428146 0.0039198627308899255
Technology 0.002004008016032064 1.7147984280919266 0.0034364697957754036
correspondent 0.001002004008016032 3.912023005428146 0.0039198627308899255
Reuters 0.001002004008016032 3.912023005428146 0.0039198627308899255
With 0.002004008016032064 0.23572233352106994 4.7238944593400785E-4
second 0.001002004008016032 2.8134107167600364 0.002819048814388814
generation 0.001002004008016032 2.8134107167600364 0.002819048814388814
I 0.001002004008016032 1.3093333199837622 0.0013119572344526674
see 0.002004008016032064 0.3566749439387324 7.147794467710067E-4
many 0.002004008016032064 1.7147984280919266 0.0034364697957754036
improvements 0.001002004008016032 3.912023005428146 0.0039198627308899255
deserve 0.001002004008016032 3.912023005428146 0.0039198627308899255
closer 0.001002004008016032 3.912023005428146 0.0039198627308899255
look 0.001002004008016032 1.9661128563728327 0.0019700529622974274
Patrick 0.001002004008016032 3.912023005428146 0.0039198627308899255
Moorhead 0.001002004008016032 3.912023005428146 0.0039198627308899255
Senior 0.001002004008016032 3.912023005428146 0.0039198627308899255
Contributor 0.001002004008016032 3.912023005428146 0.0039198627308899255
Forbes 0.001002004008016032 3.912023005428146 0.0039198627308899255
Build 0.002004008016032064 1.9661128563728327 0.003940105924594855
YouTube 0.001002004008016032 2.659260036932778 0.0026645892153635046
channel 0.001002004008016032 2.659260036932778 0.0026645892153635046
Built 0.002004008016032064 2.120263536200091 0.004249025122645473
Sensor 0.001002004008016032 3.912023005428146 0.0039198627308899255
SailGPs 0.001002004008016032 3.912023005428146 0.0039198627308899255
F 0.001002004008016032 2.207274913189721 0.0022116983098093394
sailing 0.001002004008016032 3.912023005428146 0.0039198627308899255
vessels 0.001002004008016032 3.912023005428146 0.0039198627308899255
transferred 0.001002004008016032 3.912023005428146 0.0039198627308899255
via 0.001002004008016032 1.8971199848858813 0.0019009218285429672
satellite 0.001002004008016032 3.912023005428146 0.0039198627308899255
connections 0.001002004008016032 2.407945608651872 0.002412771150953779
Warehouse 0.001002004008016032 3.912023005428146 0.0039198627308899255
where 0.001002004008016032 1.4271163556401458 0.001429976308256659
analyzed 0.001002004008016032 3.912023005428146 0.0039198627308899255
Stream 0.001002004008016032 1.3862943611198906 0.0013890725061321547
then 0.001002004008016032 1.2378743560016172 0.0012403550661338849
broadcast 0.001002004008016032 3.912023005428146 0.0039198627308899255
media 0.001002004008016032 2.207274913189721 0.0022116983098093394
partners 0.002004008016032064 2.8134107167600364 0.005638097628777628
billions 0.001002004008016032 3.912023005428146 0.0039198627308899255
fans 0.001002004008016032 3.912023005428146 0.0039198627308899255
worldwide 0.001002004008016032 2.995732273553991 0.0030017357450440787
SailGP 0.001002004008016032 3.912023005428146 0.0039198627308899255
architecture 0.002004008016032064 1.8325814637483102 0.003672507943383387
Children 0.001002004008016032 2.407945608651872 0.002412771150953779
Medical 0.001002004008016032 3.912023005428146 0.0039198627308899255
Research 0.002004008016032064 2.995732273553991 0.006003471490088157
Institute 0.001002004008016032 3.912023005428146 0.0039198627308899255
Speeds 0.001002004008016032 3.912023005428146 0.0039198627308899255
AI 0.001002004008016032 2.659260036932778 0.0026645892153635046
improved 0.001002004008016032 2.8134107167600364 0.002819048814388814
quality 0.001002004008016032 3.2188758248682006 0.003225326477823848
research 0.002004008016032064 2.995732273553991 0.006003471490088157
experiments 0.001002004008016032 3.912023005428146 0.0039198627308899255
focus 0.001002004008016032 2.659260036932778 0.0026645892153635046
detailed 0.001002004008016032 1.0498221244986776 0.0010519259764515806
analysis 0.001002004008016032 3.2188758248682006 0.003225326477823848
Watch 0.001002004008016032 3.506557897319982 0.003513585067454891
CMRI 0.001002004008016032 3.912023005428146 0.0039198627308899255
video 0.001002004008016032 2.995732273553991 0.0030017357450440787
success 0.001002004008016032 2.995732273553991 0.0030017357450440787
Integra 0.001002004008016032 3.912023005428146 0.0039198627308899255
LifeSciences 0.001002004008016032 3.912023005428146 0.0039198627308899255
implemented 0.002004008016032064 1.0498221244986776 0.0021038519529031612
multicloud 0.001002004008016032 3.506557897319982 0.003513585067454891
resulting 0.001002004008016032 2.8134107167600364 0.002819048814388814
greater 0.001002004008016032 2.8134107167600364 0.002819048814388814
efficiency 0.001002004008016032 2.8134107167600364 0.002819048814388814
reduced 0.001002004008016032 3.2188758248682006 0.003225326477823848
webinars 0.001002004008016032 3.912023005428146 0.0039198627308899255
Upcoming 0.002004008016032064 3.912023005428146 0.007839725461779851
past 0.001002004008016032 3.2188758248682006 0.003225326477823848
On 0.002004008016032064 0.5447271754416719 0.001091637626135615
Demand 0.002004008016032064 2.5257286443082556 0.0050615804495155415
Innovate 0.001002004008016032 2.995732273553991 0.0030017357450440787
demand 0.002004008016032064 2.5257286443082556 0.0050615804495155415
Live 0.002004008016032064 3.2188758248682006 0.006450652955647696
Future 0.001002004008016032 1.8325814637483102 0.0018362539716916934
Lakehouse 0.002004008016032064 3.506557897319982 0.007027170134909782
lakehouse 0.002004008016032064 3.506557897319982 0.007027170134909782
Developer 0.002004008016032064 1.07880966137193 0.002161943209162184
Innovations 0.002004008016032064 3.2188758248682006 0.006450652955647696
New 0.002004008016032064 0.616186139423817 0.0012348419627731802
started 0.001002004008016032 2.8134107167600364 0.002819048814388814
Free 0.002004008016032064 1.8971199848858813 0.0038018436570859343
Hands 0.002004008016032064 3.506557897319982 0.007027170134909782
labs 0.001002004008016032 3.506557897319982 0.003513585067454891
Reference 0.002004008016032064 0.843970070294529 0.0016913227861613807
architectures 0.001002004008016032 3.506557897319982 0.003513585067454891
Estimate 0.002004008016032064 3.2188758248682006 0.006450652955647696
Contact 0.001002004008016032 2.407945608651872 0.002412771150953779
sales 0.002004008016032064 2.5257286443082556 0.0050615804495155415
Try 0.002004008016032064 2.120263536200091 0.004249025122645473
Always 0.001002004008016032 2.0402208285265546 0.002044309447421397
day 0.001002004008016032 2.8134107167600364 0.002819048814388814
trial 0.001002004008016032 2.995732273553991 0.0030017357450440787
even 0.001002004008016032 2.8134107167600364 0.002819048814388814
Tier 0.001002004008016032 2.5257286443082556 0.0025307902247577708
time 0.001002004008016032 1.3470736479666094 0.0013497731943553199
limits 0.001002004008016032 2.995732273553991 0.0030017357450440787
Arm 0.001002004008016032 3.2188758248682006 0.003225326477823848
Compute 0.002004008016032064 2.407945608651872 0.004825542301907558
Storage 0.002004008016032064 2.302585092994046 0.004614398983956003
credits 0.001002004008016032 3.506557897319982 0.003513585067454891
try 0.002004008016032064 2.120263536200091 0.004249025122645473
additional 0.001002004008016032 2.207274913189721 0.0022116983098093394
details 0.002004008016032064 0.7550225842780328 0.0015130713111784224
sign 0.001002004008016032 3.2188758248682006 0.003225326477823848
account 0.001002004008016032 2.8134107167600364 0.002819048814388814
today 0.001002004008016032 2.995732273553991 0.0030017357450440787
What 0.001002004008016032 1.5141277326297755 0.0015171620567432618
included 0.001002004008016032 2.407945608651872 0.002412771150953779
GB 0.001002004008016032 3.912023005428146 0.0039198627308899255
each 0.001002004008016032 1.5606477482646683 0.001563775298862393
AMD 0.001002004008016032 3.912023005428146 0.0039198627308899255
VMs 0.001002004008016032 3.912023005428146 0.0039198627308899255
total 0.001002004008016032 2.5257286443082556 0.0025307902247577708
block 0.001002004008016032 1.8971199848858813 0.0019009218285429672
storage 0.002004008016032064 2.302585092994046 0.004614398983956003
object 0.002004008016032064 0.43078291609245434 8.632924170189465E-4
TB 0.001002004008016032 3.912023005428146 0.0039198627308899255
outbound 0.001002004008016032 3.2188758248682006 0.003225326477823848
transfer 0.001002004008016032 2.302585092994046 0.0023071994919780015
month 0.001002004008016032 2.5257286443082556 0.0025307902247577708
days 0.001002004008016032 3.506557897319982 0.003513585067454891
step 0.001002004008016032 3.2188758248682006 0.003225326477823848
guidance 0.001002004008016032 3.506557897319982 0.003513585067454891
Experience 0.001002004008016032 2.207274913189721 0.0022116983098093394
wide 0.001002004008016032 2.659260036932778 0.0026645892153635046
range 0.001002004008016032 2.0402208285265546 0.002044309447421397
through 0.001002004008016032 1.2378743560016172 0.0012403550661338849
hands 0.002004008016032064 3.506557897319982 0.007027170134909782
Whether 0.001002004008016032 1.6607312068216509 0.001664059325472596
re 0.001002004008016032 2.120263536200091 0.0021245125613227364
developer 0.002004008016032064 1.07880966137193 0.002161943209162184
admin 0.001002004008016032 3.2188758248682006 0.003225326477823848
analyst 0.002004008016032064 2.995732273553991 0.006003471490088157
help 0.002004008016032064 0.05129329438755048 1.0279217312134364E-4
works 0.001002004008016032 3.2188758248682006 0.003225326477823848
Many 0.002004008016032064 1.7147984280919266 0.0034364697957754036
provided 0.001002004008016032 1.5141277326297755 0.0015171620567432618
lab 0.001002004008016032 3.506557897319982 0.003513585067454891
environment 0.001002004008016032 1.9661128563728327 0.0019700529622974274
workshop 0.001002004008016032 3.912023005428146 0.0039198627308899255
cover 0.001002004008016032 3.912023005428146 0.0039198627308899255
introduction 0.001002004008016032 3.2188758248682006 0.003225326477823848
virtual 0.001002004008016032 1.9661128563728327 0.0019700529622974274
networks 0.001002004008016032 2.659260036932778 0.0026645892153635046
VCN 0.001002004008016032 3.2188758248682006 0.003225326477823848
compute 0.002004008016032064 2.407945608651872 0.004825542301907558
quick 0.001002004008016032 3.506557897319982 0.003513585067454891
start 0.002004008016032064 2.0402208285265546 0.004088618894842794
In 0.002004008016032064 0.1508228897345837 3.022502800292258E-4
ll 0.001002004008016032 3.506557897319982 0.003513585067454891
go 0.001002004008016032 3.2188758248682006 0.003225326477823848
steps 0.001002004008016032 2.8134107167600364 0.002819048814388814
app 0.001002004008016032 2.995732273553991 0.0030017357450440787
spreadsheet 0.001002004008016032 3.2188758248682006 0.003225326477823848
walks 0.001002004008016032 3.912023005428146 0.0039198627308899255
uploading 0.001002004008016032 3.2188758248682006 0.003225326477823848
table 0.001002004008016032 1.5606477482646683 0.001563775298862393
creating 0.001002004008016032 1.8971199848858813 0.0019009218285429672
based 0.001002004008016032 1.2729656758128876 0.00127551670923135
Deploy 0.002004008016032064 2.995732273553991 0.006003471490088157
HA 0.001002004008016032 3.912023005428146 0.0039198627308899255
deploy 0.002004008016032064 2.995732273553991 0.006003471490088157
web 0.002004008016032064 0.8209805520698303 0.0016452516073543692
servers 0.001002004008016032 2.5257286443082556 0.0025307902247577708
instances 0.001002004008016032 2.0402208285265546 0.002044309447421397
configured 0.001002004008016032 2.302585092994046 0.0023071994919780015
Availability 0.001002004008016032 2.995732273553991 0.0030017357450440787
mode 0.001002004008016032 2.207274913189721 0.0022116983098093394
Load 0.001002004008016032 1.8971199848858813 0.0019009218285429672
Balancer 0.001002004008016032 3.912023005428146 0.0039198627308899255
over 0.001002004008016032 2.302585092994046 0.0023071994919780015
practice 0.001002004008016032 3.912023005428146 0.0039198627308899255
designs 0.001002004008016032 3.912023005428146 0.0039198627308899255
architects 0.001002004008016032 3.912023005428146 0.0039198627308899255
apps 0.001002004008016032 3.2188758248682006 0.003225326477823848
HPC 0.001002004008016032 2.407945608651872 0.002412771150953779
microservices 0.001002004008016032 3.506557897319982 0.003513585067454891
lakes 0.001002004008016032 3.912023005428146 0.0039198627308899255
Understand 0.001002004008016032 3.2188758248682006 0.003225326477823848
hear 0.001002004008016032 3.912023005428146 0.0039198627308899255
Deployed 0.002004008016032064 2.995732273553991 0.006003471490088157
series 0.001002004008016032 2.407945608651872 0.002412771150953779
click 0.001002004008016032 2.995732273553991 0.0030017357450440787
capability 0.001002004008016032 3.2188758248682006 0.003225326477823848
do 0.002004008016032064 0.9162907318741551 0.0018362539716916934
yourself 0.001002004008016032 3.912023005428146 0.0039198627308899255
GitHub 0.001002004008016032 2.659260036932778 0.0026645892153635046
repo 0.001002004008016032 3.912023005428146 0.0039198627308899255
reference 0.002004008016032064 0.843970070294529 0.0016913227861613807
Popular 0.001002004008016032 3.912023005428146 0.0039198627308899255
Apache 0.001002004008016032 3.912023005428146 0.0039198627308899255
Tomcat 0.001002004008016032 3.912023005428146 0.0039198627308899255
Weblogic 0.001002004008016032 3.912023005428146 0.0039198627308899255
Kubernetes 0.001002004008016032 2.995732273553991 0.0030017357450440787
Jenkins 0.001002004008016032 3.912023005428146 0.0039198627308899255
ML 0.001002004008016032 3.2188758248682006 0.003225326477823848
Log 0.001002004008016032 2.5257286443082556 0.0025307902247577708
ELK 0.001002004008016032 3.912023005428146 0.0039198627308899255
Stack 0.002004008016032064 2.0402208285265546 0.004088618894842794
OpenFOAM 0.001002004008016032 3.912023005428146 0.0039198627308899255
much 0.001002004008016032 3.2188758248682006 0.003225326477823848
save 0.001002004008016032 2.659260036932778 0.0026645892153635046
simple 0.001002004008016032 1.4271163556401458 0.001429976308256659
consistent 0.001002004008016032 3.506557897319982 0.003513585067454891
supporting 0.001002004008016032 1.5606477482646683 0.001563775298862393
cases 0.001002004008016032 1.6607312068216509 0.001664059325472596
To 0.002004008016032064 0.17435338714477774 3.4940558546047644E-4
estimate 0.002004008016032064 3.2188758248682006 0.006450652955647696
rate 0.001002004008016032 2.8134107167600364 0.002819048814388814
estimator 0.001002004008016032 3.912023005428146 0.0039198627308899255
configure 0.001002004008016032 2.302585092994046 0.0023071994919780015
suit 0.001002004008016032 3.912023005428146 0.0039198627308899255
needs 0.001002004008016032 2.120263536200091 0.0021245125613227364
Cost 0.002004008016032064 2.995732273553991 0.006003471490088157
difference 0.001002004008016032 3.912023005428146 0.0039198627308899255
bandwidth 0.001002004008016032 3.912023005428146 0.0039198627308899255
Same 0.002004008016032064 0.9942522733438669 0.001992489525739212
Low 0.002004008016032064 2.0402208285265546 0.004088618894842794
without 0.001002004008016032 1.8325814637483102 0.0018362539716916934
long 0.001002004008016032 1.9661128563728327 0.0019700529622974274
term 0.001002004008016032 3.2188758248682006 0.003225326477823848
commitments 0.001002004008016032 3.912023005428146 0.0039198627308899255
Interested 0.001002004008016032 3.2188758248682006 0.003225326477823848
Let 0.001002004008016032 2.659260036932778 0.0026645892153635046
experts 0.001002004008016032 3.2188758248682006 0.003225326477823848
touch 0.001002004008016032 2.659260036932778 0.0026645892153635046
They 0.001002004008016032 1.2729656758128876 0.00127551670923135
answer 0.001002004008016032 3.912023005428146 0.0039198627308899255
questions 0.001002004008016032 2.995732273553991 0.0030017357450440787
like 0.001002004008016032 1.171182981502945 0.0011735300415861172
How 0.002004008016032064 1.2039728043259361 0.0024127711509537796
my 0.002004008016032064 2.5257286443082556 0.0050615804495155415
overall 0.001002004008016032 2.8134107167600364 0.002819048814388814
investments 0.001002004008016032 3.912023005428146 0.0039198627308899255
providers 0.001002004008016032 2.302585092994046 0.0023071994919780015
IaaS 0.001002004008016032 3.2188758248682006 0.003225326477823848
PaaS 0.001002004008016032 3.2188758248682006 0.003225326477823848
goals 0.001002004008016032 3.912023005428146 0.0039198627308899255
Resources 0.002004008016032064 1.9661128563728327 0.003940105924594855
Careers 0.001002004008016032 2.659260036932778 0.0026645892153635046
Developers 0.002004008016032064 1.8971199848858813 0.0038018436570859343
Investors 0.001002004008016032 2.995732273553991 0.0030017357450440787
Partners 0.002004008016032064 2.8134107167600364 0.005638097628777628
Startups 0.001002004008016032 2.995732273553991 0.0030017357450440787
Students 0.001002004008016032 2.995732273553991 0.0030017357450440787
Educators 0.001002004008016032 2.995732273553991 0.0030017357450440787
Analyst 0.002004008016032064 2.995732273553991 0.006003471490088157
Reports 0.001002004008016032 2.659260036932778 0.0026645892153635046
Economics 0.001002004008016032 2.995732273553991 0.0030017357450440787
vs 0.001002004008016032 2.5257286443082556 0.0025307902247577708
AWS 0.001002004008016032 2.995732273553991 0.0030017357450440787
Google 0.001002004008016032 3.2188758248682006 0.003225326477823848
MongoDB 0.001002004008016032 3.2188758248682006 0.003225326477823848
Computing 0.002004008016032064 2.302585092994046 0.004614398983956003
Supports 0.002004008016032064 1.5606477482646683 0.003127550597724786
Ukraine 0.001002004008016032 2.8134107167600364 0.002819048814388814
Architecture 0.002004008016032064 1.8325814637483102 0.003672507943383387
Center 0.001002004008016032 2.207274913189721 0.0022116983098093394
Red 0.001002004008016032 2.659260036932778 0.0026645892153635046
Bull 0.001002004008016032 2.659260036932778 0.0026645892153635046
Racing 0.001002004008016032 2.659260036932778 0.0026645892153635046
us 0.002004008016032064 2.5257286443082556 0.0050615804495155415
Sales 0.002004008016032064 2.5257286443082556 0.0050615804495155415
emails 0.001002004008016032 2.659260036932778 0.0026645892153635046
Events 0.002004008016032064 1.5606477482646683 0.003127550597724786
News 0.001002004008016032 1.9661128563728327 0.0019700529622974274
Blog 0.001002004008016032 2.8134107167600364 0.002819048814388814
Country 0.001002004008016032 2.659260036932778 0.0026645892153635046
Region 0.002004008016032064 2.0402208285265546 0.004088618894842794
Site 0.001002004008016032 2.0402208285265546 0.002044309447421397
Do 0.002004008016032064 0.9162907318741551 0.0018362539716916934
Not 0.002004008016032064 0.3424903089467759 6.86353324542637E-4
Sell 0.001002004008016032 2.659260036932778 0.0026645892153635046
My 0.002004008016032064 2.5257286443082556 0.0050615804495155415
Info 0.001002004008016032 2.120263536200091 0.0021245125613227364
Ad 0.001002004008016032 2.407945608651872 0.002412771150953779
Choices 0.001002004008016032 2.120263536200091 0.0021245125613227364
Facebook 0.001002004008016032 2.659260036932778 0.0026645892153635046
Twitter 0.001002004008016032 2.659260036932778 0.0026645892153635046
LinkedIn 0.001002004008016032 2.659260036932778 0.0026645892153635046
