Overview 0.011152416356877323 0.06187540371808745 6.900602645139864E-4
jsoup 0.08921933085501858 0.0 0.0
Java 0.01486988847583643 0.010050335853501506 1.4944737328626774E-4
HTML 0.05947955390334572 0.0 0.0
Parser 0.01858736059479554 0.0 0.0
API 0.011152416356877323 0.0 0.0
Skip 0.007434944237918215 0.06187540371808745 4.6004017634265765E-4
navigation 0.007434944237918215 0.06187540371808745 4.6004017634265765E-4
links 0.007434944237918215 0.0408219945202552 3.0350925293870035E-4
Package 0.01486988847583643 0.06187540371808745 9.200803526853153E-4
Class 0.011152416356877323 0.06187540371808745 6.900602645139864E-4
Use 0.011152416356877323 0.010050335853501506 1.1208552996470081E-4
Tree 0.011152416356877323 0.0408219945202552 4.552638794080505E-4
Deprecated 0.007434944237918215 0.06187540371808745 4.6004017634265765E-4
Index 0.007434944237918215 0.06187540371808745 4.6004017634265765E-4
Help 0.007434944237918215 0.05129329438755048 3.813627835505612E-4
parser 0.01858736059479554 0.0 0.0
that 0.0037174721189591076 0.22314355131420976 8.295299305360957E-4
makes 0.0037174721189591076 1.8971199848858813 0.007052490650133387
sense 0.0037174721189591076 2.8134107167600364 0.010458775898736195
of 0.01486988847583643 0.1165338162559516 0.001732844851389615
real 0.007434944237918215 2.207274913189721 0.016410965897321345
world 0.007434944237918215 2.207274913189721 0.016410965897321345
soup 0.007434944237918215 2.995732273553991 0.022273102405605878
is 0.007434944237918215 0.22314355131420976 0.0016590598610721915
a 0.01858736059479554 0.16251892949777494 0.0030207979460552966
library 0.0037174721189591076 2.407945608651872 0.008951470664133352
for 0.011152416356877323 0.083381608939051 9.299064193946208E-4
working 0.0037174721189591076 0.9942522733438669 0.003696105105367535
with 0.007434944237918215 0.23572233352106994 0.0017525824053611148
It 0.0037174721189591076 0.47803580094299974 0.0017770847618698874
provides 0.007434944237918215 0.843970070294529 0.006274870411111739
very 0.0037174721189591076 2.207274913189721 0.008205482948660673
convenient 0.007434944237918215 1.6094379124341003 0.011966081133339034
fetching 0.0037174721189591076 2.995732273553991 0.011136551202802939
URLs 0.007434944237918215 1.1086626245216111 0.008242844791982238
and 0.040892193308550186 0.09431067947124142 0.0038565705359987195
extracting 0.007434944237918215 2.5257286443082556 0.01877865163054465
manipulating 0.007434944237918215 2.120263536200091 0.015764041161338966
data 0.007434944237918215 0.5978370007556204 0.004444884763982308
using 0.022304832713754646 0.010050335853501506 2.2417105992940162E-4
the 0.040892193308550186 0.10536051565782635 0.004308422573368364
best 0.0037174721189591076 1.9661128563728327 0.007308969726293058
DOM 0.011152416356877323 1.7719568419318754 0.01976160046764173
methods 0.007434944237918215 0.24846135929849972 0.0018472963516617078
CSS 0.011152416356877323 1.9661128563728327 0.021926909178879173
selectors 0.011152416356877323 1.5141277326297755 0.01688618289178188
implements 0.0037174721189591076 0.6931471805599453 0.002576755318066711
WHATWG 0.0037174721189591076 2.995732273553991 0.011136551202802939
specification 0.007434944237918215 1.4696759700589417 0.010926958885196592
parses 0.011152416356877323 1.3093333199837622 0.014602230334391399
to 0.022304832713754646 0.17435338714477774 0.0038889231333407675
same 0.0037174721189591076 0.9942522733438669 0.003696105105367535
as 0.0037174721189591076 0.32850406697203605 0.0012212047099332195
modern 0.0037174721189591076 2.407945608651872 0.008951470664133352
browsers 0.0037174721189591076 2.995732273553991 0.011136551202802939
do 0.0037174721189591076 0.9162907318741551 0.003406285248602807
parse 0.011152416356877323 1.3093333199837622 0.014602230334391399
from 0.007434944237918215 0.38566248081198473 0.00286737903949431
URL 0.007434944237918215 1.1086626245216111 0.008242844791982238
file 0.0037174721189591076 0.8915981192837835 0.003314491149753842
or 0.007434944237918215 0.2613647641344075 0.0019432324470959666
string 0.0037174721189591076 0.4155154439616658 0.001544667077924408
find 0.007434944237918215 1.3093333199837622 0.0097348202229276
extract 0.007434944237918215 2.5257286443082556 0.01877865163054465
traversal 0.0037174721189591076 1.8325814637483102 0.006812570497205614
manipulate 0.007434944237918215 2.120263536200091 0.015764041161338966
elements 0.007434944237918215 0.4620354595965586 0.003435207878041328
attributes 0.0037174721189591076 0.3566749439387324 0.0013259291596235405
text 0.0037174721189591076 1.1086626245216111 0.004121422395991119
clean 0.0037174721189591076 1.4271163556401458 0.005305265262602772
user 0.0037174721189591076 1.0216512475319812 0.00379796002799993
submitted 0.0037174721189591076 2.659260036932778 0.009885725044359769
content 0.0037174721189591076 0.44628710262841953 0.0016590598610721915
against 0.0037174721189591076 1.4271163556401458 0.005305265262602772
safelist 0.007434944237918215 0.9162907318741551 0.006812570497205614
prevent 0.0037174721189591076 2.5257286443082556 0.009389325815272326
XSS 0.0037174721189591076 2.5257286443082556 0.009389325815272326
output 0.0037174721189591076 0.9675840262617057 0.003596966640378088
tidy 0.0037174721189591076 2.302585092994046 0.008559795884736229
designed 0.0037174721189591076 1.8971199848858813 0.007052490650133387
deal 0.0037174721189591076 2.407945608651872 0.008951470664133352
all 0.007434944237918215 0.05129329438755048 3.813627835505612E-4
varieties 0.0037174721189591076 2.995732273553991 0.011136551202802939
found 0.007434944237918215 1.3093333199837622 0.0097348202229276
in 0.0037174721189591076 0.1508228897345837 5.606798874891587E-4
wild 0.0037174721189591076 2.995732273553991 0.011136551202802939
pristine 0.0037174721189591076 2.995732273553991 0.011136551202802939
validating 0.0037174721189591076 2.659260036932778 0.009885725044359769
invalid 0.0037174721189591076 1.3862943611198906 0.005153510636133422
tag 0.007434944237918215 0.843970070294529 0.006274870411111739
will 0.0037174721189591076 0.5447271754416719 0.002025008087143762
create 0.0037174721189591076 0.8915981192837835 0.003314491149753842
sensible 0.0037174721189591076 2.302585092994046 0.008559795884736229
tree 0.011152416356877323 0.0408219945202552 4.552638794080505E-4
See 0.0037174721189591076 0.3566749439387324 0.0013259291596235405
org 0.03345724907063197 0.05129329438755048 0.0017161325259775252
downloads 0.0037174721189591076 3.2188758248682006 0.011966081133339034
documentation 0.0037174721189591076 0.9416085398584451 0.0035004034938975652
examples 0.011152416356877323 0.616186139423817 0.006871964380191267
Packages 0.007434944237918215 0.9162907318741551 0.006812570497205614
Description 0.0037174721189591076 0.24846135929849972 9.236481758308539E-4
Contains 0.01858736059479554 0.43078291609245434 0.008007117399488
main 0.0037174721189591076 1.2378743560016172 0.004601763405210473
Jsoup 0.08921933085501858 0.0 0.0
class 0.01486988847583643 0.06187540371808745 9.200803526853153E-4
which 0.0037174721189591076 0.7550225842780328 0.0028067754062380402
static 0.0037174721189591076 0.5621189181535412 0.002089661405775246
access 0.0037174721189591076 0.8675005677047231 0.0032249091736235055
functionality 0.0037174721189591076 1.0498221244986776 0.003902684477690251
example 0.011152416356877323 0.616186139423817 0.006871964380191267
programs 0.0037174721189591076 1.7719568419318754 0.006587200155880577
use 0.022304832713754646 0.010050335853501506 2.2417105992940162E-4
helper 0.0037174721189591076 1.1086626245216111 0.004121422395991119
containing 0.01858736059479554 0.43078291609245434 0.008007117399488
classes 0.01486988847583643 0.06187540371808745 9.200803526853153E-4
supporting 0.007434944237918215 0.9675840262617057 0.007193933280756176
core 0.0037174721189591076 1.171182981502945 0.0043538400799365985
code 0.0037174721189591076 0.5108256237659907 0.0018989800139999654
internal 0.0037174721189591076 1.5141277326297755 0.005628727630593961
Util 0.0037174721189591076 1.2729656758128876 0.004732214408226348
used 0.022304832713754646 0.010050335853501506 2.2417105992940162E-4
by 0.0037174721189591076 0.27443684570176036 0.0010202113223113768
nodes 0.007434944237918215 0.7550225842780328 0.0056135508124760805
document 0.0037174721189591076 0.40047756659712536 0.0014887641880934027
structure 0.0037174721189591076 1.4696759700589417 0.005463479442598296
specifications 0.007434944237918215 1.4696759700589417 0.010926958885196592
tokeniser 0.0037174721189591076 2.5257286443082556 0.009389325815272326
safety 0.0037174721189591076 0.9162907318741551 0.003406285248602807
cleaner 0.0037174721189591076 0.9162907318741551 0.003406285248602807
definitions 0.0037174721189591076 0.7765287894989963 0.0028867241245315845
select 0.0037174721189591076 1.5606477482646683 0.005801664491690217
support 0.007434944237918215 0.9675840262617057 0.007193933280756176
style 0.0037174721189591076 1.6607312068216509 0.006173721958444798
element 0.007434944237918215 0.4620354595965586 0.003435207878041328
selector 0.011152416356877323 1.5141277326297755 0.01688618289178188
Copyright 0.0037174721189591076 0.06187540371808745 2.3002008817132882E-4
Jonathan 0.0037174721189591076 0.0 0.0
Hedley 0.0037174721189591076 0.0 0.0
All 0.007434944237918215 0.05129329438755048 3.813627835505612E-4
rights 0.0037174721189591076 0.06187540371808745 2.3002008817132882E-4
reserved 0.0037174721189591076 0.06187540371808745 2.3002008817132882E-4
69E-4
See 0.007042253521126761 0.3566749439387324 0.0025117953798502284
jsoup 0.014084507042253521 0.0 0.0
org 0.007042253521126761 0.05129329438755048 3.6122038301091887E-4
for 0.007042253521126761 0.083381608939051 5.871944291482465E-4
downloads 0.007042253521126761 3.2188758248682006 0.022668139611747892
documentation 0.007042253521126761 0.9416085398584451 0.006631046055341163
and 0.007042253521126761 0.09431067947124142 6.641597145862072E-4
examples 0.014084507042253521 0.616186139423817 0.00867867802005376
Packages 0.007042253521126761 0.9162907318741551 0.006452751632916585
Package 0.007042253521126761 0.06187540371808745 4.3574227970484124E-4
Description 0.007042253521126761 0.24846135929849972 0.001749727882383801
org 0.007042253521126761 0.05129329438755048 3.6122038301091887E-4
jsoup 0.014084507042253521 0.0 0.0
Contains 0.014084507042253521 0.43078291609245434 0.0060673650153866806
the 0.007042253521126761 0.10536051565782635 7.419754623790588E-4
main 0.007042253521126761 1.2378743560016172 0.00871742504226491
Jsoup 0.014084507042253521 0.0 0.0
class 0.02112676056338028 0.06187540371808745 0.0013072268391145236
which 0.007042253521126761 0.7550225842780328 0.005317060452662203
provides 0.007042253521126761 0.843970070294529 0.005943451199257247
convenient 0.007042253521126761 1.6094379124341003 0.011334069805873946
static 0.007042253521126761 0.5621189181535412 0.003958583930658741
access 0.007042253521126761 0.8675005677047231 0.00610915892749805
to 0.007042253521126761 0.17435338714477774 0.0012278407545406884
the 0.007042253521126761 0.10536051565782635 7.419754623790588E-4
jsoup 0.014084507042253521 0.0 0.0
functionality 0.007042253521126761 1.0498221244986776 0.007393113552807589
org 0.007042253521126761 0.05129329438755048 3.6122038301091887E-4
jsoup 0.014084507042253521 0.0 0.0
examples 0.014084507042253521 0.616186139423817 0.00867867802005376
Contains 0.014084507042253521 0.43078291609245434 0.0060673650153866806
example 0.014084507042253521 0.616186139423817 0.00867867802005376
programs 0.007042253521126761 1.7719568419318754 0.012478569309379404
and 0.007042253521126761 0.09431067947124142 6.641597145862072E-4
use 0.028169014084507043 0.010050335853501506 2.8310805221131005E-4
of 0.007042253521126761 0.1165338162559516 8.206606778588142E-4
jsoup 0.014084507042253521 0.0 0.0
org 0.007042253521126761 0.05129329438755048 3.6122038301091887E-4
jsoup 0.014084507042253521 0.0 0.0
helper 0.007042253521126761 1.1086626245216111 0.007807483271278952
Package 0.007042253521126761 0.06187540371808745 4.3574227970484124E-4
containing 0.014084507042253521 0.43078291609245434 0.0060673650153866806
classes 0.02112676056338028 0.06187540371808745 0.0013072268391145236
supporting 0.014084507042253521 0.9675840262617057 0.01362794403185501
the 0.007042253521126761 0.10536051565782635 7.419754623790588E-4
core 0.007042253521126761 1.171182981502945 0.008247767475372854
jsoup 0.014084507042253521 0.0 0.0
code 0.007042253521126761 0.5108256237659907 0.003597363547647822
org 0.007042253521126761 0.05129329438755048 3.6122038301091887E-4
jsoup 0.014084507042253521 0.0 0.0
internal 0.007042253521126761 1.5141277326297755 0.010662871356547716
Util 0.007042253521126761 1.2729656758128876 0.008964547012766813
methods 0.007042253521126761 0.24846135929849972 0.001749727882383801
used 0.028169014084507043 0.010050335853501506 2.8310805221131005E-4
by 0.007042253521126761 0.27443684570176036 0.0019326538429701434
Jsoup 0.014084507042253521 0.0 0.0
org 0.007042253521126761 0.05129329438755048 3.6122038301091887E-4
jsoup 0.014084507042253521 0.0 0.0
nodes 0.007042253521126761 0.7550225842780328 0.005317060452662203
HTML 0.007042253521126761 0.0 0.0
document 0.007042253521126761 0.40047756659712536 0.002820264553500883
structure 0.007042253521126761 1.4696759700589417 0.01034983077506297
nodes 0.007042253521126761 0.7550225842780328 0.005317060452662203
org 0.007042253521126761 0.05129329438755048 3.6122038301091887E-4
jsoup 0.014084507042253521 0.0 0.0
parser 0.014084507042253521 0.0 0.0
Contains 0.014084507042253521 0.43078291609245434 0.0060673650153866806
the 0.007042253521126761 0.10536051565782635 7.419754623790588E-4
HTML 0.007042253521126761 0.0 0.0
parser 0.014084507042253521 0.0 0.0
tag 0.007042253521126761 0.843970070294529 0.005943451199257247
specifications 0.014084507042253521 1.4696759700589417 0.02069966155012594
and 0.007042253521126761 0.09431067947124142 6.641597145862072E-4
HTML 0.007042253521126761 0.0 0.0
tokeniser 0.007042253521126761 2.5257286443082556 0.017786821438790533
org 0.007042253521126761 0.05129329438755048 3.6122038301091887E-4
jsoup 0.014084507042253521 0.0 0.0
safety 0.007042253521126761 0.9162907318741551 0.006452751632916585
Contains 0.014084507042253521 0.43078291609245434 0.0060673650153866806
the 0.007042253521126761 0.10536051565782635 7.419754623790588E-4
jsoup 0.014084507042253521 0.0 0.0
HTML 0.007042253521126761 0.0 0.0
cleaner 0.007042253521126761 0.9162907318741551 0.006452751632916585
and 0.007042253521126761 0.09431067947124142 6.641597145862072E-4
safelist 0.007042253521126761 0.9162907318741551 0.006452751632916585
definitions 0.007042253521126761 0.7765287894989963 0.005468512602105608
org 0.007042253521126761 0.05129329438755048 3.6122038301091887E-4
jsoup 0.014084507042253521 0.0 0.0
select 0.007042253521126761 1.5606477482646683 0.010990477100455412
Packages 0.007042253521126761 0.9162907318741551 0.006452751632916585
to 0.007042253521126761 0.17435338714477774 0.0012278407545406884
support 0.014084507042253521 0.9675840262617057 0.01362794403185501
the 0.007042253521126761 0.10536051565782635 7.419754623790588E-4
CSS 0.007042253521126761 1.9661128563728327 0.013845865185724174
style 0.007042253521126761 1.6607312068216509 0.011695290188884865
element 0.014084507042253521 0.4620354595965586 0.006507541684458573
selector 0.014084507042253521 1.5141277326297755 0.02132574271309543
Skip 0.007042253521126761 0.06187540371808745 4.3574227970484124E-4
navigation 0.007042253521126761 0.06187540371808745 4.3574227970484124E-4
links 0.007042253521126761 0.0408219945202552 2.874788346496845E-4
jsoup 0.014084507042253521 0.0 0.0
Overview 0.007042253521126761 0.06187540371808745 4.3574227970484124E-4
Package 0.007042253521126761 0.06187540371808745 4.3574227970484124E-4
Class 0.014084507042253521 0.06187540371808745 8.714845594096825E-4
Use 0.014084507042253521 0.010050335853501506 1.4155402610565503E-4
Tree 0.014084507042253521 0.0408219945202552 5.74957669299369E-4
Deprecated 0.007042253521126761 0.06187540371808745 4.3574227970484124E-4
Index 0.007042253521126761 0.06187540371808745 4.3574227970484124E-4
Help 0.007042253521126761 0.05129329438755048 3.6122038301091887E-4
Copyright 0.007042253521126761 0.06187540371808745 4.3574227970484124E-4
Jonathan 0.007042253521126761 0.0 0.0
Hedley 0.007042253521126761 0.0 0.0
All 0.014084507042253521 0.05129329438755048 7.224407660218377E-4
rights 0.007042253521126761 0.06187540371808745 4.3574227970484124E-4
reserved 0.007042253521126761 0.06187540371808745 4.3574227970484124E-4
