Deprecated 0.017921146953405017 0.06187540371808745 0.0011088782028331084
List 0.0035842293906810036 0.653926467406664 0.0023438224638231684
jsoup 0.07168458781362007 0.0 0.0
Java 0.0035842293906810036 0.010050335853501506 3.602270915233515E-5
HTML 0.0035842293906810036 0.0 0.0
Parser 0.025089605734767026 0.0 0.0
API 0.007168458781362007 0.0 0.0
Skip 0.007168458781362007 0.06187540371808745 4.435512811332434E-4
navigation 0.007168458781362007 0.06187540371808745 4.435512811332434E-4
links 0.007168458781362007 0.0408219945202552 2.926307850914351E-4
Overview 0.007168458781362007 0.06187540371808745 4.435512811332434E-4
Package 0.007168458781362007 0.06187540371808745 4.435512811332434E-4
Class 0.02867383512544803 0.06187540371808745 0.0017742051245329736
Use 0.007168458781362007 0.010050335853501506 7.20454183046703E-5
Tree 0.007168458781362007 0.0408219945202552 2.926307850914351E-4
Index 0.007168458781362007 0.06187540371808745 4.435512811332434E-4
Help 0.007168458781362007 0.05129329438755048 3.676938665774228E-4
Contents 0.0035842293906810036 1.1394342831883648 0.004083993846553279
Classes 0.02867383512544803 0.06187540371808745 0.0017742051245329736
Methods 0.007168458781362007 0.24846135929849972 0.0017810850128924711
Constructors 0.010752688172043012 0.6733445532637655 0.007240264013588877
Description 0.010752688172043012 0.24846135929849972 0.002671627519338707
org 0.04659498207885305 0.05129329438755048 0.002390010132753248
safety 0.007168458781362007 0.9162907318741551 0.006568392343183908
Whitelist 0.021505376344086023 1.1086626245216111 0.02384220697895938
As 0.025089605734767026 0.32850406697203605 0.008242037522595887
of 0.035842293906810034 0.1165338162559516 0.004176839292328014
release 0.007168458781362007 1.6607312068216509 0.011904883203022586
v 0.007168458781362007 1.3470736479666094 0.009656441920907595
this 0.014336917562724014 0.3424903089467759 0.004910255325401805
class 0.02867383512544803 0.06187540371808745 0.0017742051245329736
is 0.043010752688172046 0.18632957819149354 0.008014175406085745
deprecated 0.017921146953405017 0.06187540371808745 0.0011088782028331084
in 0.043010752688172046 0.1508228897345837 0.006487006010089622
favour 0.0035842293906810036 2.302585092994046 0.008252993164853211
Safelist 0.007168458781362007 0.9162907318741551 0.006568392343183908
The 0.014336917562724014 0.10536051565782635 0.0015105450273523492
name 0.007168458781362007 0.6931471805599453 0.004968796993261256
has 0.0035842293906810036 0.7550225842780328 0.00270617413719725
been 0.043010752688172046 0.18632957819149354 0.008014175406085745
changed 0.010752688172043012 0.7765287894989963 0.008349771930096735
with 0.0035842293906810036 0.23572233352106994 8.448829158461288E-4
the 0.014336917562724014 0.10536051565782635 0.0015105450273523492
intent 0.0035842293906810036 2.8134107167600364 0.01008390937906823
promoting 0.0035842293906810036 2.8134107167600364 0.01008390937906823
more 0.0035842293906810036 0.7339691750802005 0.002630713889176346
inclusive 0.007168458781362007 2.302585092994046 0.016505986329706422
language 0.007168458781362007 1.7719568419318754 0.012702199583741042
a 0.010752688172043012 0.16251892949777494 0.0017475153709438167
drop 0.0035842293906810036 1.8971199848858813 0.006799713207476277
replacement 0.0035842293906810036 2.302585092994046 0.008252993164853211
and 0.03942652329749104 0.09431067947124142 0.003718342201375109
no 0.0035842293906810036 0.5798184952529422 0.0020782024919460294
further 0.0035842293906810036 0.9416085398584451 0.003374941003076864
changes 0.010752688172043012 0.7765287894989963 0.008349771930096735
other 0.0035842293906810036 0.8915981192837835 0.0031956921838128443
than 0.0035842293906810036 1.3862943611198906 0.004968796993261256
updating 0.0035842293906810036 2.5257286443082556 0.009052790839814535
your 0.0035842293906810036 1.5141277326297755 0.00542698112053683
code 0.007168458781362007 0.5108256237659907 0.003661832428430041
are 0.043010752688172046 0.18632957819149354 0.008014175406085745
required 0.0035842293906810036 1.3093333199837622 0.004692950967683736
to 0.007168458781362007 0.17435338714477774 0.0012498450691381918
cleanly 0.0035842293906810036 2.8134107167600364 0.01008390937906823
migrate 0.0035842293906810036 2.407945608651872 0.008630629421691297
This 0.014336917562724014 0.3424903089467759 0.004910255325401805
will 0.02867383512544803 0.5447271754416719 0.015619417216965503
be 0.043010752688172046 0.18632957819149354 0.008014175406085745
removed 0.02867383512544803 1.2378743560016172 0.03549460519001053
Until 0.0035842293906810036 1.7719568419318754 0.006351099791870521
that 0.0035842293906810036 0.22314355131420976 7.997976749613253E-4
acts 0.0035842293906810036 2.5257286443082556 0.009052790839814535
as 0.025089605734767026 0.32850406697203605 0.008242037522595887
shim 0.0035842293906810036 2.8134107167600364 0.01008390937906823
maintain 0.0035842293906810036 2.0402208285265546 0.007312619457084425
compatibility 0.0035842293906810036 1.6607312068216509 0.005952441601511293
source 0.0035842293906810036 1.07880966137193 0.0038667012952398926
binary 0.0035842293906810036 2.120263536200091 0.0075995108824376024
For 0.0035842293906810036 0.083381608939051 2.988588134016165E-4
clear 0.0035842293906810036 2.120263536200091 0.0075995108824376024
rationale 0.0035842293906810036 2.8134107167600364 0.01008390937906823
removal 0.0035842293906810036 2.8134107167600364 0.01008390937906823
change 0.010752688172043012 0.7765287894989963 0.008349771930096735
please 0.0035842293906810036 1.8971199848858813 0.006799713207476277
see 0.0035842293906810036 0.3566749439387324 0.001278404816984704
Terminology 0.0035842293906810036 2.8134107167600364 0.01008390937906823
Power 0.0035842293906810036 2.5257286443082556 0.009052790839814535
Inclusive 0.007168458781362007 2.302585092994046 0.016505986329706422
Language 0.007168458781362007 1.7719568419318754 0.012702199583741042
Internet 0.0035842293906810036 2.120263536200091 0.0075995108824376024
Drafts 0.0035842293906810036 2.8134107167600364 0.01008390937906823
RFCs 0.0035842293906810036 2.8134107167600364 0.01008390937906823
Method 0.0035842293906810036 0.32850406697203605 0.0011774339317994125
Jsoup 0.07168458781362007 0.0 0.0
clean 0.010752688172043012 1.4271163556401458 0.015345337157420924
String 0.03225806451612903 0.4155154439616658 0.013403723998763412
Document 0.0035842293906810036 0.40047756659712536 0.0014354034645058255
OutputSettings 0.0035842293906810036 1.1394342831883648 0.004083993846553279
isValid 0.0035842293906810036 1.7719568419318754 0.006351099791870521
nodes 0.0035842293906810036 0.7550225842780328 0.00270617413719725
DataNode 0.0035842293906810036 2.120263536200091 0.0075995108824376024
createFromEncoded 0.0035842293906810036 2.0402208285265546 0.007312619457084425
Unused 0.025089605734767026 3.2188758248682006 0.08076032535511615
parser 0.025089605734767026 0.0 0.0
TokenQueue 0.021505376344086023 2.8134107167600364 0.06050345627440939
addFirst 0.0035842293906810036 2.8134107167600364 0.01008390937906823
Character 0.0035842293906810036 1.3093333199837622 0.004692950967683736
unused 0.025089605734767026 3.2188758248682006 0.08076032535511615
x 0.021505376344086023 1.5606477482646683 0.03356231716698212
consumeAttributeKey 0.0035842293906810036 3.2188758248682006 0.011537189336445163
consumeTagName 0.0035842293906810036 3.2188758248682006 0.011537189336445163
matchesCS 0.0035842293906810036 3.2188758248682006 0.011537189336445163
matchesStartTag 0.0035842293906810036 3.2188758248682006 0.011537189336445163
peek 0.0035842293906810036 3.2188758248682006 0.011537189336445163
Constructor 0.010752688172043012 0.6733445532637655 0.007240264013588877
Cleaner 0.0035842293906810036 0.9162907318741551 0.003284196171591954
Copyright 0.0035842293906810036 0.06187540371808745 2.217756405666217E-4
Jonathan 0.0035842293906810036 0.0 0.0
Hedley 0.0035842293906810036 0.0 0.0
All 0.0035842293906810036 0.05129329438755048 1.838469332887114E-4
rights 0.0035842293906810036 0.06187540371808745 2.217756405666217E-4
reserved 0.0035842293906810036 0.06187540371808745 2.217756405666217E-4
0.00819672131147541 0.32850406697203605 0.0026926562866560334
Description 0.00819672131147541 0.24846135929849972 0.0020365685188401617
org 0.00819672131147541 0.05129329438755048 4.2043683924221706E-4
jsoup 0.01639344262295082 0.0 0.0
Jsoup 0.01639344262295082 0.0 0.0
clean 0.00819672131147541 1.4271163556401458 0.011697675046230704
String 0.00819672131147541 0.4155154439616658 0.0034058642947677525
String 0.00819672131147541 0.4155154439616658 0.0034058642947677525
Whitelist 0.00819672131147541 1.1086626245216111 0.00908739856165255
as 0.01639344262295082 0.32850406697203605 0.005385312573312067
of 0.00819672131147541 0.1165338162559516 9.551952152127181E-4
org 0.00819672131147541 0.05129329438755048 4.2043683924221706E-4
jsoup 0.01639344262295082 0.0 0.0
Jsoup 0.01639344262295082 0.0 0.0
clean 0.00819672131147541 1.4271163556401458 0.011697675046230704
String 0.00819672131147541 0.4155154439616658 0.0034058642947677525
String 0.00819672131147541 0.4155154439616658 0.0034058642947677525
Whitelist 0.00819672131147541 1.1086626245216111 0.00908739856165255
Document 0.00819672131147541 0.40047756659712536 0.0032826030048944705
OutputSettings 0.00819672131147541 1.1394342831883648 0.009339625272035778
as 0.01639344262295082 0.32850406697203605 0.005385312573312067
of 0.00819672131147541 0.1165338162559516 9.551952152127181E-4
org 0.00819672131147541 0.05129329438755048 4.2043683924221706E-4
jsoup 0.01639344262295082 0.0 0.0
Jsoup 0.01639344262295082 0.0 0.0
clean 0.00819672131147541 1.4271163556401458 0.011697675046230704
String 0.00819672131147541 0.4155154439616658 0.0034058642947677525
Whitelist 0.00819672131147541 1.1086626245216111 0.00908739856165255
as 0.01639344262295082 0.32850406697203605 0.005385312573312067
of 0.00819672131147541 0.1165338162559516 9.551952152127181E-4
org 0.00819672131147541 0.05129329438755048 4.2043683924221706E-4
jsoup 0.01639344262295082 0.0 0.0
Jsoup 0.01639344262295082 0.0 0.0
isValid 0.00819672131147541 1.7719568419318754 0.014524236409277668
String 0.00819672131147541 0.4155154439616658 0.0034058642947677525
Whitelist 0.00819672131147541 1.1086626245216111 0.00908739856165255
as 0.01639344262295082 0.32850406697203605 0.005385312573312067
of 0.00819672131147541 0.1165338162559516 9.551952152127181E-4
org 0.00819672131147541 0.05129329438755048 4.2043683924221706E-4
jsoup 0.01639344262295082 0.0 0.0
nodes 0.00819672131147541 0.7550225842780328 0.006188709707196991
DataNode 0.00819672131147541 2.120263536200091 0.017379209313115502
createFromEncoded 0.00819672131147541 2.0402208285265546 0.01672312154529963
String 0.00819672131147541 0.4155154439616658 0.0034058642947677525
String 0.00819672131147541 0.4155154439616658 0.0034058642947677525
Unused 0.01639344262295082 3.2188758248682006 0.05276845614538034
and 0.00819672131147541 0.09431067947124142 7.73038356321651E-4
will 0.00819672131147541 0.5447271754416719 0.004464976847882557
be 0.03278688524590164 0.18632957819149354 0.006109166498081756
removed 0.00819672131147541 1.2378743560016172 0.010146511114767354
in 0.00819672131147541 0.1508228897345837 0.001236253194545768
org 0.00819672131147541 0.05129329438755048 4.2043683924221706E-4
jsoup 0.01639344262295082 0.0 0.0
parser 0.01639344262295082 0.0 0.0
TokenQueue 0.00819672131147541 2.8134107167600364 0.0230607435800003
addFirst 0.00819672131147541 2.8134107167600364 0.0230607435800003
Character 0.00819672131147541 1.3093333199837622 0.010732240327735756
unused 0.01639344262295082 3.2188758248682006 0.05276845614538034
and 0.00819672131147541 0.09431067947124142 7.73038356321651E-4
will 0.00819672131147541 0.5447271754416719 0.004464976847882557
be 0.03278688524590164 0.18632957819149354 0.006109166498081756
removed 0.00819672131147541 1.2378743560016172 0.010146511114767354
in 0.00819672131147541 0.1508228897345837 0.001236253194545768
x 0.00819672131147541 1.5606477482646683 0.012792194657907117
org 0.00819672131147541 0.05129329438755048 4.2043683924221706E-4
jsoup 0.01639344262295082 0.0 0.0
parser 0.01639344262295082 0.0 0.0
TokenQueue 0.00819672131147541 2.8134107167600364 0.0230607435800003
consumeAttributeKey 0.00819672131147541 3.2188758248682006 0.02638422807269017
unused 0.01639344262295082 3.2188758248682006 0.05276845614538034
and 0.00819672131147541 0.09431067947124142 7.73038356321651E-4
will 0.00819672131147541 0.5447271754416719 0.004464976847882557
be 0.03278688524590164 0.18632957819149354 0.006109166498081756
removed 0.00819672131147541 1.2378743560016172 0.010146511114767354
in 0.00819672131147541 0.1508228897345837 0.001236253194545768
x 0.00819672131147541 1.5606477482646683 0.012792194657907117
org 0.00819672131147541 0.05129329438755048 4.2043683924221706E-4
jsoup 0.01639344262295082 0.0 0.0
parser 0.01639344262295082 0.0 0.0
TokenQueue 0.00819672131147541 2.8134107167600364 0.0230607435800003
consumeTagName 0.00819672131147541 3.2188758248682006 0.02638422807269017
unused 0.01639344262295082 3.2188758248682006 0.05276845614538034
and 0.00819672131147541 0.09431067947124142 7.73038356321651E-4
will 0.00819672131147541 0.5447271754416719 0.004464976847882557
be 0.03278688524590164 0.18632957819149354 0.006109166498081756
removed 0.00819672131147541 1.2378743560016172 0.010146511114767354
in 0.00819672131147541 0.1508228897345837 0.001236253194545768
x 0.00819672131147541 1.5606477482646683 0.012792194657907117
org 0.00819672131147541 0.05129329438755048 4.2043683924221706E-4
jsoup 0.01639344262295082 0.0 0.0
parser 0.01639344262295082 0.0 0.0
TokenQueue 0.00819672131147541 2.8134107167600364 0.0230607435800003
matchesCS 0.00819672131147541 3.2188758248682006 0.02638422807269017
String 0.00819672131147541 0.4155154439616658 0.0034058642947677525
unused 0.01639344262295082 3.2188758248682006 0.05276845614538034
and 0.00819672131147541 0.09431067947124142 7.73038356321651E-4
will 0.00819672131147541 0.5447271754416719 0.004464976847882557
be 0.03278688524590164 0.18632957819149354 0.006109166498081756
removed 0.00819672131147541 1.2378743560016172 0.010146511114767354
in 0.00819672131147541 0.1508228897345837 0.001236253194545768
x 0.00819672131147541 1.5606477482646683 0.012792194657907117
org 0.00819672131147541 0.05129329438755048 4.2043683924221706E-4
jsoup 0.01639344262295082 0.0 0.0
parser 0.01639344262295082 0.0 0.0
TokenQueue 0.00819672131147541 2.8134107167600364 0.0230607435800003
matchesStartTag 0.00819672131147541 3.2188758248682006 0.02638422807269017
unused 0.01639344262295082 3.2188758248682006 0.05276845614538034
and 0.00819672131147541 0.09431067947124142 7.73038356321651E-4
will 0.00819672131147541 0.5447271754416719 0.004464976847882557
be 0.03278688524590164 0.18632957819149354 0.006109166498081756
removed 0.00819672131147541 1.2378743560016172 0.010146511114767354
in 0.00819672131147541 0.1508228897345837 0.001236253194545768
x 0.00819672131147541 1.5606477482646683 0.012792194657907117
org 0.00819672131147541 0.05129329438755048 4.2043683924221706E-4
jsoup 0.01639344262295082 0.0 0.0
parser 0.01639344262295082 0.0 0.0
TokenQueue 0.00819672131147541 2.8134107167600364 0.0230607435800003
peek 0.00819672131147541 3.2188758248682006 0.02638422807269017
unused 0.01639344262295082 3.2188758248682006 0.05276845614538034
and 0.00819672131147541 0.09431067947124142 7.73038356321651E-4
will 0.00819672131147541 0.5447271754416719 0.004464976847882557
be 0.03278688524590164 0.18632957819149354 0.006109166498081756
removed 0.00819672131147541 1.2378743560016172 0.010146511114767354
in 0.00819672131147541 0.1508228897345837 0.001236253194545768
x 0.00819672131147541 1.5606477482646683 0.012792194657907117
Constructors 0.01639344262295082 0.6733445532637655 0.011038435299405992
Constructor 0.01639344262295082 0.6733445532637655 0.011038435299405992
Description 0.00819672131147541 0.24846135929849972 0.0020365685188401617
org 0.00819672131147541 0.05129329438755048 4.2043683924221706E-4
jsoup 0.01639344262295082 0.0 0.0
safety 0.00819672131147541 0.9162907318741551 0.007510579769460288
Cleaner 0.00819672131147541 0.9162907318741551 0.007510579769460288
Whitelist 0.00819672131147541 1.1086626245216111 0.00908739856165255
as 0.01639344262295082 0.32850406697203605 0.005385312573312067
of 0.00819672131147541 0.1165338162559516 9.551952152127181E-4
Skip 0.00819672131147541 0.06187540371808745 5.071754403121923E-4
navigation 0.00819672131147541 0.06187540371808745 5.071754403121923E-4
links 0.00819672131147541 0.0408219945202552 3.346065124611082E-4
jsoup 0.01639344262295082 0.0 0.0
Overview 0.00819672131147541 0.06187540371808745 5.071754403121923E-4
Package 0.00819672131147541 0.06187540371808745 5.071754403121923E-4
Class 0.02459016393442623 0.06187540371808745 0.0015215263209365766
Use 0.00819672131147541 0.010050335853501506 8.23798020778812E-5
Tree 0.00819672131147541 0.0408219945202552 3.346065124611082E-4
Deprecated 0.01639344262295082 0.06187540371808745 0.0010143508806243846
Index 0.00819672131147541 0.06187540371808745 5.071754403121923E-4
Help 0.00819672131147541 0.05129329438755048 4.2043683924221706E-4
Copyright 0.00819672131147541 0.06187540371808745 5.071754403121923E-4
Jonathan 0.00819672131147541 0.0 0.0
Hedley 0.00819672131147541 0.0 0.0
All 0.00819672131147541 0.05129329438755048 4.2043683924221706E-4
rights 0.00819672131147541 0.06187540371808745 5.071754403121923E-4
reserved 0.00819672131147541 0.06187540371808745 5.071754403121923E-4
