API 0.020527859237536656 0.0 0.0
Help 0.005865102639296188 0.05129329438755048 3.008404362906187E-4
jsoup 0.004398826979472141 0.0 0.0
Java 0.008797653958944282 0.010050335853501506 8.841937701027719E-5
HTML 0.001466275659824047 0.0 0.0
Parser 0.001466275659824047 0.0 0.0
Skip 0.002932551319648094 0.06187540371808745 1.8145279682723595E-4
navigation 0.007331378299120235 0.06187540371808745 4.5363199206808986E-4
links 0.005865102639296188 0.0408219945202552 2.394251878020833E-4
Overview 0.007331378299120235 0.06187540371808745 4.5363199206808986E-4
Package 0.01466275659824047 0.06187540371808745 9.072639841361797E-4
Class 0.04105571847507331 0.06187540371808745 0.002540339155581303
Use 0.016129032258064516 0.010050335853501506 1.6210219118550817E-4
Tree 0.007331378299120235 0.0408219945202552 2.9928148475260414E-4
Deprecated 0.010263929618768328 0.06187540371808745 6.350847888953258E-4
Index 0.007331378299120235 0.06187540371808745 4.5363199206808986E-4
How 0.001466275659824047 1.2039728043259361 0.00176535601807322
This 0.01466275659824047 0.3424903089467759 0.005021852037342755
Document 0.005865102639296188 0.40047756659712536 0.002348842032827715
Is 0.017595307917888565 0.18632957819149354 0.0032785263024896227
Organized 0.002932551319648094 3.912023005428146 0.011472208227062011
Application 0.001466275659824047 1.3093333199837622 0.001919843577688801
Programming 0.001466275659824047 2.8134107167600364 0.004125235655073367
Interface 0.02346041055718475 0.616186139423817 0.014455979810529429
document 0.005865102639296188 0.40047756659712536 0.002348842032827715
has 0.013196480938416423 0.6931471805599453 0.009147103555776404
pages 0.02932551319648094 0.843970070294529 0.024749855433857156
corresponding 0.001466275659824047 1.9661128563728327 0.002882863425766617
to 0.011730205278592375 0.17435338714477774 0.002045201022226132
the 0.04838709677419355 0.10536051565782635 0.005098089467314178
items 0.001466275659824047 2.659260036932778 0.0038992082652973283
in 0.011730205278592375 0.1508228897345837 0.0017691834572971694
bar 0.004398826979472141 2.407945608651872 0.01059213610843932
described 0.002932551319648094 2.302585092994046 0.006752448953061718
as 0.005865102639296188 0.32850406697203605 0.0019267100702172202
follows 0.001466275659824047 3.912023005428146 0.0057361041135310055
The 0.04838709677419355 0.10536051565782635 0.005098089467314178
page 0.02932551319648094 0.843970070294529 0.024749855433857156
is 0.017595307917888565 0.18632957819149354 0.0032785263024896227
front 0.001466275659824047 2.8134107167600364 0.004125235655073367
of 0.030791788856304986 0.1165338162559516 0.0035882846647727036
this 0.01466275659824047 0.3424903089467759 0.005021852037342755
and 0.02346041055718475 0.09431067947124142 0.0022125672603223795
provides 0.001466275659824047 0.843970070294529 0.0012374927716928578
a 0.03372434017595308 0.16251892949777494 0.005480843663414697
list 0.010263929618768328 0.5798184952529422 0.0059512162269363565
all 0.016129032258064516 0.05129329438755048 8.273111997992013E-4
packages 0.024926686217008796 0.06187540371808745 0.0015423487730315054
with 0.008797653958944282 0.23572233352106994 0.0020738035207132255
summary 0.017595307917888565 0.6931471805599453 0.01219613807436854
for 0.01466275659824047 0.083381608939051 0.0012226042366429767
each 0.016129032258064516 1.5606477482646683 0.025171737875236584
can 0.005865102639296188 0.7339691750802005 0.00430480454592493
also 0.002932551319648094 0.5108256237659907 0.0014980223570850168
contain 0.007331378299120235 0.43078291609245434 0.003158232522671953
an 0.03372434017595308 0.16251892949777494 0.005480843663414697
overall 0.001466275659824047 2.8134107167600364 0.004125235655073367
description 0.01466275659824047 0.18632957819149354 0.0027321052520746856
set 0.001466275659824047 0.4620354595965586 6.774713483820508E-4
Each 0.016129032258064516 1.5606477482646683 0.025171737875236584
package 0.024926686217008796 0.06187540371808745 0.0015423487730315054
that 0.005865102639296188 0.22314355131420976 0.001308759831754896
contains 0.007331378299120235 0.43078291609245434 0.003158232522671953
its 0.010263929618768328 0.8675005677047231 0.008903964771162846
classes 0.04105571847507331 0.06187540371808745 0.002540339155581303
interfaces 0.02346041055718475 0.616186139423817 0.014455979810529429
These 0.002932551319648094 1.5141277326297755 0.004440257280439224
may 0.002932551319648094 1.07880966137193 0.0031636646961053666
six 0.001466275659824047 3.912023005428146 0.0057361041135310055
categories 0.001466275659824047 3.2188758248682006 0.004719759274000294
Interfaces 0.02346041055718475 0.616186139423817 0.014455979810529429
Classes 0.04105571847507331 0.06187540371808745 0.002540339155581303
Enums 0.010263929618768328 1.5141277326297755 0.015540900481537284
Exceptions 0.001466275659824047 2.0402208285265546 0.0029915261415345376
Errors 0.001466275659824047 2.0402208285265546 0.0029915261415345376
Annotation 0.007331378299120235 1.8971199848858813 0.013908504288019659
Types 0.010263929618768328 0.40047756659712536 0.0041104735574485005
or 0.013196480938416423 0.2613647641344075 0.003449095127873413
class 0.04105571847507331 0.06187540371808745 0.002540339155581303
interface 0.02346041055718475 0.616186139423817 0.014455979810529429
nested 0.004398826979472141 2.0402208285265546 0.008974578424603613
own 0.005865102639296188 2.0402208285265546 0.01196610456613815
separate 0.004398826979472141 3.506557897319982 0.015424741483812237
these 0.002932551319648094 1.5141277326297755 0.004440257280439224
three 0.001466275659824047 2.407945608651872 0.0035307120361464397
sections 0.005865102639296188 1.7719568419318754 0.01039270875033358
consisting 0.001466275659824047 3.912023005428146 0.0057361041135310055
tables 0.001466275659824047 2.207274913189721 0.0032364734797503242
detailed 0.002932551319648094 1.0498221244986776 0.0030786572565943623
member 0.001466275659824047 2.659260036932778 0.0038992082652973283
descriptions 0.01466275659824047 0.18632957819149354 0.0027321052520746856
Inheritance 0.002932551319648094 3.2188758248682006 0.009439518548000589
Diagram 0.001466275659824047 3.912023005428146 0.0057361041135310055
Direct 0.001466275659824047 2.302585092994046 0.003376224476530859
Subclasses 0.002932551319648094 2.659260036932778 0.007798416530594657
All 0.016129032258064516 0.05129329438755048 8.273111997992013E-4
Known 0.002932551319648094 2.120263536200091 0.006217781631085311
Subinterfaces 0.001466275659824047 3.2188758248682006 0.004719759274000294
Implementing 0.002932551319648094 1.7147984280919266 0.005028734393231456
Declaration 0.004398826979472141 2.302585092994046 0.010128673429592578
Description 0.01466275659824047 0.18632957819149354 0.0027321052520746856
Nested 0.004398826979472141 2.0402208285265546 0.008974578424603613
Summary 0.017595307917888565 0.6931471805599453 0.01219613807436854
Field 0.01466275659824047 0.9162907318741551 0.013435347974694357
Property 0.002932551319648094 1.8325814637483102 0.005374139189877743
Constructor 0.002932551319648094 0.6733445532637655 0.001974617458251512
Method 0.002932551319648094 0.32850406697203605 9.633550351086101E-4
Details 0.008797653958944282 0.7550225842780328 0.006642427427665978
entries 0.001466275659824047 2.407945608651872 0.0035307120361464397
are 0.017595307917888565 0.18632957819149354 0.0032785263024896227
alphabetical 0.001466275659824047 3.912023005428146 0.0057361041135310055
while 0.002932551319648094 1.9661128563728327 0.005765726851533234
order 0.001466275659824047 1.2378743560016172 0.0018150650381255384
they 0.002932551319648094 1.0216512475319812 0.002996044714170033
appear 0.001466275659824047 3.912023005428146 0.0057361041135310055
source 0.001466275659824047 1.07880966137193 0.0015818323480526833
code 0.001466275659824047 0.5108256237659907 7.490111785425084E-4
preserves 0.001466275659824047 3.2188758248682006 0.004719759274000294
logical 0.001466275659824047 2.659260036932778 0.0038992082652973283
groupings 0.001466275659824047 2.995732273553991 0.00439256931606157
established 0.001466275659824047 3.2188758248682006 0.004719759274000294
by 0.007331378299120235 0.27443684570176036 0.002012000335056894
programmer 0.001466275659824047 2.995732273553991 0.00439256931606157
Type 0.010263929618768328 0.40047756659712536 0.0041104735574485005
annotation 0.007331378299120235 1.8971199848858813 0.013908504288019659
type 0.010263929618768328 0.40047756659712536 0.0041104735574485005
following 0.002932551319648094 1.7147984280919266 0.005028734393231456
Required 0.001466275659824047 1.3093333199837622 0.001919843577688801
Element 0.004398826979472141 0.7339691750802005 0.0032286034094436977
Optional 0.001466275659824047 2.120263536200091 0.0031088908155426555
Enum 0.008797653958944282 1.5141277326297755 0.013320771841317674
enum 0.010263929618768328 1.5141277326297755 0.015540900481537284
Constant 0.005865102639296188 1.4271163556401458 0.008370183904047776
documented 0.005865102639296188 0.40047756659712536 0.002348842032827715
describes 0.002932551319648094 2.302585092994046 0.006752448953061718
what 0.001466275659824047 1.5141277326297755 0.002220128640219612
methods 0.008797653958944282 0.24846135929849972 0.0021858770612771237
constructors 0.004398826979472141 0.8915981192837835 0.003921985861952127
fields 0.01466275659824047 0.9162907318741551 0.013435347974694357
use 0.016129032258064516 0.010050335853501506 1.6210219118550817E-4
any 0.002932551319648094 0.5978370007556204 0.0017531876855003531
part 0.001466275659824047 1.7147984280919266 0.002514367196615728
given 0.004398826979472141 2.120263536200091 0.009326672446627967
Given 0.004398826979472141 2.120263536200091 0.009326672446627967
A 0.03372434017595308 0.16251892949777494 0.005480843663414697
includes 0.001466275659824047 2.659260036932778 0.0038992082652973283
subclasses 0.002932551319648094 2.659260036932778 0.007798416530594657
declared 0.001466275659824047 3.2188758248682006 0.004719759274000294
return 0.001466275659824047 1.3470736479666094 0.0019751813020038264
parameters 0.001466275659824047 0.5978370007556204 8.765938427501766E-4
You 0.004398826979472141 0.9162907318741551 0.004030604392408307
access 0.001466275659824047 0.8675005677047231 0.0012719949673089782
first 0.001466275659824047 1.6094379124341003 0.002359879637000147
going 0.002932551319648094 2.8134107167600364 0.008250471310146733
then 0.001466275659824047 1.2378743560016172 0.0018150650381255384
clicking 0.005865102639296188 2.995732273553991 0.01757027726424628
on 0.004398826979472141 0.5447271754416719 0.002396160595784481
link 0.005865102639296188 0.0408219945202552 2.394251878020833E-4
Hierarchy 0.008797653958944282 1.5606477482646683 0.013730038841038138
There 0.002932551319648094 1.2729656758128876 0.003733037172471811
plus 0.001466275659824047 2.995732273553991 0.00439256931606157
hierarchy 0.008797653958944282 1.5606477482646683 0.013730038841038138
organized 0.002932551319648094 3.912023005428146 0.011472208227062011
inheritance 0.002932551319648094 3.2188758248682006 0.009439518548000589
structure 0.001466275659824047 1.4696759700589417 0.002154950102725721
starting 0.001466275659824047 1.7147984280919266 0.002514367196615728
java 0.008797653958944282 0.010050335853501506 8.841937701027719E-5
lang 0.004398826979472141 0.653926467406664 0.0028765093874193438
Object 0.005865102639296188 0.43078291609245434 0.002526586018137562
do 0.001466275659824047 0.9162907318741551 0.0013435347974694357
not 0.002932551319648094 0.3424903089467759 0.001004370407468551
inherit 0.001466275659824047 3.912023005428146 0.0057361041135310055
from 0.001466275659824047 0.38566248081198473 5.654875085219718E-4
When 0.002932551319648094 0.843970070294529 0.0024749855433857156
viewing 0.002932551319648094 3.912023005428146 0.011472208227062011
displays 0.002932551319648094 2.995732273553991 0.00878513863212314
particular 0.001466275659824047 2.0402208285265546 0.0029915261415345376
only 0.001466275659824047 0.843970070294529 0.0012374927716928578
lists 0.010263929618768328 0.5798184952529422 0.0059512162269363565
have 0.013196480938416423 0.6931471805599453 0.009147103555776404
been 0.017595307917888565 0.18632957819149354 0.0032785263024896227
deprecated 0.010263929618768328 0.06187540371808745 6.350847888953258E-4
recommended 0.001466275659824047 2.5257286443082556 0.003703414434469583
generally 0.001466275659824047 1.3470736479666094 0.0019751813020038264
due 0.001466275659824047 2.659260036932778 0.0038992082652973283
shortcomings 0.001466275659824047 3.912023005428146 0.0057361041135310055
replacement 0.001466275659824047 2.302585092994046 0.003376224476530859
usually 0.001466275659824047 2.8134107167600364 0.004125235655073367
APIs 0.020527859237536656 0.0 0.0
be 0.017595307917888565 0.18632957819149354 0.0032785263024896227
removed 0.001466275659824047 1.2378743560016172 0.0018150650381255384
future 0.001466275659824047 1.8325814637483102 0.0026870695949388714
implementations 0.001466275659824047 1.8971199848858813 0.0027817008576039317
alphabetic 0.001466275659824047 3.2188758248682006 0.004719759274000294
index 0.007331378299120235 0.06187540371808745 4.5363199206808986E-4
well 0.001466275659824047 1.7719568419318754 0.002598177187583395
Serialized 0.004398826979472141 2.302585092994046 0.010128673429592578
Form 0.002932551319648094 0.9675840262617057 0.002837489813084181
serializable 0.001466275659824047 1.4271163556401458 0.002092545976011944
externalizable 0.001466275659824047 2.995732273553991 0.00439256931606157
serialization 0.001466275659824047 1.7719568419318754 0.002598177187583395
information 0.002932551319648094 1.3470736479666094 0.003950362604007653
interest 0.001466275659824047 2.995732273553991 0.00439256931606157
those 0.001466275659824047 1.6607312068216509 0.0024350897460728017
who 0.001466275659824047 2.302585092994046 0.003376224476530859
implement 0.002932551319648094 1.7147984280919266 0.005028734393231456
rather 0.001466275659824047 2.120263536200091 0.0031088908155426555
than 0.001466275659824047 1.3862943611198906 0.0020326896790614233
While 0.002932551319648094 1.9661128563728327 0.005765726851533234
there 0.002932551319648094 1.2729656758128876 0.003733037172471811
no 0.001466275659824047 0.5798184952529422 8.501737467051937E-4
you 0.004398826979472141 0.9162907318741551 0.004030604392408307
get 0.001466275659824047 0.6733445532637655 9.87308729125756E-4
serialized 0.004398826979472141 2.302585092994046 0.010128673429592578
See 0.001466275659824047 0.3566749439387324 5.229837887664698E-4
Also 0.002932551319648094 0.5108256237659907 0.0014980223570850168
section 0.005865102639296188 1.7719568419318754 0.01039270875033358
Values 0.004398826979472141 1.0216512475319812 0.00449406707125505
static 0.001466275659824047 0.5621189181535412 8.24221287615163E-4
final 0.001466275659824047 1.3093333199837622 0.001919843577688801
their 0.002932551319648094 1.0216512475319812 0.002996044714170033
values 0.004398826979472141 1.0216512475319812 0.00449406707125505
Search 0.005865102639296188 2.659260036932778 0.015596833061189313
search 0.005865102639296188 2.659260036932778 0.015596833061189313
definitions 0.001466275659824047 0.7765287894989963 0.0011386052631950092
modules 0.001466275659824047 3.2188758248682006 0.004719759274000294
types 0.010263929618768328 0.40047756659712536 0.0041104735574485005
system 0.001466275659824047 1.2378743560016172 0.0018150650381255384
properties 0.001466275659824047 1.7719568419318754 0.002598177187583395
other 0.001466275659824047 0.8915981192837835 0.001307328620650709
terms 0.001466275659824047 1.0216512475319812 0.0014980223570850164
defined 0.001466275659824047 1.1394342831883648 0.0016707247554081596
using 0.016129032258064516 0.010050335853501506 1.6210219118550817E-4
some 0.001466275659824047 2.0402208285265546 0.0029915261415345376
name 0.001466275659824047 0.6931471805599453 0.0010163448395307116
optionally 0.001466275659824047 2.659260036932778 0.0038992082652973283
camel 0.001466275659824047 3.912023005428146 0.0057361041135310055
case 0.001466275659824047 1.3470736479666094 0.0019751813020038264
abbreviations 0.001466275659824047 3.912023005428146 0.0057361041135310055
For 0.01466275659824047 0.083381608939051 0.0012226042366429767
example 0.001466275659824047 1.0498221244986776 0.0015393286282971812
j 0.001466275659824047 2.120263536200091 0.0031088908155426555
l 0.001466275659824047 2.659260036932778 0.0038992082652973283
obj 0.001466275659824047 2.995732273553991 0.00439256931606157
will 0.004398826979472141 0.5447271754416719 0.002396160595784481
match 0.004398826979472141 2.120263536200091 0.009326672446627967
InpStr 0.001466275659824047 3.912023005428146 0.0057361041135310055
io 0.001466275659824047 1.5606477482646683 0.0022883398068396896
InputStream 0.001466275659824047 1.5141277326297755 0.002220128640219612
HM 0.001466275659824047 3.912023005428146 0.0057361041135310055
cK 0.001466275659824047 3.912023005428146 0.0057361041135310055
util 0.001466275659824047 1.2729656758128876 0.0018665185862359055
HashMap 0.001466275659824047 2.995732273553991 0.00439256931606157
containsKey 0.001466275659824047 3.912023005428146 0.0057361041135310055
Refer 0.001466275659824047 2.659260036932778 0.0038992082652973283
Javadoc 0.001466275659824047 3.506557897319982 0.005141580494604079
Specification 0.001466275659824047 1.6607312068216509 0.0024350897460728017
full 0.001466275659824047 1.3862943611198906 0.0020326896790614233
features 0.001466275659824047 2.120263536200091 0.0031088908155426555
help 0.005865102639296188 0.05129329438755048 3.008404362906187E-4
file 0.001466275659824047 0.8915981192837835 0.001307328620650709
applies 0.001466275659824047 2.659260036932778 0.0038992082652973283
documentation 0.001466275659824047 0.9416085398584451 0.0013806576830768988
generated 0.001466275659824047 1.7719568419318754 0.002598177187583395
standard 0.001466275659824047 1.1394342831883648 0.0016707247554081596
doclet 0.001466275659824047 3.912023005428146 0.0057361041135310055
Copyright 0.001466275659824047 0.06187540371808745 9.072639841361797E-5
Jonathan 0.001466275659824047 0.0 0.0
Hedley 0.001466275659824047 0.0 0.0
rights 0.001466275659824047 0.06187540371808745 9.072639841361797E-5
reserved 0.001466275659824047 0.06187540371808745 9.072639841361797E-5
036 0.06187540371808745 2.2832252294497214E-4
reserved 0.0036900369003690036 0.06187540371808745 2.2832252294497214E-4
