jsoup 0.04245283018867924 0.0 0.0
Java 0.009433962264150943 0.010050335853501506 9.481448918397647E-5
HTML 0.04009433962264151 0.0 0.0
parser 0.009433962264150943 0.0 0.0
built 0.007075471698113208 1.6094379124341003 0.01138753239929788
for 0.014150943396226415 0.083381608939051 0.0011799284283827971
editing 0.0023584905660377358 2.8134107167600364 0.0066354026338680105
cleaning 0.007075471698113208 1.3862943611198906 0.009808686517357716
scraping 0.0047169811320754715 4.605170185988092 0.02172250087730232
and 0.03537735849056604 0.09431067947124142 0.0033364627171429745
XSS 0.007075471698113208 2.5257286443082556 0.017870721539916902
safety 0.0023584905660377358 0.9162907318741551 0.002161063046873007
News 0.0047169811320754715 1.9661128563728327 0.009274117247041663
Bugs 0.0047169811320754715 0.9942522733438669 0.004689869213886164
Discussion 0.0047169811320754715 2.8134107167600364 0.013270805267736021
Download 0.0047169811320754715 2.659260036932778 0.012543679419494235
API 0.0047169811320754715 0.0 0.0
Reference 0.0023584905660377358 0.843970070294529 0.0019904954488078512
Cookbook 0.007075471698113208 2.8134107167600364 0.019906207901604033
Try 0.0023584905660377358 2.120263536200091 0.005000621547641724
Parser 0.009433962264150943 0.0 0.0
is 0.01179245283018868 0.22314355131420976 0.002631409803233606
a 0.049528301886792456 0.16251892949777494 0.008049286602484136
library 0.0023584905660377358 2.407945608651872 0.005679117001537433
working 0.0047169811320754715 0.9942522733438669 0.004689869213886164
with 0.007075471698113208 0.23572233352106994 0.0016678466994415326
real 0.0023584905660377358 2.207274913189721 0.00520583705940972
world 0.0023584905660377358 2.207274913189721 0.00520583705940972
It 0.0047169811320754715 0.47803580094299974 0.0022548858535047156
provides 0.0023584905660377358 0.843970070294529 0.0019904954488078512
very 0.0023584905660377358 2.207274913189721 0.00520583705940972
convenient 0.0023584905660377358 1.6094379124341003 0.003795844133099293
fetching 0.0047169811320754715 1.6607312068216509 0.007833637768026655
URLs 0.009433962264150943 1.1086626245216111 0.010459081363411424
extracting 0.009433962264150943 2.5257286443082556 0.023827628719889204
manipulating 0.0047169811320754715 2.120263536200091 0.010001243095283448
data 0.009433962264150943 0.5978370007556204 0.0056399717052417015
using 0.014150943396226415 0.010050335853501506 1.422217337759647E-4
the 0.04716981132075472 0.10536051565782635 0.004969835644237092
best 0.0023584905660377358 1.9661128563728327 0.004637058623520832
of 0.018867924528301886 0.1165338162559516 0.0021987512501122942
DOM 0.01179245283018868 1.7719568419318754 0.02089571747561174
methods 0.007075471698113208 0.24846135929849972 0.0017579813157912716
CSS 0.0047169811320754715 1.9661128563728327 0.009274117247041663
selectors 0.007075471698113208 1.5141277326297755 0.010713167919550298
implements 0.0023584905660377358 0.6931471805599453 0.001634781086226286
WHATWG 0.0023584905660377358 2.995732273553991 0.007065406305551865
specification 0.0023584905660377358 1.6607312068216509 0.003916818884013328
parses 0.01650943396226415 0.8675005677047231 0.014321943334747787
to 0.025943396226415096 0.17435338714477774 0.004523319006114517
same 0.0023584905660377358 0.9942522733438669 0.002344934606943082
as 0.0023584905660377358 0.32850406697203605 7.747737428585755E-4
modern 0.0023584905660377358 2.407945608651872 0.005679117001537433
browsers 0.0023584905660377358 2.995732273553991 0.007065406305551865
do 0.0023584905660377358 0.9162907318741551 0.002161063046873007
scrape 0.0047169811320754715 4.605170185988092 0.02172250087730232
parse 0.01650943396226415 0.8675005677047231 0.014321943334747787
from 0.01650943396226415 0.38566248081198473 0.006367069258688427
URL 0.009433962264150943 1.1086626245216111 0.010459081363411424
file 0.007075471698113208 0.8915981192837835 0.006308477259083374
or 0.007075471698113208 0.2613647641344075 0.0018492789915170343
string 0.0047169811320754715 0.4155154439616658 0.0019599785092531403
find 0.009433962264150943 1.3093333199837622 0.012352201131922284
extract 0.009433962264150943 2.5257286443082556 0.023827628719889204
traversal 0.0023584905660377358 1.8325814637483102 0.004322126093746014
manipulate 0.0047169811320754715 2.120263536200091 0.010001243095283448
elements 0.018867924528301886 0.4620354595965586 0.008717650181067143
attributes 0.007075471698113208 0.3147107448397002 0.002226726968205426
text 0.007075471698113208 1.1086626245216111 0.00784431102255857
clean 0.007075471698113208 1.3862943611198906 0.009808686517357716
user 0.0023584905660377358 1.0216512475319812 0.0024095548290848615
submitted 0.0023584905660377358 2.659260036932778 0.006271839709747117
content 0.0047169811320754715 0.44628710262841953 0.0021051278425868844
against 0.0023584905660377358 1.4271163556401458 0.003365840461415438
safelist 0.0023584905660377358 0.9162907318741551 0.002161063046873007
prevent 0.0047169811320754715 2.5257286443082556 0.011913814359944602
attacks 0.0023584905660377358 2.995732273553991 0.007065406305551865
output 0.0023584905660377358 0.9675840262617057 0.0022820377977870415
tidy 0.0023584905660377358 2.302585092994046 0.00543062521932558
designed 0.0023584905660377358 1.8971199848858813 0.004474339586995003
deal 0.0023584905660377358 2.407945608651872 0.005679117001537433
all 0.0023584905660377358 0.05129329438755048 1.2097475091403414E-4
varieties 0.0023584905660377358 2.995732273553991 0.007065406305551865
found 0.009433962264150943 1.3093333199837622 0.012352201131922284
in 0.009433962264150943 0.1508228897345837 0.0014228574503262611
wild 0.0023584905660377358 2.995732273553991 0.007065406305551865
pristine 0.0023584905660377358 2.995732273553991 0.007065406305551865
validating 0.0023584905660377358 2.659260036932778 0.006271839709747117
invalid 0.0023584905660377358 1.3862943611198906 0.003269562172452572
tag 0.0023584905660377358 0.843970070294529 0.0019904954488078512
soup 0.0023584905660377358 2.995732273553991 0.007065406305551865
will 0.0023584905660377358 0.5447271754416719 0.0012847339043435659
create 0.0023584905660377358 0.8915981192837835 0.002102825753027791
sensible 0.0023584905660377358 2.302585092994046 0.00543062521932558
tree 0.0023584905660377358 0.0408219945202552 9.627828896286603E-5
Example 0.0047169811320754715 1.0498221244986776 0.004951991153295649
Fetch 0.0047169811320754715 1.6607312068216509 0.007833637768026655
Wikipedia 0.0047169811320754715 2.302585092994046 0.01086125043865116
homepage 0.0023584905660377358 4.605170185988092 0.01086125043865116
it 0.0047169811320754715 0.47803580094299974 0.0022548858535047156
select 0.0047169811320754715 1.5606477482646683 0.007361545982380511
headlines 0.009433962264150943 3.506557897319982 0.03308073488037719
In 0.009433962264150943 0.1508228897345837 0.0014228574503262611
news 0.0047169811320754715 1.9661128563728327 0.009274117247041663
section 0.0023584905660377358 2.207274913189721 0.00520583705940972
into 0.0023584905660377358 0.8915981192837835 0.002102825753027791
list 0.0047169811320754715 0.653926467406664 0.003084558808522
Elements 0.018867924528301886 0.4620354595965586 0.008717650181067143
online 0.0023584905660377358 3.506557897319982 0.008270183720094297
sample 0.0023584905660377358 3.506557897319982 0.008270183720094297
full 0.0023584905660377358 1.3862943611198906 0.003269562172452572
source 0.01179245283018868 1.07880966137193 0.012721812044480307
Document 0.014150943396226415 0.40047756659712536 0.005667135376374415
doc 0.007075471698113208 1.8325814637483102 0.012966378281238044
Jsoup 0.04245283018867924 0.0 0.0
connect 0.0023584905660377358 1.7719568419318754 0.004179143495122347
https 0.0023584905660377358 1.6607312068216509 0.003916818884013328
en 0.0023584905660377358 2.5257286443082556 0.005956907179972301
wikipedia 0.0047169811320754715 2.302585092994046 0.01086125043865116
org 0.0023584905660377358 0.05129329438755048 1.2097475091403414E-4
get 0.009433962264150943 0.653926467406664 0.006169117617044
log 0.0047169811320754715 2.5257286443082556 0.011913814359944602
title 0.0047169811320754715 1.8971199848858813 0.008948679173990006
newsHeadlines 0.0047169811320754715 4.605170185988092 0.02172250087730232
mp 0.0023584905660377358 4.605170185988092 0.01086125043865116
itn 0.0023584905660377358 4.605170185988092 0.01086125043865116
b 0.0023584905660377358 2.407945608651872 0.005679117001537433
Element 0.018867924528301886 0.4620354595965586 0.008717650181067143
headline 0.009433962264150943 3.506557897319982 0.03308073488037719
s 0.0047169811320754715 0.5447271754416719 0.0025694678086871318
n 0.0023584905660377358 2.302585092994046 0.00543062521932558
t 0.0023584905660377358 1.2729656758128876 0.003002277537294546
attr 0.0023584905660377358 1.7719568419318754 0.004179143495122347
absUrl 0.0023584905660377358 3.2188758248682006 0.007591688266198586
href 0.0023584905660377358 1.5606477482646683 0.0036807729911902554
Open 0.0047169811320754715 2.207274913189721 0.01041167411881944
an 0.049528301886792456 0.16251892949777494 0.008049286602484136
open 0.0047169811320754715 2.207274913189721 0.01041167411881944
project 0.0023584905660377358 2.659260036932778 0.006271839709747117
distributed 0.0023584905660377358 3.506557897319982 0.008270183720094297
under 0.0023584905660377358 2.407945608651872 0.005679117001537433
liberal 0.0023584905660377358 4.605170185988092 0.01086125043865116
MIT 0.0023584905660377358 4.605170185988092 0.01086125043865116
license 0.0023584905660377358 1.1086626245216111 0.002614770340852856
The 0.04716981132075472 0.10536051565782635 0.004969835644237092
code 0.0023584905660377358 0.5108256237659907 0.001204777414542431
available 0.0023584905660377358 1.6607312068216509 0.003916818884013328
at 0.0023584905660377358 1.4271163556401458 0.003365840461415438
GitHub 0.0047169811320754715 2.659260036932778 0.012543679419494235
Getting 0.009433962264150943 0.653926467406664 0.006169117617044
started 0.0023584905660377358 2.8134107167600364 0.0066354026338680105
jar 0.0023584905660377358 2.5257286443082556 0.005956907179972301
version 0.0047169811320754715 1.9661128563728327 0.009274117247041663
Read 0.0023584905660377358 1.2729656758128876 0.003002277537294546
cookbook 0.007075471698113208 2.8134107167600364 0.019906207901604033
introduction 0.0047169811320754715 3.2188758248682006 0.015183376532397172
Enjoy 0.0023584905660377358 4.605170185988092 0.01086125043865116
Development 0.007075471698113208 2.207274913189721 0.01561751117822916
support 0.0023584905660377358 1.1394342831883648 0.002687345007519728
If 0.0047169811320754715 0.616186139423817 0.0029065383935085705
you 0.007075471698113208 0.9162907318741551 0.006483189140619022
have 0.0047169811320754715 0.9416085398584451 0.0044415497163134195
any 0.0047169811320754715 0.5978370007556204 0.0028199858526208508
questions 0.0023584905660377358 2.995732273553991 0.007065406305551865
on 0.0047169811320754715 0.5447271754416719 0.0025694678086871318
how 0.0023584905660377358 1.2039728043259361 0.002839558500768717
use 0.014150943396226415 0.010050335853501506 1.422217337759647E-4
ideas 0.0023584905660377358 3.912023005428146 0.009226469352424872
future 0.0023584905660377358 1.8325814637483102 0.004322126093746014
development 0.007075471698113208 2.207274913189721 0.01561751117822916
please 0.0047169811320754715 1.8971199848858813 0.008948679173990006
touch 0.0023584905660377358 2.659260036932778 0.006271839709747117
via 0.0023584905660377358 1.8971199848858813 0.004474339586995003
one 0.0023584905660377358 1.07880966137193 0.002544362408896061
discussion 0.0047169811320754715 2.8134107167600364 0.013270805267736021
issues 0.0023584905660377358 2.8134107167600364 0.0066354026338680105
bug 0.0047169811320754715 0.9942522733438669 0.004689869213886164
after 0.0023584905660377358 1.5606477482646683 0.0036807729911902554
checking 0.0023584905660377358 2.995732273553991 0.007065406305551865
duplicates 0.0023584905660377358 2.5257286443082556 0.005956907179972301
colophon 0.0023584905660377358 4.605170185988092 0.01086125043865116
talks 0.0023584905660377358 4.605170185988092 0.01086125043865116
about 0.0023584905660377358 1.4696759700589417 0.0034662169105163718
history 0.0023584905660377358 3.2188758248682006 0.007591688266198586
tools 0.0023584905660377358 2.120263536200091 0.005000621547641724
used 0.014150943396226415 0.010050335853501506 1.422217337759647E-4
build 0.007075471698113208 1.6094379124341003 0.01138753239929788
happens 0.0023584905660377358 3.506557897319982 0.008270183720094297
There 0.0023584905660377358 1.2729656758128876 0.003002277537294546
can 0.0023584905660377358 0.7339691750802005 0.0017310593751891522
see 0.0023584905660377358 0.3566749439387324 8.412144904215386E-4
latest 0.0023584905660377358 2.5257286443082556 0.005956907179972301
changes 0.0023584905660377358 1.3862943611198906 0.003269562172452572
unreleased 0.0023584905660377358 3.912023005428146 0.009226469352424872
Status 0.0023584905660377358 2.302585092994046 0.00543062521932558
general 0.0023584905660377358 2.5257286443082556 0.005956907179972301
release 0.0023584905660377358 1.6607312068216509 0.003916818884013328
contents 0.0023584905660377358 1.1394342831883648 0.002687345007519728
Introduction 0.0047169811320754715 3.2188758248682006 0.015183376532397172
Parsing 0.01650943396226415 0.8675005677047231 0.014321943334747787
traversing 0.0023584905660377358 3.912023005428146 0.009226469352424872
Input 0.0023584905660377358 1.0216512475319812 0.0024095548290848615
Parse 0.01650943396226415 0.8675005677047231 0.014321943334747787
document 0.014150943396226415 0.40047756659712536 0.005667135376374415
String 0.0047169811320754715 0.4155154439616658 0.0019599785092531403
body 0.0023584905660377358 1.6607312068216509 0.003916818884013328
fragment 0.0023584905660377358 1.7719568419318754 0.004179143495122347
Load 0.0047169811320754715 1.8971199848858813 0.008948679173990006
File 0.007075471698113208 0.8915981192837835 0.006308477259083374
Extracting 0.009433962264150943 2.5257286443082556 0.023827628719889204
Use 0.014150943396226415 0.010050335853501506 1.422217337759647E-4
navigate 0.0023584905660377358 3.2188758248682006 0.007591688266198586
selector 0.007075471698113208 1.5141277326297755 0.010713167919550298
syntax 0.0023584905660377358 1.6607312068216509 0.003916818884013328
Extract 0.009433962264150943 2.5257286443082556 0.023827628719889204
Working 0.0047169811320754715 0.9942522733438669 0.004689869213886164
program 0.0023584905660377358 2.120263536200091 0.005000621547641724
links 0.0023584905660377358 0.0408219945202552 9.627828896286603E-5
Modifying 0.0023584905660377358 2.8134107167600364 0.0066354026338680105
Set 0.007075471698113208 0.4620354595965586 0.003269118817900179
attribute 0.007075471698113208 0.3147107448397002 0.002226726968205426
values 0.0023584905660377358 1.0216512475319812 0.0024095548290848615
element 0.018867924528301886 0.4620354595965586 0.008717650181067143
Setting 0.007075471698113208 0.4620354595965586 0.003269118817900179
Cleaning 0.007075471698113208 1.3862943611198906 0.009808686517357716
Sanitize 0.0023584905660377358 3.912023005428146 0.009226469352424872
untrusted 0.0023584905660377358 2.0402208285265546 0.004811841576713572
Jonathan 0.0023584905660377358 0.0 0.0
Hedley 0.0023584905660377358 0.0 0.0
24454148471 0.0 0.0
jar 0.004366812227074236 2.5257286443082556 0.011029382726236924
version 0.004366812227074236 1.9661128563728327 0.008585645661016736
Read 0.004366812227074236 1.2729656758128876 0.005558802077785535
the 0.008733624454148471 0.10536051565782635 9.201791760508852E-4
cookbook 0.008733624454148471 2.8134107167600364 0.024571272635458833
introduction 0.008733624454148471 3.2188758248682006 0.02811245261893625
Enjoy 0.004366812227074236 4.605170185988092 0.02010991347593053
Development 0.008733624454148471 2.207274913189721 0.019277510158862192
and 0.004366812227074236 0.09431067947124142 4.1183702825869613E-4
support 0.004366812227074236 1.1394342831883648 0.004975695559774519
If 0.004366812227074236 0.616186139423817 0.0026907691677895934
you 0.004366812227074236 0.9162907318741551 0.004001269571502861
have 0.004366812227074236 0.9416085398584451 0.004111827684971376
any 0.004366812227074236 0.5978370007556204 0.0026106419246970324
questions 0.004366812227074236 2.995732273553991 0.013081800321196466
on 0.004366812227074236 0.5447271754416719 0.002378721290138305
how 0.004366812227074236 1.2039728043259361 0.005257523162995354
to 0.004366812227074236 0.17435338714477774 7.613685028156233E-4
use 0.017467248908296942 0.010050335853501506 1.755517179650918E-4
jsoup 0.008733624454148471 0.0 0.0
or 0.004366812227074236 0.2613647641344075 0.0011413308477485043
have 0.004366812227074236 0.9416085398584451 0.004111827684971376
ideas 0.004366812227074236 3.912023005428146 0.017083069892699327
for 0.004366812227074236 0.083381608939051 3.6411182942817027E-4
future 0.004366812227074236 1.8325814637483102 0.008002539143005721
development 0.008733624454148471 2.207274913189721 0.019277510158862192
please 0.004366812227074236 1.8971199848858813 0.008284366746226556
get 0.008733624454148471 0.653926467406664 0.0057111481869577645
in 0.008733624454148471 0.1508228897345837 0.0013172304780312985
touch 0.004366812227074236 2.659260036932778 0.011612489244247938
via 0.004366812227074236 1.8971199848858813 0.008284366746226556
one 0.004366812227074236 1.07880966137193 0.00471095921996476
of 0.004366812227074236 0.1165338162559516 5.088812936941118E-4
the 0.008733624454148471 0.10536051565782635 9.201791760508852E-4
discussion 0.008733624454148471 2.8134107167600364 0.024571272635458833
methods 0.004366812227074236 0.24846135929849972 0.0010849841017401734
If 0.004366812227074236 0.616186139423817 0.0026907691677895934
you 0.004366812227074236 0.9162907318741551 0.004001269571502861
find 0.008733624454148471 1.3093333199837622 0.01143522550204159
any 0.004366812227074236 0.5978370007556204 0.0026106419246970324
issues 0.004366812227074236 2.8134107167600364 0.012285636317729417
please 0.004366812227074236 1.8971199848858813 0.008284366746226556
file 0.008733624454148471 0.8915981192837835 0.007786883137849638
a 0.008733624454148471 0.16251892949777494 0.0014193792969237986
bug 0.008733624454148471 0.9942522733438669 0.008683425968068707
after 0.004366812227074236 1.5606477482646683 0.0068150556692780275
checking 0.004366812227074236 2.995732273553991 0.013081800321196466
for 0.004366812227074236 0.083381608939051 3.6411182942817027E-4
duplicates 0.004366812227074236 2.5257286443082556 0.011029382726236924
The 0.008733624454148471 0.10536051565782635 9.201791760508852E-4
colophon 0.004366812227074236 4.605170185988092 0.02010991347593053
talks 0.004366812227074236 4.605170185988092 0.02010991347593053
about 0.004366812227074236 1.4696759700589417 0.006417798995890575
the 0.008733624454148471 0.10536051565782635 9.201791760508852E-4
history 0.004366812227074236 3.2188758248682006 0.014056226309468125
of 0.004366812227074236 0.1165338162559516 5.088812936941118E-4
and 0.004366812227074236 0.09431067947124142 4.1183702825869613E-4
tools 0.004366812227074236 2.120263536200091 0.009258792734498214
used 0.017467248908296942 0.010050335853501506 1.755517179650918E-4
to 0.004366812227074236 0.17435338714477774 7.613685028156233E-4
build 0.008733624454148471 1.6094379124341003 0.014056226309468125
jsoup 0.008733624454148471 0.0 0.0
Development 0.008733624454148471 2.207274913189721 0.019277510158862192
of 0.004366812227074236 0.1165338162559516 5.088812936941118E-4
jsoup 0.008733624454148471 0.0 0.0
happens 0.004366812227074236 3.506557897319982 0.015312479900960619
on 0.004366812227074236 0.5447271754416719 0.002378721290138305
GitHub 0.004366812227074236 2.659260036932778 0.011612489244247938
There 0.004366812227074236 1.2729656758128876 0.005558802077785535
you 0.004366812227074236 0.9162907318741551 0.004001269571502861
can 0.004366812227074236 0.7339691750802005 0.00320510556803581
see 0.004366812227074236 0.3566749439387324 0.0015575325062826741
the 0.008733624454148471 0.10536051565782635 9.201791760508852E-4
latest 0.004366812227074236 2.5257286443082556 0.011029382726236924
changes 0.004366812227074236 1.3862943611198906 0.006053687166462404
and 0.004366812227074236 0.09431067947124142 4.1183702825869613E-4
get 0.008733624454148471 0.653926467406664 0.0057111481869577645
the 0.008733624454148471 0.10536051565782635 9.201791760508852E-4
source 0.004366812227074236 1.07880966137193 0.00471095921996476
to 0.004366812227074236 0.17435338714477774 7.613685028156233E-4
build 0.008733624454148471 1.6094379124341003 0.014056226309468125
an 0.008733624454148471 0.16251892949777494 0.0014193792969237986
unreleased 0.004366812227074236 3.912023005428146 0.017083069892699327
version 0.004366812227074236 1.9661128563728327 0.008585645661016736
Status 0.004366812227074236 2.302585092994046 0.010054956737965266
jsoup 0.008733624454148471 0.0 0.0
is 0.004366812227074236 0.22314355131420976 9.744259882716583E-4
in 0.008733624454148471 0.1508228897345837 0.0013172304780312985
general 0.004366812227074236 2.5257286443082556 0.011029382726236924
release 0.004366812227074236 1.6607312068216509 0.007252101339832536
Cookbook 0.008733624454148471 2.8134107167600364 0.024571272635458833
contents 0.004366812227074236 1.1394342831883648 0.004975695559774519
Introduction 0.008733624454148471 3.2188758248682006 0.02811245261893625
Parsing 0.017467248908296942 0.8675005677047231 0.015152848344187302
and 0.004366812227074236 0.09431067947124142 4.1183702825869613E-4
traversing 0.004366812227074236 3.912023005428146 0.017083069892699327
a 0.008733624454148471 0.16251892949777494 0.0014193792969237986
Document 0.008733624454148471 0.40047756659712536 0.003497620668970527
Input 0.004366812227074236 1.0216512475319812 0.004461359159528302
Parse 0.017467248908296942 0.8675005677047231 0.015152848344187302
a 0.008733624454148471 0.16251892949777494 0.0014193792969237986
document 0.008733624454148471 0.40047756659712536 0.003497620668970527
from 0.004366812227074236 0.38566248081198473 0.0016841156367335577
a 0.008733624454148471 0.16251892949777494 0.0014193792969237986
String 0.008733624454148471 0.4155154439616658 0.003628955842459963
Parsing 0.017467248908296942 0.8675005677047231 0.015152848344187302
a 0.008733624454148471 0.16251892949777494 0.0014193792969237986
body 0.004366812227074236 1.6607312068216509 0.007252101339832536
fragment 0.004366812227074236 1.7719568419318754 0.007737802803195962
Load 0.004366812227074236 1.8971199848858813 0.008284366746226556
a 0.008733624454148471 0.16251892949777494 0.0014193792969237986
Document 0.008733624454148471 0.40047756659712536 0.003497620668970527
from 0.004366812227074236 0.38566248081198473 0.0016841156367335577
a 0.008733624454148471 0.16251892949777494 0.0014193792969237986
URL 0.008733624454148471 1.1086626245216111 0.009682643008922368
Load 0.004366812227074236 1.8971199848858813 0.008284366746226556
a 0.008733624454148471 0.16251892949777494 0.0014193792969237986
Document 0.008733624454148471 0.40047756659712536 0.003497620668970527
from 0.004366812227074236 0.38566248081198473 0.0016841156367335577
a 0.008733624454148471 0.16251892949777494 0.0014193792969237986
File 0.008733624454148471 0.8915981192837835 0.007786883137849638
Extracting 0.017467248908296942 2.5257286443082556 0.044117530904947695
data 0.004366812227074236 0.5978370007556204 0.0026106419246970324
Use 0.017467248908296942 0.010050335853501506 1.755517179650918E-4
DOM 0.004366812227074236 1.7719568419318754 0.007737802803195962
methods 0.004366812227074236 0.24846135929849972 0.0010849841017401734
to 0.004366812227074236 0.17435338714477774 7.613685028156233E-4
navigate 0.004366812227074236 3.2188758248682006 0.014056226309468125
a 0.008733624454148471 0.16251892949777494 0.0014193792969237986
document 0.008733624454148471 0.40047756659712536 0.003497620668970527
Use 0.017467248908296942 0.010050335853501506 1.755517179650918E-4
selector 0.008733624454148471 1.5141277326297755 0.013223822992399785
syntax 0.004366812227074236 1.6607312068216509 0.007252101339832536
to 0.004366812227074236 0.17435338714477774 7.613685028156233E-4
find 0.008733624454148471 1.3093333199837622 0.01143522550204159
elements 0.017467248908296942 0.4620354595965586 0.008070488377232465
Extract 0.017467248908296942 2.5257286443082556 0.044117530904947695
attributes 0.008733624454148471 0.3147107448397002 0.0027485654571152854
text 0.004366812227074236 1.1086626245216111 0.004841321504461184
and 0.004366812227074236 0.09431067947124142 4.1183702825869613E-4
HTML 0.004366812227074236 0.0 0.0
from 0.004366812227074236 0.38566248081198473 0.0016841156367335577
elements 0.017467248908296942 0.4620354595965586 0.008070488377232465
Working 0.008733624454148471 0.9942522733438669 0.008683425968068707
with 0.004366812227074236 0.23572233352106994 0.0010293551682142791
URLs 0.008733624454148471 1.1086626245216111 0.009682643008922368
Example 0.004366812227074236 1.0498221244986776 0.004584376089513876
program 0.004366812227074236 2.120263536200091 0.009258792734498214
list 0.004366812227074236 0.653926467406664 0.0028555740934788822
links 0.004366812227074236 0.0408219945202552 1.7826198480460785E-4
Modifying 0.004366812227074236 2.8134107167600364 0.012285636317729417
data 0.004366812227074236 0.5978370007556204 0.0026106419246970324
Set 0.008733624454148471 0.4620354595965586 0.004035244188616232
attribute 0.008733624454148471 0.3147107448397002 0.0027485654571152854
values 0.004366812227074236 1.0216512475319812 0.004461359159528302
Set 0.008733624454148471 0.4620354595965586 0.004035244188616232
the 0.008733624454148471 0.10536051565782635 9.201791760508852E-4
HTML 0.004366812227074236 0.0 0.0
of 0.004366812227074236 0.1165338162559516 5.088812936941118E-4
an 0.008733624454148471 0.16251892949777494 0.0014193792969237986
element 0.017467248908296942 0.4620354595965586 0.008070488377232465
Setting 0.008733624454148471 0.4620354595965586 0.004035244188616232
the 0.008733624454148471 0.10536051565782635 9.201791760508852E-4
text 0.004366812227074236 1.1086626245216111 0.004841321504461184
content 0.004366812227074236 0.44628710262841953 0.0019488519765433166
of 0.004366812227074236 0.1165338162559516 5.088812936941118E-4
elements 0.017467248908296942 0.4620354595965586 0.008070488377232465
Cleaning 0.013100436681222707 1.3862943611198906 0.01816106149938721
HTML 0.004366812227074236 0.0 0.0
Sanitize 0.004366812227074236 3.912023005428146 0.017083069892699327
untrusted 0.004366812227074236 2.0402208285265546 0.008909261259941285
HTML 0.004366812227074236 0.0 0.0
to 0.004366812227074236 0.17435338714477774 7.613685028156233E-4
prevent 0.004366812227074236 2.5257286443082556 0.011029382726236924
XSS 0.004366812227074236 2.5257286443082556 0.011029382726236924
jsoup 0.008733624454148471 0.0 0.0
HTML 0.004366812227074236 0.0 0.0
parser 0.008733624454148471 0.0 0.0
Jonathan 0.004366812227074236 0.0 0.0
Hedley 0.004366812227074236 0.0 0.0
