HttpConnection 0.003992015968063872 1.8971199848858813 0.00757333327299753
jsoup 0.003992015968063872 0.0 0.0
Java 0.002328675981370592 0.010050335853501506 2.3403975706756668E-5
HTML 6.653359946773121E-4 0.0 0.0
Parser 0.00499001996007984 0.0 0.0
API 3.3266799733865603E-4 0.0 0.0
Skip 6.653359946773121E-4 0.06187540371808745 4.116793327883397E-5
navigation 6.653359946773121E-4 0.06187540371808745 4.116793327883397E-5
links 6.653359946773121E-4 0.0408219945202552 2.7160342328845776E-5
Overview 6.653359946773121E-4 0.06187540371808745 4.116793327883397E-5
Package 9.98003992015968E-4 0.06187540371808745 6.175189991825095E-5
Class 0.003992015968063872 0.06187540371808745 2.470075996730038E-4
Use 0.00499001996007984 0.010050335853501506 5.015137651447857E-5
Tree 6.653359946773121E-4 0.0408219945202552 2.7160342328845776E-5
Deprecated 6.653359946773121E-4 0.06187540371808745 4.116793327883397E-5
Index 6.653359946773121E-4 0.06187540371808745 4.116793327883397E-5
Help 6.653359946773121E-4 0.05129329438755048 3.4127275041617086E-5
org 9.98003992015968E-4 0.05129329438755048 5.1190912562425626E-5
helper 6.653359946773121E-4 1.1086626245216111 7.376331500476454E-4
java 0.002328675981370592 0.010050335853501506 2.3403975706756668E-5
lang 6.653359946773121E-4 0.653926467406664 4.350808166378337E-4
Object 0.003992015968063872 0.43078291609245434 0.0017196922798101968
All 0.001996007984031936 0.05129329438755048 1.0238182512485125E-4
Implemented 6.653359946773121E-4 0.5978370007556204 3.9776247555264166E-4
Interfaces 0.025615435795076514 0.616186139423817 0.01578387649222685
Connection 0.07551563539587491 0.9942522733438669 0.07508159216535522
public 0.015302727877578177 0.6931471805599453 0.01060704268321939
class 0.003992015968063872 0.06187540371808745 2.470075996730038E-4
extends 3.3266799733865603E-4 0.653926467406664 2.1754040831891685E-4
implements 6.653359946773121E-4 0.5978370007556204 3.9776247555264166E-4
Implementation 3.3266799733865603E-4 1.3470736479666094 4.481282927367297E-4
of 0.008649367930805056 0.1165338162559516 0.0010079438531785567
See 0.003659347970725216 0.3566749439387324 0.0013051977323107306
Also 0.003659347970725216 0.5108256237659907 0.001869288709722521
Jsoup 0.003992015968063872 0.0 0.0
connect 0.003659347970725216 1.7719568419318754 0.0064842066737360714
String 0.02262142381902861 0.4155154439616658 0.009399550961208675
Nested 9.98003992015968E-4 2.0402208285265546 0.0020361485314636272
Summary 0.0013306719893546241 0.6931471805599453 9.223515376712512E-4
Classes 0.003992015968063872 0.06187540371808745 2.470075996730038E-4
Modifier 9.98003992015968E-4 0.653926467406664 6.526212249567505E-4
and 0.008649367930805056 0.09431067947124142 8.157277665509902E-4
Type 0.005655355954757153 0.44628710262841953 0.002523912423380949
Description 0.013639387890884896 0.24846135929849972 0.0033888608553687585
static 0.005655355954757153 0.5621189181535412 0.0031789825710612776
KeyVal 0.002328675981370592 1.7147984280919266 0.003993209912389716
Request 0.030605455755156354 1.07880966137193 0.033017461359353815
Response 0.014637391882900865 1.2729656758128876 0.018632897450354974
classes 0.003992015968063872 0.06187540371808745 2.470075996730038E-4
interfaces 0.025615435795076514 0.616186139423817 0.01578387649222685
inherited 6.653359946773121E-4 0.9942522733438669 6.615118252454204E-4
from 0.015635395874916833 0.38566248081198473 0.006029985561597898
interface 0.025615435795076514 0.616186139423817 0.01578387649222685
Method 0.005988023952095809 0.18632957819149354 0.0011157459771945722
Field 0.0026613439787092482 1.1394342831883648 0.003032426568698243
Fields 3.3266799733865603E-4 1.1086626245216111 3.688165750238227E-4
CONTENT 0.00499001996007984 0.44628710262841953 0.0022269815500420135
ENCODING 9.98003992015968E-4 1.6607312068216509 0.0016574163740735038
TYPE 0.005655355954757153 0.44628710262841953 0.002523912423380949
DEFAULT 0.005655355954757153 1.0216512475319812 0.005777801466415064
UA 0.00166333998669328 2.407945608651872 0.004005232216653147
Many 6.653359946773121E-4 1.7147984280919266 0.0011409171178256331
users 0.002328675981370592 1.0216512475319812 0.002379094721465026
would 0.00166333998669328 2.0402208285265546 0.0033935808857727123
get 0.0083166999334664 0.6348782724359695 0.005280092086127491
caught 6.653359946773121E-4 3.2188758248682006 0.0021416339486814377
by 0.0166333998669328 0.27443684570176036 0.004564817792777118
not 0.008649367930805056 0.3424903089467759 0.0029623246948157593
setting 0.016300731869594146 0.4620354595965586 0.007531516141128201
a 0.024617431803060547 0.16251892949777494 0.004000798663617879
user 0.002328675981370592 1.0216512475319812 0.002379094721465026
agent 0.00166333998669328 2.407945608651872 0.004005232216653147
therefore 6.653359946773121E-4 2.5257286443082556 0.0016804581798458122
getting 0.0083166999334664 0.6348782724359695 0.005280092086127491
different 6.653359946773121E-4 2.120263536200091 0.0014106876488357227
responses 0.014637391882900865 1.2729656758128876 0.018632897450354974
on 0.003992015968063872 0.5447271754416719 0.0021745595826014844
their 0.00166333998669328 1.0216512475319812 0.0016993533724750185
desktop 9.98003992015968E-4 2.120263536200091 0.0021160314732535834
vs 6.653359946773121E-4 2.5257286443082556 0.0016804581798458122
in 0.015635395874916833 0.1508228897345837 0.002358175587999146
which 0.001996007984031936 0.7550225842780328 0.0015070311063433788
otherwise 0.00166333998669328 1.2378743560016172 0.0020590059148396828
default 0.005655355954757153 1.0216512475319812 0.005777801466415064
to 0.022288755821689953 0.17435338714477774 0.003886120072754527
FORM 0.003992015968063872 0.9675840262617057 0.003862610883280262
URL 0.015968063872255488 1.1086626245216111 0.01770319560114349
ENCODED 0.0026613439787092482 1.2729656758128876 0.0033877995364281774
MULTIPART 9.98003992015968E-4 2.659260036932778 0.002653952132667443
DATA 0.023286759813705923 0.5978370007556204 0.013921686644342459
Constructor 9.98003992015968E-4 0.6733445532637655 6.720005521594466E-4
Constructors 3.3266799733865603E-4 0.8915981192837835 2.966061607730484E-4
Creates 0.0029940119760479044 0.7550225842780328 0.0022605466595150684
new 0.004324683965402528 0.616186139423817 0.002664810316869468
empty 6.653359946773121E-4 1.4696759700589417 9.778283233925094E-4
url 0.015968063872255488 1.1086626245216111 0.01770319560114349
Create 0.0029940119760479044 0.7550225842780328 0.0022605466595150684
with 0.0026613439787092482 0.23572233352106994 6.273382129635927E-4
the 0.049567531603459745 0.10536051565782635 0.005222460689626123
request 0.030605455755156354 1.07880966137193 0.033017461359353815
specified 0.014304723885562209 0.9416085398584451 0.013469450170962453
cookie 0.007651363938789089 2.207274913189721 0.01688866367377365
name 0.006320691949434464 0.6931471805599453 0.004381169803938443
value 0.007318695941450432 0.4620354595965586 0.0033814970429555187
Set 0.016300731869594146 0.4620354595965586 0.007531516141128201
be 0.018962075848303395 0.18632957819149354 0.0035331955944494786
sent 0.001996007984031936 2.8134107167600364 0.005615590253014044
cookies 0.007651363938789089 2.207274913189721 0.01688866367377365
Map 0.0029940119760479044 1.2378743560016172 0.003706210646711429
Adds 0.0053226879574184965 1.0216512475319812 0.00543793079192006
each 0.0013306719893546241 1.5606477482646683 0.002076710243865161
supplied 0.0029940119760479044 1.5141277326297755 0.004533316564759807
CookieStore 0.005655355954757153 2.407945608651872 0.0136177895366207
cookieStore 0.005655355954757153 2.407945608651872 0.0136177895366207
Get 0.0083166999334664 0.6348782724359695 0.005280092086127491
store 0.00166333998669328 1.6094379124341003 0.0026770424358517966
used 0.007318695941450432 0.010050335853501506 7.355535222123525E-5
this 0.017298735861610112 0.3424903089467759 0.005924649389631519
Provide 0.0013306719893546241 1.3862943611198906 0.0018447030753425025
custom 0.00166333998669328 1.8325814637483102 0.0030482060275254658
or 0.005988023952095809 0.2613647641344075 0.0015650584678707038
pre 6.653359946773121E-4 2.5257286443082556 0.0016804581798458122
filled 6.653359946773121E-4 3.2188758248682006 0.0021416339486814377
requests 0.030605455755156354 1.07880966137193 0.033017461359353815
made 6.653359946773121E-4 1.8325814637483102 0.0012192824110101865
data 0.023286759813705923 0.5978370007556204 0.013921686644342459
key 0.007651363938789089 0.7985076962177716 0.00610967299168621
for 0.016300731869594146 0.083381608939051 0.0013591812501708247
if 0.007984031936127744 0.616186139423817 0.0049196498157590175
any 9.98003992015968E-4 0.5978370007556204 5.966437133289624E-4
keyvals 0.00332667997338656 1.7147984280919266 0.005704585589128165
Add 0.0053226879574184965 1.0216512475319812 0.00543793079192006
one 6.653359946773121E-4 1.07880966137193 7.177708991163873E-4
more 6.653359946773121E-4 0.7339691750802005 4.883361111644714E-4
val 9.98003992015968E-4 1.9661128563728327 0.0019621884794140047
parameter 0.0166333998669328 0.5621189181535412 0.009349948738415522
pairs 0.001996007984031936 3.2188758248682006 0.006424901846044312
filename 0.001996007984031936 3.912023005428146 0.007808429152551189
InputStream 0.003992015968063872 1.5141277326297755 0.006044422086346409
inputStream 0.003992015968063872 1.5141277326297755 0.006044422086346409
an 0.024617431803060547 0.16251892949777494 0.004000798663617879
input 0.003659347970725216 1.0216512475319812 0.003738577419445041
stream 0.0026613439787092482 1.3862943611198906 0.003689406150685005
as 0.004657351962741184 0.32850406697203605 0.0015299590610806735
contentType 9.98003992015968E-4 2.8134107167600364 0.002807795126507022
Collection 9.98003992015968E-4 1.4696759700589417 0.0014667424850887641
all 0.001996007984031936 0.05129329438755048 1.0238182512485125E-4
parameters 0.0166333998669328 0.5621189181535412 0.009349948738415522
execute 0.003992015968063872 2.0402208285265546 0.008144594125854509
Execute 0.003992015968063872 2.0402208285265546 0.008144594125854509
followRedirects 0.002328675981370592 3.2188758248682006 0.007495718820385031
boolean 0.001996007984031936 0.653926467406664 0.001305242449913501
Configures 0.0013306719893546241 2.8134107167600364 0.0037437268353426967
connection 0.07551563539587491 0.9942522733438669 0.07508159216535522
follow 9.98003992015968E-4 2.120263536200091 0.0021160314732535834
server 0.001996007984031936 2.120263536200091 0.004232062946507167
redirects 9.98003992015968E-4 2.8134107167600364 0.002807795126507022
Document 0.003659347970725216 0.40047756659712536 0.0014654867706481633
GET 0.0083166999334664 0.6348782724359695 0.005280092086127491
parse 0.004324683965402528 0.9675840262617057 0.004184495123553617
result 0.0013306719893546241 1.7719568419318754 0.0023578933359040257
header 0.0083166999334664 2.0402208285265546 0.01696790442886356
headers 0.0083166999334664 2.0402208285265546 0.01696790442886356
ignoreContentType 0.002328675981370592 3.2188758248682006 0.007495718820385031
Ignore 0.00332667997338656 2.302585092994046 0.0076599637158817225
document 0.003659347970725216 0.40047756659712536 0.0014654867706481633
s 0.002328675981370592 0.5447271754416719 0.001268493089850866
Content 0.00499001996007984 0.44628710262841953 0.0022269815500420135
when 0.002328675981370592 0.843970070294529 0.00196533283169052
parsing 0.004324683965402528 0.9675840262617057 0.004184495123553617
response 0.014637391882900865 1.2729656758128876 0.018632897450354974
ignoreHttpErrors 0.002328675981370592 3.2188758248682006 0.007495718820385031
throw 0.003659347970725216 1.3470736479666094 0.004929411220104027
exceptions 6.653359946773121E-4 2.0402208285265546 0.0013574323543090849
HTTP 0.004657351962741184 1.1394342831883648 0.005306746495221925
error 0.00499001996007984 1.3862943611198906 0.006917636532534384
occurs 9.98003992015968E-4 1.6607312068216509 0.0016574163740735038
maxBodySize 0.00166333998669328 3.2188758248682006 0.005354084871703593
int 0.002328675981370592 1.07880966137193 0.0025121981469073554
bytes 0.001996007984031936 2.302585092994046 0.0045959782295290335
maximum 0.0013306719893546241 1.9661128563728327 0.0026162513058853396
read 0.00166333998669328 1.2729656758128876 0.0021173747102676108
uncompressed 6.653359946773121E-4 3.2188758248682006 0.0021416339486814377
into 9.98003992015968E-4 0.8915981192837835 8.898184823191451E-4
body 0.004324683965402528 1.6607312068216509 0.007182137620985183
before 0.0013306719893546241 1.8325814637483102 0.002438564822020373
is 0.018962075848303395 0.18632957819149354 0.0035331955944494786
closed 0.0013306719893546241 1.6094379124341003 0.0021416339486814377
truncated 9.98003992015968E-4 3.2188758248682006 0.003212450923022156
i 6.653359946773121E-4 1.3093333199837622 8.711465868155438E-4
e 0.00166333998669328 0.7765287894989963 0.0012916313863922094
method 0.005988023952095809 0.18632957819149354 0.0011157459771945722
use 0.007318695941450432 0.010050335853501506 7.355535222123525E-5
POST 0.00665335994677312 1.7719568419318754 0.011789466679520128
newRequest 0.0013306719893546241 2.407945608651872 0.0032041857733225176
using 0.007318695941450432 0.010050335853501506 7.355535222123525E-5
session 6.653359946773121E-4 1.9661128563728327 0.0013081256529426698
state 6.653359946773121E-4 1.6607312068216509 0.001104944249382336
initialize 9.98003992015968E-4 2.207274913189721 0.002202869174840041
settings 9.98003992015968E-4 1.171182981502945 0.0011688452909211027
may 0.0013306719893546241 1.07880966137193 0.0014355417982327746
then 6.653359946773121E-4 1.2378743560016172 8.236023659358731E-4
independently 6.653359946773121E-4 3.2188758248682006 0.0021416339486814377
returned 0.013639387890884896 0.843970070294529 0.011511235157044473
object 0.003992015968063872 0.43078291609245434 0.0017196922798101968
parser 0.00499001996007984 0.0 0.0
alternate 9.98003992015968E-4 1.9661128563728327 0.0019621884794140047
post 0.00665335994677312 1.7719568419318754 0.011789466679520128
postDataCharset 0.0013306719893546241 3.2188758248682006 0.004283267897362875
charset 9.98003992015968E-4 1.8971199848858813 0.0018933333182493824
Sets 0.016300731869594146 0.4620354595965586 0.007531516141128201
character 9.98003992015968E-4 1.3093333199837622 0.0013067198802233155
set 0.016300731869594146 0.4620354595965586 0.007531516141128201
x 6.653359946773121E-4 1.5606477482646683 0.0010383551219325805
www 6.653359946773121E-4 2.0402208285265546 0.0013574323543090849
form 0.003992015968063872 0.9675840262617057 0.003862610883280262
urlencoded 6.653359946773121E-4 2.659260036932778 0.0017693014217782955
proxy 0.006986027944111776 2.407945608651872 0.016821975309943216
host 9.98003992015968E-4 2.659260036932778 0.002653952132667443
port 0.0013306719893546241 2.659260036932778 0.003538602843556591
Proxy 0.006986027944111776 2.407945608651872 0.016821975309943216
referrer 0.00332667997338656 2.407945608651872 0.008010464433306294
aka 9.98003992015968E-4 3.2188758248682006 0.003212450923022156
referer 6.653359946773121E-4 3.2188758248682006 0.0021416339486814377
associated 6.653359946773121E-4 1.4271163556401458 9.495118800000971E-4
requestBody 0.001996007984031936 3.2188758248682006 0.006424901846044312
PUT 6.653359946773121E-4 1.7147984280919266 0.0011409171178256331
once 9.98003992015968E-4 2.207274913189721 0.002202869174840041
has 0.00166333998669328 0.6931471805599453 0.001152939422089064
been 0.018962075848303395 0.18632957819149354 0.0035331955944494786
executed 0.003992015968063872 2.0402208285265546 0.008144594125854509
sslSocketFactory 0.0029940119760479044 2.659260036932778 0.007961856398002329
SSLSocketFactory 0.0029940119760479044 2.659260036932778 0.007961856398002329
SSL 9.98003992015968E-4 2.207274913189721 0.002202869174840041
socket 9.98003992015968E-4 2.0402208285265546 0.0020361485314636272
factory 9.98003992015968E-4 2.207274913189721 0.002202869174840041
timeout 0.003659347970725216 1.8971199848858813 0.006942222166914403
millis 0.0013306719893546241 3.2188758248682006 0.004283267897362875
total 6.653359946773121E-4 2.5257286443082556 0.0016804581798458122
duration 9.98003992015968E-4 2.407945608651872 0.002403139329991888
fetch 0.001996007984031936 1.8971199848858813 0.003786666636498765
userAgent 0.002328675981370592 2.407945608651872 0.0056073251033144055
Methods 0.005988023952095809 0.18632957819149354 0.0011157459771945722
clone 3.3266799733865603E-4 0.8209805520698303 2.7311395611105465E-4
equals 3.3266799733865603E-4 0.9942522733438669 3.307559126227102E-4
finalize 3.3266799733865603E-4 1.07880966137193 3.5888544955819365E-4
getClass 3.3266799733865603E-4 1.07880966137193 3.5888544955819365E-4
hashCode 3.3266799733865603E-4 0.9942522733438669 3.307559126227102E-4
notify 3.3266799733865603E-4 1.0498221244986776 3.4924222371878833E-4
notifyAll 3.3266799733865603E-4 1.07880966137193 3.5888544955819365E-4
toString 3.3266799733865603E-4 0.9675840262617057 3.218842402733552E-4
wait 9.98003992015968E-4 0.9942522733438669 9.922677378681305E-4
Details 9.98003992015968E-4 0.7550225842780328 7.535155531716894E-4
final 0.00166333998669328 1.3093333199837622 0.002177866467038859
Constant 0.00166333998669328 1.4271163556401458 0.0023737797000002426
Values 0.007318695941450432 0.4620354595965586 0.0033814970429555187
So 3.3266799733865603E-4 1.3093333199837622 4.355732934077719E-4
Parameters 0.0166333998669328 0.5621189181535412 0.009349948738415522
Returns 0.013639387890884896 0.843970070294529 0.011511235157044473
copied 0.012308715901530274 2.8134107167600364 0.03462947322691994
Specified 0.014304723885562209 0.9416085398584451 0.013469450170962453
shared 3.3266799733865603E-4 3.2188758248682006 0.0010708169743407188
Cookie 0.004657351962741184 2.207274913189721 0.010280056149253525
Store 0.00166333998669328 1.6094379124341003 0.0026770424358517966
initialized 9.98003992015968E-4 2.207274913189721 0.002202869174840041
The 0.049567531603459745 0.10536051565782635 0.005222460689626123
protocol 6.653359946773121E-4 2.0402208285265546 0.0013574323543090849
must 0.0013306719893546241 1.1086626245216111 0.0014752663000952909
HTTPS 0.00166333998669328 1.6607312068216509 0.0027623606234558396
chaining 0.009647371922821025 1.7719568419318754 0.017094726685304186
Nullable 3.3266799733865603E-4 1.6607312068216509 5.52472124691168E-4
null 6.653359946773121E-4 1.2039728043259361 8.010464433306295E-4
disable 3.3266799733865603E-4 2.302585092994046 7.659963715881724E-4
previously 3.3266799733865603E-4 2.120263536200091 7.053438244178613E-4
hostname 3.3266799733865603E-4 3.912023005428146 0.0013014048587585317
If 0.007984031936127744 0.616186139423817 0.0049196498157590175
SocketTimeoutException 0.0013306719893546241 2.302585092994046 0.0030639854863526894
will 0.00332667997338656 0.5447271754416719 0.0018121329855012372
thrown 0.003659347970725216 1.3470736479666094 0.004929411220104027
seconds 3.3266799733865603E-4 2.995732273553991 9.96584256005985E-4
A 0.024617431803060547 0.16251892949777494 0.004000798663617879
zero 3.3266799733865603E-4 2.659260036932778 8.846507108891477E-4
treated 6.653359946773121E-4 1.8325814637483102 0.0012192824110101865
infinite 6.653359946773121E-4 3.912023005428146 0.0026028097175170633
Note 3.3266799733865603E-4 1.3093333199837622 4.355732934077719E-4
that 0.0013306719893546241 0.22314355131420976 2.969308733389352E-4
specifies 0.014304723885562209 0.9416085398584451 0.013469450170962453
combined 3.3266799733865603E-4 3.2188758248682006 0.0010708169743407188
time 0.001996007984031936 1.171182981502945 0.0023376905818422054
full 3.3266799733865603E-4 1.3862943611198906 4.611757688356256E-4
number 6.653359946773121E-4 1.2378743560016172 8.236023659358731E-4
milliseconds 3.3266799733865603E-4 2.207274913189721 7.342897249466803E-4
thousandths 3.3266799733865603E-4 3.912023005428146 0.0013014048587585317
second 3.3266799733865603E-4 2.8134107167600364 9.359317088356742E-4
timing 0.001996007984031936 1.171182981502945 0.0023376905818422054
out 0.0013306719893546241 0.9675840262617057 0.0012875369610934207
connects 0.003659347970725216 1.7719568419318754 0.0064842066737360714
reads 0.00166333998669328 1.2729656758128876 0.0021173747102676108
content 0.00499001996007984 0.44628710262841953 0.0022269815500420135
trimmed 3.3266799733865603E-4 3.912023005428146 0.0013014048587585317
MB 3.3266799733865603E-4 3.912023005428146 0.0013014048587585317
max 3.3266799733865603E-4 2.407945608651872 8.010464433306294E-4
size 3.3266799733865603E-4 1.3862943611198906 4.611757688356256E-4
amount 3.3266799733865603E-4 2.5257286443082556 8.402290899229061E-4
bounded 3.3266799733865603E-4 2.659260036932778 8.846507108891477E-4
only 3.3266799733865603E-4 0.843970070294529 2.807618330986457E-4
your 0.0026613439787092482 0.8209805520698303 0.0021849116488884372
patience 3.3266799733865603E-4 3.912023005428146 0.0013014048587585317
memory 3.3266799733865603E-4 2.659260036932778 8.846507108891477E-4
available 3.3266799733865603E-4 1.6607312068216509 5.52472124691168E-4
machine 3.3266799733865603E-4 2.120263536200091 7.053438244178613E-4
truncating 9.98003992015968E-4 3.2188758248682006 0.003212450923022156
By 0.0166333998669328 0.27443684570176036 0.004564817792777118
true 0.00166333998669328 1.1086626245216111 0.0018440828751191136
should 6.653359946773121E-4 1.0498221244986776 6.984844474375767E-4
followed 9.98003992015968E-4 2.120263536200091 0.0021160314732535834
Default 0.005655355954757153 1.0216512475319812 0.005777801466415064
xx 6.653359946773121E-4 3.912023005428146 0.0026028097175170633
g 9.98003992015968E-4 1.5606477482646683 0.0015575326828988704
false 9.98003992015968E-4 1.1394342831883648 0.001137159963261841
IOException 0.0026613439787092482 1.4696759700589417 0.003911313293570038
encountered 3.3266799733865603E-4 3.2188758248682006 0.0010708169743407188
populated 3.3266799733865603E-4 3.2188758248682006 0.0010708169743407188
status 3.3266799733865603E-4 2.302585092994046 7.659963715881724E-4
message 3.3266799733865603E-4 2.407945608651872 8.010464433306294E-4
reflect 3.3266799733865603E-4 2.5257286443082556 8.402290899229061E-4
errors 0.00499001996007984 1.3862943611198906 0.006917636532534384
ignored 0.00332667997338656 2.302585092994046 0.0076599637158817225
unrecognised 3.3266799733865603E-4 3.912023005428146 0.0013014048587585317
type 0.005655355954757153 0.44628710262841953 0.002523912423380949
cause 3.3266799733865603E-4 2.407945608651872 8.010464433306294E-4
This 0.017298735861610112 0.3424903089467759 0.005924649389631519
prevent 3.3266799733865603E-4 2.5257286443082556 8.402290899229061E-4
producing 3.3266799733865603E-4 3.2188758248682006 0.0010708169743407188
garbage 3.3266799733865603E-4 2.8134107167600364 9.359317088356742E-4
attempting 6.653359946773121E-4 2.407945608651872 0.0016020928866612588
JPEG 3.3266799733865603E-4 2.5257286443082556 8.402290899229061E-4
binary 3.3266799733865603E-4 2.120263536200091 7.053438244178613E-4
image 3.3266799733865603E-4 1.7147984280919266 5.704585589128166E-4
example 3.3266799733865603E-4 1.0498221244986776 3.4924222371878833E-4
force 3.3266799733865603E-4 3.912023005428146 0.0013014048587585317
attempt 6.653359946773121E-4 2.407945608651872 0.0016020928866612588
regardless 3.3266799733865603E-4 2.302585092994046 7.659963715881724E-4
you 0.0026613439787092482 0.8209805520698303 0.0021849116488884372
like 6.653359946773121E-4 1.171182981502945 7.79230193947402E-4
are 0.018962075848303395 0.18632957819149354 0.0035331955944494786
query 0.00166333998669328 1.6607312068216509 0.0027623606234558396
string 0.02262142381902861 0.4155154439616658 0.009399550961208675
GETs 0.0083166999334664 0.6348782724359695 0.005280092086127491
POSTs 0.00665335994677312 1.7719568419318754 0.011789466679520128
have 0.00166333998669328 0.6931471805599453 0.001152939422089064
multiple 6.653359946773121E-4 2.120263536200091 0.0014106876488357227
values 0.007318695941450432 0.4620354595965586 0.0033814970429555187
same 3.3266799733865603E-4 0.9942522733438669 3.307559126227102E-4
For 0.016300731869594146 0.083381608939051 0.0013591812501708247
no 6.653359946773121E-4 0.5798184952529422 3.8577411527141863E-4
effect 6.653359946773121E-4 2.8134107167600364 0.0018718634176713483
but 6.653359946773121E-4 0.8209805520698303 5.462279122221093E-4
POSTS 0.00665335994677312 1.7719568419318754 0.011789466679520128
upload 0.00166333998669328 3.912023005428146 0.006507024293792658
item 6.653359946773121E-4 2.407945608651872 0.0016020928866612588
file 0.0013306719893546241 0.8915981192837835 0.0011864246430921936
present 6.653359946773121E-4 1.7719568419318754 0.0011789466679520129
remove 6.653359946773121E-4 1.4271163556401458 9.495118800000971E-4
Typically 6.653359946773121E-4 1.8971199848858813 0.001262222212166255
just 6.653359946773121E-4 2.120263536200091 0.0014106876488357227
path 6.653359946773121E-4 2.659260036932778 0.0017693014217782955
component 6.653359946773121E-4 1.4696759700589417 9.778283233925094E-4
probably 6.653359946773121E-4 3.912023005428146 0.0026028097175170633
obtained 6.653359946773121E-4 2.8134107167600364 0.0018718634176713483
FileInputStream 6.653359946773121E-4 2.659260036932778 0.0017693014217782955
You 0.0026613439787092482 0.8209805520698303 0.0021849116488884372
close 0.0013306719893546241 1.6094379124341003 0.0021416339486814377
finally 6.653359946773121E-4 3.912023005428146 0.0026028097175170633
block 6.653359946773121E-4 1.8971199848858813 0.001262222212166255
Connections 0.07551563539587491 0.9942522733438669 0.07508159216535522
want 3.3266799733865603E-4 1.7719568419318754 5.894733339760064E-4
uploaded 0.00166333998669328 3.912023005428146 0.006507024293792658
mimetype 6.653359946773121E-4 2.120263536200091 0.0014106876488357227
specify 0.014304723885562209 0.9416085398584451 0.013469450170962453
map 0.0029940119760479044 1.2378743560016172 0.003706210646711429
Multiple 6.653359946773121E-4 2.120263536200091 0.0014106876488357227
at 3.3266799733865603E-4 1.4271163556401458 4.7475594000004855E-4
language 0.0013306719893546241 1.7719568419318754 0.0023578933359040257
English 6.653359946773121E-4 3.912023005428146 0.0026028097175170633
creates 0.0029940119760479044 0.7550225842780328 0.0022605466595150684
other 3.3266799733865603E-4 0.8915981192837835 2.966061607730484E-4
methods 0.005988023952095809 0.18632957819149354 0.0011157459771945722
contain 3.3266799733865603E-4 1.5606477482646683 5.191775609662902E-4
they 0.00166333998669328 1.0216512475319812 0.0016993533724750185
unless 6.653359946773121E-4 2.120263536200091 0.0014106876488357227
explicitly 3.3266799733865603E-4 3.2188758248682006 0.0010708169743407188
case 6.653359946773121E-4 1.3470736479666094 8.962565854734594E-4
collection 9.98003992015968E-4 1.4696759700589417 0.0014667424850887641
Useful 3.3266799733865603E-4 1.9661128563728327 6.540628264713349E-4
expects 3.3266799733865603E-4 3.2188758248682006 0.0010708169743407188
plain 3.3266799733865603E-4 2.995732273553991 9.96584256005985E-4
encoded 0.0026613439787092482 1.2729656758128876 0.0033877995364281774
E 0.00166333998669328 0.7765287894989963 0.0012916313863922094
json 6.653359946773121E-4 3.912023005428146 0.0026028097175170633
application 3.3266799733865603E-4 1.3093333199837622 4.355732934077719E-4
vals 9.98003992015968E-4 1.9661128563728327 0.0019621884794140047
params 3.3266799733865603E-4 3.2188758248682006 0.0010708169743407188
Base 6.653359946773121E-4 0.9162907318741551 6.096412055050933E-4
subsequent 3.3266799733865603E-4 3.2188758248682006 0.0010708169743407188
defaults 0.005655355954757153 1.0216512475319812 0.005777801466415064
XML 6.653359946773121E-4 1.2039728043259361 8.010464433306295E-4
throws 0.003659347970725216 1.3470736479666094 0.004929411220104027
parsed 0.004324683965402528 0.9675840262617057 0.004184495123553617
Throws 0.003659347970725216 1.3470736479666094 0.004929411220104027
MalformedURLException 9.98003992015968E-4 2.302585092994046 0.0022979891147645167
malformed 9.98003992015968E-4 2.407945608651872 0.002403139329991888
HttpStatusException 9.98003992015968E-4 1.6607312068216509 0.0016574163740735038
OK 9.98003992015968E-4 2.0402208285265546 0.0020361485314636272
UnsupportedMimeTypeException 9.98003992015968E-4 1.7719568419318754 0.0017684200019280193
mime 9.98003992015968E-4 1.9661128563728327 0.0019621884794140047
supported 9.98003992015968E-4 1.6607312068216509 0.0016574163740735038
those 9.98003992015968E-4 1.6607312068216509 0.0016574163740735038
times 0.001996007984031936 1.171182981502945 0.0023376905818422054
encode 0.0026613439787092482 1.2729656758128876 0.0033877995364281774
Copyright 3.3266799733865603E-4 0.06187540371808745 2.0583966639416985E-5
Jonathan 3.3266799733865603E-4 0.0 0.0
Hedley 3.3266799733865603E-4 0.0 0.0
rights 3.3266799733865603E-4 0.06187540371808745 2.0583966639416985E-5
reserved 3.3266799733865603E-4 0.06187540371808745 2.0583966639416985E-5
