Uses 0.07142857142857142 0.010050335853501506 7.178811323929647E-4
of 0.023809523809523808 0.1165338162559516 0.0027746146727607524
Package 0.07142857142857142 0.06187540371808745 0.004419671694149104
org 0.07142857142857142 0.05129329438755048 0.003663806741967891
jsoup 0.11904761904761904 0.0 0.0
helper 0.07142857142857142 1.1086626245216111 0.07919018746582936
Java 0.011904761904761904 0.010050335853501506 1.1964685539882745E-4
HTML 0.011904761904761904 0.0 0.0
Parser 0.011904761904761904 0.0 0.0
API 0.011904761904761904 0.0 0.0
Skip 0.023809523809523808 0.06187540371808745 0.001473223898049701
navigation 0.023809523809523808 0.06187540371808745 0.001473223898049701
links 0.023809523809523808 0.0408219945202552 9.719522504822666E-4
Overview 0.023809523809523808 0.06187540371808745 0.001473223898049701
Class 0.03571428571428571 0.06187540371808745 0.002209835847074552
Use 0.03571428571428571 0.010050335853501506 3.5894056619648236E-4
Tree 0.023809523809523808 0.0408219945202552 9.719522504822666E-4
Deprecated 0.023809523809523808 0.06187540371808745 0.001473223898049701
Index 0.023809523809523808 0.06187540371808745 0.001473223898049701
Help 0.023809523809523808 0.05129329438755048 0.0012212689139892972
Packages 0.011904761904761904 0.9162907318741551 0.010908222998501846
that 0.011904761904761904 0.22314355131420976 0.0026564708489786874
use 0.07142857142857142 0.010050335853501506 7.178811323929647E-4
Description 0.023809523809523808 0.24846135929849972 0.005915746649964279
containing 0.011904761904761904 1.171182981502945 0.013942654541701726
classes 0.05952380952380952 0.06187540371808745 0.003683059745124253
supporting 0.011904761904761904 1.5606477482646683 0.01857913986029367
the 0.011904761904761904 0.10536051565782635 0.0012542918530693613
core 0.011904761904761904 1.171182981502945 0.013942654541701726
code 0.011904761904761904 0.5108256237659907 0.0060812574257856035
Classes 0.05952380952380952 0.06187540371808745 0.003683059745124253
in 0.011904761904761904 0.1508228897345837 0.0017955105920783772
used 0.07142857142857142 0.010050335853501506 7.178811323929647E-4
by 0.011904761904761904 0.27443684570176036 0.0032671053059733376
HttpConnection 0.03571428571428571 1.8971199848858813 0.06775428517449576
KeyVal 0.011904761904761904 1.7147984280919266 0.020414267001094364
Request 0.011904761904761904 1.2378743560016172 0.014736599476209727
Response 0.011904761904761904 1.2729656758128876 0.015154353283486756
Copyright 0.011904761904761904 0.06187540371808745 7.366119490248505E-4
Jonathan 0.011904761904761904 0.0 0.0
Hedley 0.011904761904761904 0.0 0.0
All 0.011904761904761904 0.05129329438755048 6.106344569946486E-4
rights 0.011904761904761904 0.06187540371808745 7.366119490248505E-4
reserved 0.011904761904761904 0.06187540371808745 7.366119490248505E-4
1754110784
