org 0.10062893081761007 0.05129329438755048 0.005161589372332124
jsoup 0.11949685534591195 0.0 0.0
helper 0.06918238993710692 1.1086626245216111 0.07669992999835046
Class 0.025157232704402517 0.06187540371808745 0.0015566139300147788
Hierarchy 0.018867924528301886 1.5606477482646683 0.029446183929522043
Java 0.06918238993710692 0.010050335853501506 6.953062540158275E-4
HTML 0.006289308176100629 0.0 0.0
Parser 0.006289308176100629 0.0 0.0
API 0.006289308176100629 0.0 0.0
Skip 0.012578616352201259 0.06187540371808745 7.783069650073894E-4
navigation 0.012578616352201259 0.06187540371808745 7.783069650073894E-4
links 0.012578616352201259 0.0408219945202552 5.134842078019522E-4
Overview 0.012578616352201259 0.06187540371808745 7.783069650073894E-4
Package 0.025157232704402517 0.06187540371808745 0.0015566139300147788
Use 0.012578616352201259 0.010050335853501506 1.2641931891196865E-4
Tree 0.012578616352201259 0.0408219945202552 5.134842078019522E-4
Deprecated 0.012578616352201259 0.06187540371808745 7.783069650073894E-4
Index 0.012578616352201259 0.06187540371808745 7.783069650073894E-4
Help 0.012578616352201259 0.05129329438755048 6.451986715415155E-4
For 0.006289308176100629 0.083381608939051 5.244126348367987E-4
Hierarchies 0.006289308176100629 2.120263536200091 0.013334990793711265
All 0.012578616352201259 0.05129329438755048 6.451986715415155E-4
Packages 0.006289308176100629 0.9162907318741551 0.005762834791661353
java 0.06918238993710692 0.010050335853501506 6.953062540158275E-4
lang 0.012578616352201259 0.653926467406664 0.008225490156058668
Object 0.006289308176100629 0.43078291609245434 0.0027093265163047444
util 0.0440251572327044 1.2729656758128876 0.05604251402949819
AbstractCollection 0.006289308176100629 2.302585092994046 0.01448166725153488
E 0.0440251572327044 0.7765287894989963 0.03418680205341493
implements 0.050314465408805034 0.6931471805599453 0.0348753298394941
Collection 0.006289308176100629 1.4696759700589417 0.009243245094710325
AbstractList 0.006289308176100629 2.302585092994046 0.01448166725153488
List 0.012578616352201259 0.653926467406664 0.008225490156058668
ArrayList 0.006289308176100629 1.8325814637483102 0.011525669583322707
Cloneable 0.006289308176100629 1.3093333199837622 0.008234800754614857
RandomAccess 0.006289308176100629 2.407945608651872 0.015144312004099823
io 0.006289308176100629 1.5606477482646683 0.009815394643174016
Serializable 0.006289308176100629 1.4271163556401458 0.008975574563774503
ChangeNotifyingArrayList 0.006289308176100629 1.8971199848858813 0.011931572231986676
DataUtil 0.006289308176100629 2.5257286443082556 0.01588508581325947
HttpConnection 0.025157232704402517 1.8971199848858813 0.047726288927946704
Connection 0.025157232704402517 1.2039728043259361 0.030288624008199653
KeyVal 0.012578616352201259 1.7147984280919266 0.021569791548326122
Request 0.012578616352201259 1.2378743560016172 0.015570746616372545
Response 0.012578616352201259 1.2729656758128876 0.016012146865570915
Validate 0.006289308176100629 2.120263536200091 0.013334990793711265
W 0.018867924528301886 1.2378743560016172 0.023356119924558813
CDom 0.012578616352201259 2.207274913189721 0.02776446431685184
CBuilder 0.006289308176100629 2.5257286443082556 0.01588508581325947
select 0.006289308176100629 1.5606477482646683 0.009815394643174016
NodeVisitor 0.006289308176100629 2.8134107167600364 0.01769440702364803
Copyright 0.006289308176100629 0.06187540371808745 3.891534825036947E-4
Jonathan 0.006289308176100629 0.0 0.0
Hedley 0.006289308176100629 0.0 0.0
rights 0.006289308176100629 0.06187540371808745 3.891534825036947E-4
reserved 0.006289308176100629 0.06187540371808745 3.891534825036947E-4
