News 0.024691358024691357 1.9661128563728327 0.04854599645365019
jsoup 0.2654320987654321 0.0 0.0
Java 0.06790123456790123 0.010050335853501506 6.824302122747936E-4
HTML 0.09876543209876543 0.0 0.0
parser 0.09259259259259259 0.0 0.0
Bugs 0.006172839506172839 2.8134107167600364 0.017366732819506396
Discussion 0.006172839506172839 2.8134107167600364 0.017366732819506396
Download 0.006172839506172839 2.659260036932778 0.016415185413165296
API 0.006172839506172839 0.0 0.0
Reference 0.006172839506172839 0.843970070294529 0.0052096917919415365
Cookbook 0.006172839506172839 2.8134107167600364 0.017366732819506396
Try 0.006172839506172839 2.120263536200091 0.013088046519753647
Contents 0.006172839506172839 1.1394342831883648 0.007033544957952869
Full 0.006172839506172839 1.3862943611198906 0.008557372599505496
changelog 0.006172839506172839 3.912023005428146 0.02414829015696386
Parser 0.09259259259259259 0.0 0.0
release 0.21604938271604937 1.6607312068216509 0.3587999520910974
pep 0.006172839506172839 4.605170185988092 0.028426976456716616
released 0.21604938271604937 1.6607312068216509 0.3587999520910974
out 0.006172839506172839 0.9675840262617057 0.005972740902850035
of 0.006172839506172839 0.1165338162559516 7.193445447898247E-4
beta 0.006172839506172839 3.506557897319982 0.021645419119259147
Brand 0.006172839506172839 2.995732273553991 0.018492174528111055
new 0.006172839506172839 0.616186139423817 0.0038036181445914624
Self 0.006172839506172839 2.8134107167600364 0.017366732819506396
contained 0.006172839506172839 2.120263536200091 0.013088046519753647
and 0.012345679012345678 0.09431067947124142 0.0011643293761881657
improved 0.006172839506172839 2.8134107167600364 0.017366732819506396
web 0.006172839506172839 0.8209805520698303 0.005067781185616236
connections 0.006172839506172839 2.407945608651872 0.014863861781801676
version 0.04938271604938271 1.9661128563728327 0.09709199290730038
international 0.006172839506172839 4.605170185988092 0.028426976456716616
support 0.006172839506172839 1.1394342831883648 0.007033544957952869
Faster 0.006172839506172839 2.8134107167600364 0.017366732819506396
lighter 0.006172839506172839 4.605170185988092 0.028426976456716616
launches 0.006172839506172839 4.605170185988092 0.028426976456716616
Jonathan 0.006172839506172839 0.0 0.0
Hedley 0.006172839506172839 0.0 0.0
62219215
jsoup 0.02631578947368421 0.0 0.0
Java 0.02631578947368421 0.010050335853501506 2.6448252246056593E-4
HTML 0.02631578947368421 0.0 0.0
Parser 0.05263157894736842 0.0 0.0
release 0.05263157894736842 1.6607312068216509 0.08740690562219215
jsoup 0.02631578947368421 0.0 0.0
Java 0.02631578947368421 0.010050335853501506 2.6448252246056593E-4
HTML 0.02631578947368421 0.0 0.0
Parser 0.05263157894736842 0.0 0.0
release 0.05263157894736842 1.6607312068216509 0.08740690562219215
jsoup 0.02631578947368421 0.0 0.0
Java 0.02631578947368421 0.010050335853501506 2.6448252246056593E-4
HTML 0.02631578947368421 0.0 0.0
Parser 0.05263157894736842 0.0 0.0
release 0.05263157894736842 1.6607312068216509 0.08740690562219215
jsoup 0.02631578947368421 0.0 0.0
Java 0.02631578947368421 0.010050335853501506 2.6448252246056593E-4
HTML 0.02631578947368421 0.0 0.0
Parser 0.05263157894736842 0.0 0.0
release 0.05263157894736842 1.6607312068216509 0.08740690562219215
jsoup 0.02631578947368421 0.0 0.0
Java 0.02631578947368421 0.010050335853501506 2.6448252246056593E-4
HTML 0.02631578947368421 0.0 0.0
Parser 0.05263157894736842 0.0 0.0
release 0.05263157894736842 1.6607312068216509 0.08740690562219215
jsoup 0.02631578947368421 0.0 0.0
release 0.05263157894736842 1.6607312068216509 0.08740690562219215
jsoup 0.02631578947368421 0.0 0.0
release 0.05263157894736842 1.6607312068216509 0.08740690562219215
jsoup 0.02631578947368421 0.0 0.0
release 0.05263157894736842 1.6607312068216509 0.08740690562219215
jsoup 0.02631578947368421 0.0 0.0
release 0.05263157894736842 1.6607312068216509 0.08740690562219215
jsoup 0.02631578947368421 0.0 0.0
release 0.05263157894736842 1.6607312068216509 0.08740690562219215
jsoup 0.02631578947368421 0.0 0.0
release 0.05263157894736842 1.6607312068216509 0.08740690562219215
jsoup 0.02631578947368421 0.0 0.0
release 0.05263157894736842 1.6607312068216509 0.08740690562219215
jsoup 0.02631578947368421 0.0 0.0
release 0.05263157894736842 1.6607312068216509 0.08740690562219215
jsoup 0.02631578947368421 0.0 0.0
release 0.05263157894736842 1.6607312068216509 0.08740690562219215
jsoup 0.02631578947368421 0.0 0.0
pep 0.02631578947368421 4.605170185988092 0.12118868910494977
release 0.05263157894736842 1.6607312068216509 0.08740690562219215
jsoup 0.02631578947368421 0.0 0.0
released 0.05263157894736842 1.6607312068216509 0.08740690562219215
jsoup 0.02631578947368421 0.0 0.0
released 0.05263157894736842 1.6607312068216509 0.08740690562219215
HTML 0.02631578947368421 0.0 0.0
parser 0.05263157894736842 0.0 0.0
out 0.02631578947368421 0.9675840262617057 0.02546273753320278
of 0.02631578947368421 0.1165338162559516 0.003066679375156621
beta 0.02631578947368421 3.506557897319982 0.09227783940315741
jsoup 0.02631578947368421 0.0 0.0
released 0.05263157894736842 1.6607312068216509 0.08740690562219215
Brand 0.02631578947368421 2.995732273553991 0.07883505983036818
new 0.02631578947368421 0.616186139423817 0.016215424721679392
HTML 0.02631578947368421 0.0 0.0
parser 0.05263157894736842 0.0 0.0
jsoup 0.02631578947368421 0.0 0.0
released 0.05263157894736842 1.6607312068216509 0.08740690562219215
jsoup 0.02631578947368421 0.0 0.0
released 0.05263157894736842 1.6607312068216509 0.08740690562219215
jsoup 0.02631578947368421 0.0 0.0
released 0.05263157894736842 1.6607312068216509 0.08740690562219215
jsoup 0.02631578947368421 0.0 0.0
released 0.05263157894736842 1.6607312068216509 0.08740690562219215
jsoup 0.02631578947368421 0.0 0.0
released 0.05263157894736842 1.6607312068216509 0.08740690562219215
jsoup 0.02631578947368421 0.0 0.0
released 0.05263157894736842 1.6607312068216509 0.08740690562219215
Self 0.02631578947368421 2.8134107167600364 0.07403712412526411
contained 0.02631578947368421 2.120263536200091 0.05579640884737081
and 0.02631578947368421 0.09431067947124142 0.0024818599860853
improved 0.02631578947368421 2.8134107167600364 0.07403712412526411
web 0.02631578947368421 0.8209805520698303 0.02160475137025869
connections 0.02631578947368421 2.407945608651872 0.06336698970136505
jsoup 0.02631578947368421 0.0 0.0
version 0.02631578947368421 1.9661128563728327 0.051739812009811384
HTML 0.02631578947368421 0.0 0.0
and 0.02631578947368421 0.09431067947124142 0.0024818599860853
international 0.02631578947368421 4.605170185988092 0.12118868910494977
support 0.02631578947368421 1.1394342831883648 0.02998511271548328
jsoup 0.02631578947368421 0.0 0.0
version 0.02631578947368421 1.9661128563728327 0.051739812009811384
Faster 0.02631578947368421 2.8134107167600364 0.07403712412526411
lighter 0.02631578947368421 4.605170185988092 0.12118868910494977
jsoup 0.02631578947368421 0.0 0.0
version 0.02631578947368421 1.9661128563728327 0.051739812009811384
released 0.05263157894736842 1.6607312068216509 0.08740690562219215
jsoup 0.02631578947368421 0.0 0.0
version 0.02631578947368421 1.9661128563728327 0.051739812009811384
released 0.05263157894736842 1.6607312068216509 0.08740690562219215
jsoup 0.02631578947368421 0.0 0.0
version 0.02631578947368421 1.9661128563728327 0.051739812009811384
released 0.05263157894736842 1.6607312068216509 0.08740690562219215
jsoup 0.02631578947368421 0.0 0.0
version 0.02631578947368421 1.9661128563728327 0.051739812009811384
released 0.05263157894736842 1.6607312068216509 0.08740690562219215
jsoup 0.02631578947368421 0.0 0.0
version 0.02631578947368421 1.9661128563728327 0.051739812009811384
released 0.05263157894736842 1.6607312068216509 0.08740690562219215
jsoup 0.02631578947368421 0.0 0.0
version 0.02631578947368421 1.9661128563728327 0.051739812009811384
released 0.05263157894736842 1.6607312068216509 0.08740690562219215
jsoup 0.02631578947368421 0.0 0.0
HTML 0.02631578947368421 0.0 0.0
parser 0.05263157894736842 0.0 0.0
launches 0.02631578947368421 4.605170185988092 0.12118868910494977
jsoup 0.02631578947368421 0.0 0.0
HTML 0.02631578947368421 0.0 0.0
parser 0.05263157894736842 0.0 0.0
Jonathan 0.02631578947368421 0.0 0.0
Hedley 0.02631578947368421 0.0 0.0
