ChangeNotifyingArrayList 0.011647254575707155 1.8971199848858813 0.02209623942462757
jsoup 0.008319467554076539 0.0 0.0
Java 0.019966722129783693 0.010050335853501506 2.00672263297867E-4
HTML 0.0016638935108153079 0.0 0.0
Parser 0.0016638935108153079 0.0 0.0
API 0.0033277870216306157 0.0 0.0
Skip 0.0033277870216306157 0.06187540371808745 2.0590816545120618E-4
navigation 0.0033277870216306157 0.06187540371808745 2.0590816545120618E-4
links 0.0033277870216306157 0.0408219945202552 1.3584690356158136E-4
Overview 0.0033277870216306157 0.06187540371808745 2.0590816545120618E-4
Package 0.004991680532445923 0.06187540371808745 3.0886224817680926E-4
Class 0.03161397670549085 0.06187540371808745 0.0019561275717864587
Use 0.004991680532445923 0.010050335853501506 5.016806582446675E-5
Tree 0.0033277870216306157 0.0408219945202552 1.3584690356158136E-4
Deprecated 0.0033277870216306157 0.06187540371808745 2.0590816545120618E-4
Index 0.016638935108153077 0.06187540371808745 0.0010295408272560308
Help 0.0033277870216306157 0.05129329438755048 1.70693159359569E-4
org 0.0033277870216306157 0.05129329438755048 1.70693159359569E-4
helper 0.0033277870216306157 1.1086626245216111 0.0036893930932499538
E 0.08818635607321132 0.7765287894989963 0.06847924433185824
java 0.019966722129783693 0.010050335853501506 2.00672263297867E-4
lang 0.0033277870216306157 0.653926467406664 0.0021761280113366524
Object 0.0066555740432612314 0.43078291609245434 0.00286710759462532
util 0.013311148086522463 1.2729656758128876 0.016944634619805492
AbstractCollection 0.0033277870216306157 2.302585092994046 0.007662512788665711
AbstractList 0.0033277870216306157 2.302585092994046 0.007662512788665711
ArrayList 0.024958402662229616 1.8325814637483102 0.04573830608356847
All 0.004991680532445923 0.05129329438755048 2.560397390393535E-4
Implemented 0.0016638935108153079 1.0498221244986776 0.0017467922204636899
Interfaces 0.0016638935108153079 1.0216512475319812 0.0016999188810848274
Serializable 0.0016638935108153079 1.4271163556401458 0.0023745696433280297
Cloneable 0.0016638935108153079 1.3093333199837622 0.002178591214615245
Iterable 0.0016638935108153079 1.6094379124341003 0.002677933298559235
Collection 0.026622296173044926 1.4696759700589417 0.03912614895331625
List 0.019966722129783693 0.653926467406664 0.013056768068019914
RandomAccess 0.0016638935108153079 2.407945608651872 0.004006565072632066
public 0.021630615640599003 0.6931471805599453 0.014993200245057054
abstract 0.004991680532445923 1.2729656758128876 0.006354237982427059
class 0.03161397670549085 0.06187540371808745 0.0019561275717864587
extends 0.008319467554076539 0.653926467406664 0.0054403200283416305
Implementation 0.0016638935108153079 1.3470736479666094 0.002241387101441946
of 0.0033277870216306157 0.1165338162559516 3.8779972131764264E-4
that 0.0033277870216306157 0.22314355131420976 7.425742140239926E-4
watches 0.0016638935108153079 2.5257286443082556 0.0042025435013448515
out 0.0016638935108153079 0.9675840262617057 0.0016099567824654005
for 0.0033277870216306157 0.083381608939051 2.7747623607005323E-4
changes 0.0033277870216306157 0.7765287894989963 0.002584122427617292
to 0.0033277870216306157 0.17435338714477774 5.802109389177296E-4
the 0.004991680532445923 0.10536051565782635 5.259260348976357E-4
contents 0.0016638935108153079 1.1394342831883648 0.001895897309797612
See 0.004991680532445923 0.3566749439387324 0.0017804073740702116
Also 0.0033277870216306157 0.5108256237659907 0.0016999188810848276
Serialized 0.0016638935108153079 2.302585092994046 0.0038312563943328553
Form 0.0016638935108153079 0.9675840262617057 0.0016099567824654005
Field 0.004991680532445923 1.1394342831883648 0.005687691929392836
Summary 0.0066555740432612314 0.6931471805599453 0.004613292383094478
Fields 0.0016638935108153079 1.1086626245216111 0.0018446965466249769
inherited 0.009983361064891847 0.9942522733438669 0.009925979434381367
from 0.009983361064891847 0.38566248081198473 0.0038502077951279674
modCount 0.0016638935108153079 3.912023005428146 0.00650918969289209
Constructor 0.004991680532445923 0.6733445532637655 0.0033611208981552355
Constructors 0.0016638935108153079 0.8915981192837835 0.0014835243249314203
Description 0.004991680532445923 0.18632957819149354 9.300977280773388E-4
int 0.02329450915141431 1.07880966137193 0.025130341529462596
initialCapacity 0.0033277870216306157 3.2188758248682006 0.01071173319423694
Method 0.008319467554076539 0.32850406697203605 0.0027329789265560403
Modifier 0.0016638935108153079 0.653926467406664 0.0010880640056683262
and 0.0066555740432612314 0.09431067947124142 6.276917102911242E-4
Type 0.0016638935108153079 0.44628710262841953 7.425742140239926E-4
void 0.013311148086522463 1.4696759700589417 0.019563074476658126
add 0.018302828618968387 1.171182981502945 0.021435961391900828
index 0.016638935108153077 0.06187540371808745 0.0010295408272560308
element 0.0066555740432612314 0.7339691750802005 0.004884986190217641
boolean 0.019966722129783693 0.653926467406664 0.013056768068019914
e 0.08818635607321132 0.7765287894989963 0.06847924433185824
addAll 0.018302828618968387 1.8325814637483102 0.03354142446128355
c 0.013311148086522463 1.6607312068216509 0.022106239025912158
clear 0.009983361064891847 2.120263536200091 0.02116735643460989
onContentsChanged 0.004991680532445923 3.2188758248682006 0.01606759979135541
remove 0.018302828618968387 1.4271163556401458 0.026120266076608327
o 0.0033277870216306157 1.3862943611198906 0.004613292383094478
removeAll 0.009983361064891847 2.8134107167600364 0.02808729500925161
protected 0.0033277870216306157 1.1394342831883648 0.003791794619595224
removeRange 0.0066555740432612314 3.2188758248682006 0.02142346638847388
fromIndex 0.0033277870216306157 3.912023005428146 0.01301837938578418
toIndex 0.0033277870216306157 3.912023005428146 0.01301837938578418
retainAll 0.009983361064891847 3.2188758248682006 0.03213519958271082
set 0.008319467554076539 0.4620354595965586 0.003843889014946411
Methods 0.016638935108153077 0.18632957819149354 0.0031003257602577956
clone 0.0016638935108153079 0.8209805520698303 0.0013660242130945598
contains 0.0033277870216306157 0.5798184952529422 0.0019295124634041336
ensureCapacity 0.0016638935108153079 3.912023005428146 0.00650918969289209
equals 0.0016638935108153079 0.9942522733438669 0.0016543299057302278
forEach 0.0016638935108153079 2.407945608651872 0.004006565072632066
get 0.0016638935108153079 0.6733445532637655 0.001120373632718412
hashCode 0.0016638935108153079 0.9942522733438669 0.0016543299057302278
indexOf 0.0016638935108153079 3.912023005428146 0.00650918969289209
isEmpty 0.0016638935108153079 2.0402208285265546 0.003394710197215565
iterator 0.0016638935108153079 1.6094379124341003 0.002677933298559235
lastIndexOf 0.0016638935108153079 3.912023005428146 0.00650918969289209
listIterator 0.0033277870216306157 2.659260036932778 0.00884945103804585
removeIf 0.0016638935108153079 3.912023005428146 0.00650918969289209
replaceAll 0.0016638935108153079 3.912023005428146 0.00650918969289209
size 0.0016638935108153079 1.3862943611198906 0.002306646191547239
sort 0.0016638935108153079 2.659260036932778 0.004424725519022925
spliterator 0.0016638935108153079 2.407945608651872 0.004006565072632066
subList 0.0016638935108153079 3.912023005428146 0.00650918969289209
toArray 0.004991680532445923 3.912023005428146 0.01952756907867627
trimToSize 0.0016638935108153079 3.912023005428146 0.00650918969289209
containsAll 0.0033277870216306157 3.912023005428146 0.01301837938578418
toString 0.0016638935108153079 0.9675840262617057 0.0016099567824654005
finalize 0.0016638935108153079 1.07880966137193 0.001795024394961614
getClass 0.0016638935108153079 1.07880966137193 0.001795024394961614
notify 0.0016638935108153079 1.0498221244986776 0.0017467922204636899
notifyAll 0.0016638935108153079 1.07880966137193 0.001795024394961614
wait 0.004991680532445923 0.9942522733438669 0.004962989717190684
interface 0.029950083194675542 0.653926467406664 0.019585152102029872
parallelStream 0.0016638935108153079 3.912023005428146 0.00650918969289209
stream 0.0016638935108153079 1.3862943611198906 0.002306646191547239
Details 0.0033277870216306157 0.7550225842780328 0.0025125543569984453
Specified 0.026622296173044926 0.9675840262617057 0.025759308519446408
by 0.026622296173044926 0.27443684570176036 0.007306138987068496
in 0.04658901830282862 0.1508228897345837 0.007026690370330022
Overrides 0.018302828618968387 1.5606477482646683 0.02856426827106714
Copyright 0.0033277870216306157 0.06187540371808745 2.0590816545120618E-4
Jonathan 0.0016638935108153079 0.0 0.0
Hedley 0.0016638935108153079 0.0 0.0
rights 0.0033277870216306157 0.06187540371808745 2.0590816545120618E-4
reserved 0.0033277870216306157 0.06187540371808745 2.0590816545120618E-4
Nested 0.0016638935108153079 2.0402208285265546 0.003394710197215565
Constr 0.0033277870216306157 2.995732273553991 0.009969158980212948
Detail 0.0016638935108153079 1.9661128563728327 0.003271402423249306
Submit 0.0016638935108153079 1.07880966137193 0.001795024394961614
a 0.0016638935108153079 0.16251892949777494 2.704141921759982E-4
bug 0.0016638935108153079 1.1086626245216111 0.0018446965466249769
or 0.0033277870216306157 0.2613647641344075 8.697662699980284E-4
feature 0.0016638935108153079 1.1394342831883648 0.001895897309797612
For 0.0033277870216306157 0.083381608939051 2.7747623607005323E-4
further 0.0016638935108153079 0.9416085398584451 0.001566736339198744
reference 0.0016638935108153079 0.843970070294529 0.001404276323285406
developer 0.0033277870216306157 1.07880966137193 0.003590048789923228
documentation 0.0066555740432612314 0.9416085398584451 0.006266945356794976
see 0.004991680532445923 0.3566749439387324 0.0017804073740702116
SE 0.0016638935108153079 1.1086626245216111 0.0018446965466249769
Documentation 0.0066555740432612314 0.9416085398584451 0.006266945356794976
That 0.0033277870216306157 0.22314355131420976 7.425742140239926E-4
more 0.0016638935108153079 0.7339691750802005 0.0012212465475544103
detailed 0.0016638935108153079 1.0498221244986776 0.0017467922204636899
targeted 0.0016638935108153079 1.171182981502945 0.001948723762900075
descriptions 0.004991680532445923 0.18632957819149354 9.300977280773388E-4
with 0.0016638935108153079 0.23572233352106994 3.9221686109995E-4
conceptual 0.0016638935108153079 1.171182981502945 0.001948723762900075
overviews 0.0016638935108153079 1.171182981502945 0.001948723762900075
definitions 0.0016638935108153079 0.7765287894989963 0.001292061213808646
terms 0.0033277870216306157 1.0216512475319812 0.003399837762169655
workarounds 0.0016638935108153079 1.171182981502945 0.001948723762900075
working 0.0016638935108153079 0.9942522733438669 0.0016543299057302278
code 0.0016638935108153079 0.5108256237659907 8.499594405424138E-4
examples 0.0016638935108153079 0.7985076962177716 0.0013286317740728313
Oracle 0.0016638935108153079 0.8915981192837835 0.0014835243249314203
its 0.0016638935108153079 0.8675005677047231 0.0014434285652324844
affiliates 0.0016638935108153079 1.171182981502945 0.001948723762900075
is 0.0016638935108153079 0.22314355131420976 3.712871070119963E-4
subject 0.0016638935108153079 1.1394342831883648 0.001895897309797612
license 0.0016638935108153079 1.1086626245216111 0.0018446965466249769
redistribution 0.0016638935108153079 1.171182981502945 0.001948723762900075
policy 0.0016638935108153079 1.0216512475319812 0.0016999188810848274
Scripting 0.0016638935108153079 1.0216512475319812 0.0016999188810848274
on 0.0016638935108153079 0.5447271754416719 9.063680123821496E-4
this 0.0016638935108153079 0.3424903089467759 5.698674025736704E-4
page 0.0033277870216306157 0.843970070294529 0.002808552646570812
tracks 0.0016638935108153079 1.07880966137193 0.001795024394961614
web 0.0016638935108153079 0.8209805520698303 0.0013660242130945598
traffic 0.0016638935108153079 1.1086626245216111 0.0018446965466249769
but 0.0016638935108153079 0.8209805520698303 0.0013660242130945598
does 0.0016638935108153079 0.7339691750802005 0.0012212465475544103
not 0.0016638935108153079 0.3424903089467759 5.698674025736704E-4
change 0.0033277870216306157 0.7765287894989963 0.002584122427617292
content 0.0016638935108153079 0.44628710262841953 7.425742140239926E-4
any 0.0016638935108153079 0.5978370007556204 9.947371060825632E-4
way 0.0016638935108153079 1.1086626245216111 0.0018446965466249769
006125207870285144
