Serialized 7.818608287724785E-4 2.302585092994046 0.001800301089127479
Form 0.001563721657544957 0.9675840262617057 0.0015130320973599776
jsoup 7.818608287724785E-4 0.0 0.0
Java 0.001563721657544957 0.010050335853501506 1.5715927839720885E-5
HTML 0.001563721657544957 0.0 0.0
Parser 0.001563721657544957 0.0 0.0
API 0.001563721657544957 0.0 0.0
Skip 7.818608287724785E-4 0.06187540371808745 4.837795443165555E-5
navigation 7.818608287724785E-4 0.06187540371808745 4.837795443165555E-5
links 7.818608287724785E-4 0.0408219945202552 3.1917118467752304E-5
Overview 7.818608287724785E-4 0.06187540371808745 4.837795443165555E-5
Package 0.001563721657544957 0.06187540371808745 9.67559088633111E-5
Class 0.003127443315089914 0.06187540371808745 1.935118177266222E-4
Use 0.004691164972634871 0.010050335853501506 4.714778351916266E-5
Tree 0.001563721657544957 0.0408219945202552 6.383423693550461E-5
Deprecated 0.001563721657544957 0.06187540371808745 9.67559088633111E-5
Index 7.818608287724785E-4 0.06187540371808745 4.837795443165555E-5
Help 7.818608287724785E-4 0.05129329438755048 4.010421766032094E-5
org 7.818608287724785E-4 0.05129329438755048 4.010421766032094E-5
HttpStatusException 7.818608287724785E-4 1.6607312068216509 0.0012984606777338944
extends 7.818608287724785E-4 0.653926467406664 5.112794897628335E-4
IOException 7.818608287724785E-4 1.4696759700589417 0.0011490820719772805
implements 0.001563721657544957 0.5978370007556204 9.348506657632844E-4
Serializable 7.818608287724785E-4 1.4271163556401458 0.0011158063765755635
Fields 7.818608287724785E-4 1.1086626245216111 8.66819878437538E-4
statusCode 7.818608287724785E-4 2.8134107167600364 0.0021996956346833746
int 7.818608287724785E-4 1.07880966137193 8.434790159280141E-4
url 0.0023455824863174357 1.1086626245216111 0.0026004596353126144
String 0.001563721657544957 0.4155154439616658 6.497504987672647E-4
SerializationException 7.818608287724785E-4 2.302585092994046 0.001800301089127479
RuntimeException 7.818608287724785E-4 2.407945608651872 0.0018826783492196027
UncheckedIOException 7.818608287724785E-4 2.302585092994046 0.001800301089127479
UnsupportedMimeTypeException 7.818608287724785E-4 1.7719568419318754 0.0013854236449819199
mimeType 7.818608287724785E-4 2.120263536200091 0.0016577510056294692
helper 0.001563721657544957 1.1086626245216111 0.001733639756875076
ChangeNotifyingArrayList 7.818608287724785E-4 1.8971199848858813 0.001483283803663707
ArrayList 7.818608287724785E-4 1.8325814637483102 0.0014328236620393356
E 0.001563721657544957 0.7765287894989963 0.0012142748858467495
parser 0.001563721657544957 0.0 0.0
ParseErrorList 7.818608287724785E-4 2.8134107167600364 0.0021996956346833746
ParseError 7.818608287724785E-4 2.8134107167600364 0.0021996956346833746
initialCapacity 7.818608287724785E-4 3.2188758248682006 0.002516712920147147
maxSize 7.818608287724785E-4 3.912023005428146 0.0030586575492010525
select 7.818608287724785E-4 1.5606477482646683 0.0012202093418801159
Elements 0.001563721657544957 0.4620354595965586 7.224948547248767E-4
Element 0.001563721657544957 0.4620354595965586 7.224948547248767E-4
Selector 7.818608287724785E-4 1.7147984280919266 0.001340733720165697
SelectorParseException 7.818608287724785E-4 2.8134107167600364 0.0021996956346833746
IllegalStateException 7.818608287724785E-4 2.5257286443082556 0.001974768291093241
Copyright 7.818608287724785E-4 0.06187540371808745 4.837795443165555E-5
Jonathan 7.818608287724785E-4 0.0 0.0
Hedley 7.818608287724785E-4 0.0 0.0
All 0.001563721657544957 0.05129329438755048 8.020843532064188E-5
rights 7.818608287724785E-4 0.06187540371808745 4.837795443165555E-5
reserved 7.818608287724785E-4 0.06187540371808745 4.837795443165555E-5
javax 7.818608287724785E-4 1.3093333199837622 0.001023716434701925
accessibility 7.818608287724785E-4 1.9661128563728327 0.001537226627343888
AccessibleResourceBundle 7.818608287724785E-4 2.8134107167600364 0.0021996956346833746
This 0.001563721657544957 0.3424903089467759 5.355595135993368E-4
class 0.003127443315089914 0.06187540371808745 1.935118177266222E-4
is 0.006254886630179828 0.18632957819149354 0.0011654703874370198
deprecated 0.001563721657544957 0.06187540371808745 9.67559088633111E-5
as 0.001563721657544957 0.32850406697203605 5.136889241157717E-4
of 0.001563721657544957 0.1165338162559516 1.822264523157961E-4
version 0.001563721657544957 1.7147984280919266 0.002681467440331394
the 0.001563721657544957 0.10536051565782635 1.6475452018424762E-4
Platform 0.001563721657544957 1.07880966137193 0.0016869580318560281
xml 7.818608287724785E-4 1.2039728043259361 9.413391746098015E-4
sax 0.001563721657544957 2.659260036932778 0.004158342512795587
helpers 0.001563721657544957 1.1086626245216111 0.001733639756875076
AttributeListImpl 7.818608287724785E-4 2.8134107167600364 0.0021996956346833746
a 0.003127443315089914 0.16251892949777494 5.082687396333852E-4
interface 7.818608287724785E-4 0.653926467406664 5.112794897628335E-4
AttributeList 7.818608287724785E-4 2.8134107167600364 0.0021996956346833746
that 0.001563721657544957 0.22314355131420976 3.4893440393152426E-4
has 0.001563721657544957 0.6931471805599453 0.0010838892581078112
been 0.006254886630179828 0.18632957819149354 0.0011654703874370198
replaced 0.0023455824863174357 3.2188758248682006 0.00755013876044144
by 7.818608287724785E-4 0.27443684570176036 2.1457141962608317E-4
Attributes 0.001563721657544957 0.3147107448397002 4.92120007567944E-4
which 7.818608287724785E-4 0.7550225842780328 5.903225834855612E-4
implemented 0.001563721657544957 0.5978370007556204 9.348506657632844E-4
in 0.001563721657544957 0.1508228897345837 2.3584501913148347E-4
AttributesImpl 7.818608287724785E-4 2.8134107167600364 0.0021996956346833746
management 7.818608287724785E-4 1.6094379124341003 0.0012583564600735734
DefaultLoaderRepository 7.818608287724785E-4 3.2188758248682006 0.002516712920147147
MBeanServer 7.818608287724785E-4 2.659260036932778 0.0020791712563977935
getClassLoaderRepository 7.818608287724785E-4 3.912023005428146 0.0030586575492010525
instead 0.001563721657544957 1.6607312068216509 0.0025969213554677887
loading 7.818608287724785E-4 2.407945608651872 0.0018826783492196027
swing 0.001563721657544957 1.9661128563728327 0.003074453254687776
text 0.001563721657544957 1.1086626245216111 0.001733639756875076
DefaultTextUI 7.818608287724785E-4 3.2188758248682006 0.002516712920147147
omg 0.001563721657544957 2.5257286443082556 0.003949536582186482
CORBA 7.818608287724785E-4 2.5257286443082556 0.001974768291093241
DynamicImplementation 7.818608287724785E-4 2.995732273553991 0.0023422457181813843
HandlerBase 7.818608287724785E-4 3.2188758248682006 0.002516712920147147
works 0.001563721657544957 0.9416085398584451 0.0014724136667059345
with 7.818608287724785E-4 0.23572233352106994 1.8430205904696633E-4
DocumentHandler 7.818608287724785E-4 3.2188758248682006 0.002516712920147147
It 0.001563721657544957 0.47803580094299974 7.475149350164187E-4
SAX 0.001563721657544957 2.659260036932778 0.004158342512795587
DefaultHandler 7.818608287724785E-4 2.8134107167600364 0.0021996956346833746
java 0.001563721657544957 0.010050335853501506 1.5715927839720885E-5
security 0.001563721657544957 1.7719568419318754 0.0027708472899638397
Identity 7.818608287724785E-4 1.8971199848858813 0.001483283803663707
no 0.001563721657544957 0.5798184952529422 9.066747384721534E-4
longer 7.818608287724785E-4 3.2188758248682006 0.002516712920147147
used 0.004691164972634871 0.010050335853501506 4.714778351916266E-5
Its 0.001563721657544957 0.8675005677047231 0.0013565294256524206
functionality 7.818608287724785E-4 1.0498221244986776 8.208147963242202E-4
KeyStore 7.818608287724785E-4 2.659260036932778 0.0020791712563977935
cert 7.818608287724785E-4 2.5257286443082556 0.001974768291093241
package 0.001563721657544957 0.06187540371808745 9.67559088633111E-5
and 7.818608287724785E-4 0.09431067947124142 7.373782601348038E-5
Principal 0.001563721657544957 2.407945608651872 0.0037653566984392054
IdentityScope 7.818608287724785E-4 2.8134107167600364 0.0021996956346833746
io 7.818608287724785E-4 1.5606477482646683 0.0012202093418801159
LineNumberInputStream 7.818608287724785E-4 2.8134107167600364 0.0021996956346833746
incorrectly 7.818608287724785E-4 4.605170185988092 0.003600602178254958
assumes 7.818608287724785E-4 2.207274913189721 0.0017257817929552158
bytes 0.001563721657544957 2.0402208285265546 0.0031903374957412893
adequately 7.818608287724785E-4 4.605170185988092 0.003600602178254958
represent 7.818608287724785E-4 2.995732273553991 0.0023422457181813843
characters 0.0023455824863174357 1.2729656758128876 0.0029858459948699477
As 0.001563721657544957 0.32850406697203605 5.136889241157717E-4
JDK 7.818608287724785E-4 3.2188758248682006 0.002516712920147147
preferred 7.818608287724785E-4 2.407945608651872 0.0018826783492196027
way 7.818608287724785E-4 1.1086626245216111 8.66819878437538E-4
to 7.818608287724785E-4 0.17435338714477774 1.3632008377230474E-4
operate 7.818608287724785E-4 4.605170185988092 0.003600602178254958
on 0.001563721657544957 0.5447271754416719 8.518016816914338E-4
character 0.0023455824863174357 1.2729656758128876 0.0029858459948699477
streams 0.001563721657544957 1.3093333199837622 0.00204743286940385
via 7.818608287724785E-4 1.8971199848858813 0.001483283803663707
new 7.818608287724785E-4 0.616186139423817 4.817718056480195E-4
stream 0.001563721657544957 1.3093333199837622 0.00204743286940385
classes 0.003127443315089914 0.06187540371808745 1.935118177266222E-4
include 0.001563721657544957 1.0498221244986776 0.0016416295926484404
for 0.001563721657544957 0.083381608939051 1.3038562773893823E-4
counting 7.818608287724785E-4 4.605170185988092 0.003600602178254958
line 0.001563721657544957 1.9661128563728327 0.003074453254687776
numbers 7.818608287724785E-4 2.5257286443082556 0.001974768291093241
rmi 0.001563721657544957 2.302585092994046 0.003600602178254958
server 0.0023455824863174357 2.120263536200091 0.004973253016888408
LogStream 7.818608287724785E-4 2.995732273553991 0.0023422457181813843
replacement 7.818608287724785E-4 2.302585092994046 0.001800301089127479
plaf 7.818608287724785E-4 2.0402208285265546 0.0015951687478706446
metal 7.818608287724785E-4 1.9661128563728327 0.001537226627343888
MetalComboBoxUI 7.818608287724785E-4 2.995732273553991 0.0023422457181813843
MetalComboPopup 7.818608287724785E-4 3.506557897319982 0.0027416402637372803
platform 0.001563721657544957 1.07880966137193 0.0016869580318560281
v 7.818608287724785E-4 1.3470736479666094 0.0010532241188167392
Operation 0.001563721657544957 1.6094379124341003 0.002516712920147147
ParserFactory 7.818608287724785E-4 3.2188758248682006 0.002516712920147147
auth 7.818608287724785E-4 2.0402208285265546 0.0015951687478706446
Policy 0.001563721657544957 1.0216512475319812 0.001597578182223583
Replaced 0.0023455824863174357 3.2188758248682006 0.00755013876044144
method 0.003127443315089914 0.18632957819149354 5.827351937185099E-4
public 7.818608287724785E-4 0.6931471805599453 5.419446290539056E-4
PermissionCollection 7.818608287724785E-4 2.659260036932778 0.0020791712563977935
getPermissions 7.818608287724785E-4 3.912023005428146 0.0030586575492010525
ProtectionDomain 7.818608287724785E-4 2.659260036932778 0.0020791712563977935
pd 7.818608287724785E-4 3.912023005428146 0.0030586575492010525
constructor 0.003127443315089914 0.6733445532637655 0.002105846921856968
CodeSource 7.818608287724785E-4 2.995732273553991 0.0023422457181813843
cs 7.818608287724785E-4 3.912023005428146 0.0030586575492010525
permissions 0.001563721657544957 2.659260036932778 0.004158342512795587
ClassLoader 7.818608287724785E-4 2.995732273553991 0.0023422457181813843
loader 7.818608287724785E-4 3.2188758248682006 0.002516712920147147
principals 0.001563721657544957 2.407945608651872 0.0037653566984392054
These 0.001563721657544957 1.5141277326297755 0.00236767432780262
two 7.818608287724785E-4 1.4271163556401458 0.0011158063765755635
APIs 0.001563721657544957 0.0 0.0
provide 7.818608287724785E-4 1.3862943611198906 0.0010838892581078112
callers 7.818608287724785E-4 3.912023005428146 0.0030586575492010525
means 7.818608287724785E-4 1.8325814637483102 0.0014328236620393356
query 7.818608287724785E-4 1.6607312068216509 0.0012984606777338944
based 7.818608287724785E-4 1.2729656758128876 9.952819982899823E-4
Permission 0.001563721657544957 2.659260036932778 0.004158342512795587
entries 7.818608287724785E-4 2.407945608651872 0.0018826783492196027
PrincipalHolder 7.818608287724785E-4 2.995732273553991 0.0023422457181813843
Signer 7.818608287724785E-4 2.995732273553991 0.0023422457181813843
soap 7.818608287724785E-4 2.5257286443082556 0.001974768291093241
SOAPElementFactory 7.818608287724785E-4 2.995732273553991 0.0023422457181813843
SOAPFactory 7.818608287724785E-4 2.995732273553991 0.0023422457181813843
creating 0.0023455824863174357 0.7765287894989963 0.0018214123287701243
SOAPElements 7.818608287724785E-4 3.912023005428146 0.0030586575492010525
StringBufferInputStream 7.818608287724785E-4 2.659260036932778 0.0020791712563977935
does 0.003127443315089914 0.43078291609245434 0.0013472491511882856
not 0.001563721657544957 0.3424903089467759 5.355595135993368E-4
properly 7.818608287724785E-4 3.912023005428146 0.0030586575492010525
convert 0.0023455824863174357 2.302585092994046 0.005400903267382438
into 7.818608287724785E-4 0.8915981192837835 6.971056444752021E-4
create 0.0023455824863174357 0.7765287894989963 0.0018214123287701243
from 7.818608287724785E-4 0.38566248081198473 3.015343868741085E-4
string 0.001563721657544957 0.4155154439616658 6.497504987672647E-4
StringReader 7.818608287724785E-4 2.995732273553991 0.0023422457181813843
TableView 7.818608287724785E-4 2.995732273553991 0.0023422457181813843
TableCell 7.818608287724785E-4 3.2188758248682006 0.002516712920147147
A 0.001563721657544957 0.16251892949777494 2.541343698166926E-4
table 0.001563721657544957 1.5606477482646683 0.0024404186837602318
cell 0.001563721657544957 2.659260036932778 0.004158342512795587
can 7.818608287724785E-4 0.7339691750802005 5.738617475216579E-4
now 7.818608287724785E-4 2.407945608651872 0.0018826783492196027
be 0.006254886630179828 0.18632957819149354 0.0011654703874370198
any 0.001563721657544957 0.5978370007556204 9.348506657632844E-4
View 7.818608287724785E-4 1.4271163556401458 0.0011158063765755635
implementation 7.818608287724785E-4 1.3470736479666094 0.0010532241188167392
Exceptions 0.003127443315089914 1.2729656758128876 0.003981127993159929
Description 0.001563721657544957 0.18632957819149354 2.9136759685925495E-4
RMISecurityException 7.818608287724785E-4 2.995732273553991 0.0023422457181813843
SecurityException 7.818608287724785E-4 2.995732273553991 0.0023422457181813843
Application 7.818608287724785E-4 1.3093333199837622 0.001023716434701925
code 7.818608287724785E-4 0.5108256237659907 3.993945455558958E-4
should 7.818608287724785E-4 1.0498221244986776 8.208147963242202E-4
never 7.818608287724785E-4 3.2188758248682006 0.002516712920147147
directly 7.818608287724785E-4 1.8971199848858813 0.001483283803663707
reference 0.001563721657544957 0.843970070294529 0.0013197342772392946
this 0.001563721657544957 0.3424903089467759 5.355595135993368E-4
RMISecurityManager 7.818608287724785E-4 2.995732273553991 0.0023422457181813843
throws 0.001563721657544957 1.5141277326297755 0.00236767432780262
subclass 7.818608287724785E-4 2.302585092994046 0.001800301089127479
lang 7.818608287724785E-4 0.653926467406664 5.112794897628335E-4
ServerRuntimeException 7.818608287724785E-4 2.995732273553991 0.0023422457181813843
SkeletonMismatchException 7.818608287724785E-4 2.995732273553991 0.0023422457181813843
Skeletons 0.001563721657544957 2.995732273553991 0.004684491436362769
are 0.006254886630179828 0.18632957819149354 0.0011654703874370198
required 7.818608287724785E-4 1.3093333199837622 0.001023716434701925
remote 0.001563721657544957 2.407945608651872 0.0037653566984392054
calls 0.003127443315089914 1.4696759700589417 0.004596328287909122
greater 7.818608287724785E-4 2.8134107167600364 0.0021996956346833746
SkeletonNotFoundException 7.818608287724785E-4 2.995732273553991 0.0023422457181813843
Annotation 7.818608287724785E-4 1.8971199848858813 0.001483283803663707
Types 0.003127443315089914 0.40047756659712536 0.0012524708884976555
Type 0.003127443315089914 0.40047756659712536 0.0012524708884976555
jws 7.818608287724785E-4 2.8134107167600364 0.0021996956346833746
InitParam 7.818608287724785E-4 2.995732273553991 0.0023422457181813843
JSR 7.818608287724785E-4 3.2188758248682006 0.002516712920147147
SOAPMessageHandler 7.818608287724785E-4 2.995732273553991 0.0023422457181813843
SOAPMessageHandlers 7.818608287724785E-4 2.995732273553991 0.0023422457181813843
Field 0.001563721657544957 1.1394342831883648 0.0017817580659708597
openmbean 7.818608287724785E-4 2.5257286443082556 0.001974768291093241
OpenType 7.818608287724785E-4 2.659260036932778 0.0020791712563977935
ALLOWED 7.818608287724785E-4 1.3862943611198906 0.0010838892581078112
CLASSNAMES 7.818608287724785E-4 2.8134107167600364 0.0021996956346833746
LIST 0.0023455824863174357 0.653926467406664 0.0015338384692885007
monitor 0.0023455824863174357 2.0402208285265546 0.004785506243611935
Monitor 0.0023455824863174357 2.0402208285265546 0.004785506243611935
alreadyNotified 7.818608287724785E-4 3.2188758248682006 0.002516712920147147
equivalent 7.818608287724785E-4 2.659260036932778 0.0020791712563977935
alreadyNotifieds 7.818608287724785E-4 3.2188758248682006 0.002516712920147147
JViewport 7.818608287724785E-4 2.207274913189721 0.0017257817929552158
backingStore 7.818608287724785E-4 3.912023005428146 0.0030586575492010525
basic 7.818608287724785E-4 1.4696759700589417 0.0011490820719772805
BasicDesktopPaneUI 7.818608287724785E-4 2.659260036932778 0.0020791712563977935
closeKey 7.818608287724785E-4 3.912023005428146 0.0030586575492010525
sql 7.818608287724785E-4 1.6607312068216509 0.0012984606777338944
rowset 7.818608287724785E-4 1.6607312068216509 0.0012984606777338944
CachedRowSet 7.818608287724785E-4 2.120263536200091 0.0016577510056294692
COMMIT 7.818608287724785E-4 3.2188758248682006 0.002516712920147147
ON 0.001563721657544957 0.5447271754416719 8.518016816914338E-4
ACCEPT 7.818608287724785E-4 3.2188758248682006 0.002516712920147147
CHANGES 0.003127443315089914 0.7765287894989963 0.002428549771693499
Because 0.001563721657544957 2.5257286443082556 0.003949536582186482
field 0.001563721657544957 1.1394342831883648 0.0017817580659708597
final 7.818608287724785E-4 1.3093333199837622 0.001023716434701925
it 0.001563721657544957 0.47803580094299974 7.475149350164187E-4
part 7.818608287724785E-4 1.7147984280919266 0.001340733720165697
an 0.003127443315089914 0.16251892949777494 5.082687396333852E-4
its 0.001563721657544957 0.8675005677047231 0.0013565294256524206
value 0.001563721657544957 0.4620354595965586 7.224948547248767E-4
changed 0.003127443315089914 0.7765287894989963 0.002428549771693499
awt 7.818608287724785E-4 1.9661128563728327 0.001537226627343888
Frame 7.818608287724785E-4 2.207274913189721 0.0017257817929552158
CROSSHAIR 7.818608287724785E-4 3.912023005428146 0.0030586575492010525
CURSOR 0.001563721657544957 2.407945608651872 0.0037653566984392054
Cursor 0.001563721657544957 2.407945608651872 0.0037653566984392054
dbgTag 7.818608287724785E-4 3.912023005428146 0.0030586575492010525
No 0.001563721657544957 0.5798184952529422 9.066747384721534E-4
DEFAULT 0.001563721657544957 1.0216512475319812 0.001597578182223583
JRootPane 7.818608287724785E-4 2.207274913189721 0.0017257817929552158
defaultPressAction 7.818608287724785E-4 3.912023005428146 0.0030586575492010525
defaultReleaseAction 7.818608287724785E-4 3.912023005428146 0.0030586575492010525
BasicSplitPaneUI 7.818608287724785E-4 2.659260036932778 0.0020791712563977935
dividerResizeToggleKey 7.818608287724785E-4 3.912023005428146 0.0030586575492010525
BasicToolBarUI 7.818608287724785E-4 2.995732273553991 0.0023422457181813843
downKey 7.818608287724785E-4 3.912023005428146 0.0030586575492010525
BasicTabbedPaneUI 7.818608287724785E-4 2.659260036932778 0.0020791712563977935
RESIZE 0.001563721657544957 3.2188758248682006 0.005033425840294294
endKey 7.818608287724785E-4 3.912023005428146 0.0030586575492010525
util 7.818608287724785E-4 1.2729656758128876 9.952819982899823E-4
logging 0.001563721657544957 1.8325814637483102 0.0028656473240786713
Logger 0.0023455824863174357 2.5257286443082556 0.005924304873279725
global 0.001563721657544957 2.0402208285265546 0.0031903374957412893
Initialization 0.001563721657544957 2.995732273553991 0.004684491436362769
prone 7.818608287724785E-4 3.912023005428146 0.0030586575492010525
deadlocks 0.001563721657544957 3.912023005428146 0.006117315098402105
The 0.001563721657544957 0.10536051565782635 1.6475452018424762E-4
must 7.818608287724785E-4 1.1086626245216111 8.66819878437538E-4
initialized 7.818608287724785E-4 2.8134107167600364 0.0021996956346833746
initialization 0.001563721657544957 2.995732273553991 0.004684491436362769
may 7.818608287724785E-4 1.07880966137193 8.434790159280141E-4
cause 0.001563721657544957 2.207274913189721 0.0034515635859104317
LogManager 7.818608287724785E-4 2.659260036932778 0.0020791712563977935
In 0.001563721657544957 0.1508228897345837 2.3584501913148347E-4
such 0.001563721657544957 1.5141277326297755 0.00236767432780262
cases 7.818608287724785E-4 1.6607312068216509 0.0012984606777338944
wait 0.0023455824863174357 0.9942522733438669 0.00233210071933667
each 7.818608287724785E-4 1.5606477482646683 0.0012202093418801159
other 7.818608287724785E-4 0.8915981192837835 6.971056444752021E-4
complete 7.818608287724785E-4 1.7147984280919266 0.001340733720165697
get 7.818608287724785E-4 0.6733445532637655 5.26461730464242E-4
logger 0.0023455824863174357 2.5257286443082556 0.005924304873279725
object 0.0023455824863174357 0.38566248081198473 9.046031606223255E-4
call 0.003127443315089914 1.4696759700589417 0.004596328287909122
getGlobal 7.818608287724785E-4 3.912023005428146 0.0030586575492010525
For 0.001563721657544957 0.083381608939051 1.3038562773893823E-4
compatibility 7.818608287724785E-4 1.6607312068216509 0.0012984606777338944
old 7.818608287724785E-4 3.2188758248682006 0.002516712920147147
versions 0.001563721657544957 1.7147984280919266 0.002681467440331394
where 7.818608287724785E-4 1.4271163556401458 0.0011158063765755635
available 7.818608287724785E-4 1.6607312068216509 0.0012984606777338944
use 0.004691164972634871 0.010050335853501506 4.714778351916266E-5
getLogger 7.818608287724785E-4 3.912023005428146 0.0030586575492010525
GLOBAL 0.001563721657544957 2.0402208285265546 0.0031903374957412893
LOGGER 0.0023455824863174357 2.5257286443082556 0.005924304873279725
NAME 0.0023455824863174357 0.6931471805599453 0.001625833887161717
or 7.818608287724785E-4 0.2613647641344075 2.0435087109805123E-4
HAND 7.818608287724785E-4 3.506557897319982 0.0027416402637372803
homeKey 7.818608287724785E-4 3.912023005428146 0.0030586575492010525
net 7.818608287724785E-4 1.8325814637483102 0.0014328236620393356
HttpURLConnection 7.818608287724785E-4 2.995732273553991 0.0023422457181813843
HTTP 7.818608287724785E-4 1.1394342831883648 8.908790329854298E-4
SERVER 0.0023455824863174357 2.120263536200091 0.004973253016888408
ERROR 0.001563721657544957 1.4696759700589417 0.002298164143954561
misplaced 7.818608287724785E-4 3.912023005428146 0.0030586575492010525
shouldn 7.818608287724785E-4 3.912023005428146 0.0030586575492010525
t 7.818608287724785E-4 1.2729656758128876 9.952819982899823E-4
have 0.001563721657544957 0.6931471805599453 0.0010838892581078112
existed 0.001563721657544957 2.0402208285265546 0.0031903374957412893
SecurityManager 7.818608287724785E-4 2.995732273553991 0.0023422457181813843
inCheck 7.818608287724785E-4 3.912023005428146 0.0030586575492010525
type 0.003127443315089914 0.40047756659712536 0.0012524708884976555
checking 7.818608287724785E-4 2.995732273553991 0.0023422457181813843
recommended 7.818608287724785E-4 2.5257286443082556 0.001974768291093241
checkPermission 7.818608287724785E-4 3.912023005428146 0.0030586575492010525
keyboardDownRightListener 7.818608287724785E-4 3.912023005428146 0.0030586575492010525
keyboardEndListener 7.818608287724785E-4 3.912023005428146 0.0030586575492010525
keyboardHomeListener 7.818608287724785E-4 3.912023005428146 0.0030586575492010525
keyboardResizeToggleListener 7.818608287724785E-4 3.912023005428146 0.0030586575492010525
keyboardUpLeftListener 7.818608287724785E-4 3.912023005428146 0.0030586575492010525
leftKey 7.818608287724785E-4 3.912023005428146 0.0030586575492010525
maximizeKey 7.818608287724785E-4 3.912023005428146 0.0030586575492010525
minimizeKey 7.818608287724785E-4 3.912023005428146 0.0030586575492010525
MOVE 0.0023455824863174357 2.0402208285265546 0.004785506243611935
N 7.818608287724785E-4 2.302585092994046 0.001800301089127479
navigateKey 7.818608287724785E-4 3.912023005428146 0.0030586575492010525
NE 7.818608287724785E-4 3.912023005428146 0.0030586575492010525
NW 7.818608287724785E-4 3.912023005428146 0.0030586575492010525
BasicInternalFrameUI 7.818608287724785E-4 2.659260036932778 0.0020791712563977935
openMenuKey 7.818608287724785E-4 3.912023005428146 0.0030586575492010525
datatransfer 7.818608287724785E-4 2.5257286443082556 0.001974768291093241
DataFlavor 7.818608287724785E-4 2.659260036932778 0.0020791712563977935
plainTextFlavor 7.818608287724785E-4 3.912023005428146 0.0030586575492010525
getReaderForText 7.818608287724785E-4 3.912023005428146 0.0030586575492010525
Transferable 7.818608287724785E-4 2.5257286443082556 0.001974768291093241
getTransferData 7.818608287724785E-4 3.912023005428146 0.0030586575492010525
predefined 7.818608287724785E-4 3.912023005428146 0.0030586575492010525
getPredefinedCursor 7.818608287724785E-4 3.912023005428146 0.0030586575492010525
html 0.001563721657544957 0.0 0.0
FormView 7.818608287724785E-4 2.659260036932778 0.0020791712563977935
RESET 7.818608287724785E-4 3.2188758248682006 0.002516712920147147
comes 7.818608287724785E-4 3.2188758248682006 0.002516712920147147
UIManager 7.818608287724785E-4 2.120263536200091 0.0016577510056294692
property 0.0023455824863174357 1.6607312068216509 0.0038953820332016833
resetButtonText 7.818608287724785E-4 3.912023005428146 0.0030586575492010525
TableColumn 7.818608287724785E-4 2.659260036932778 0.0020791712563977935
resizedPostingDisableCount 7.818608287724785E-4 3.912023005428146 0.0030586575492010525
rightKey 7.818608287724785E-4 3.912023005428146 0.0030586575492010525
S 0.001563721657544957 0.5447271754416719 8.518016816914338E-4
SE 7.818608287724785E-4 1.1086626245216111 8.66819878437538E-4
imageio 7.818608287724785E-4 2.407945608651872 0.0018826783492196027
spi 7.818608287724785E-4 1.7147984280919266 0.001340733720165697
ImageReaderSpi 7.818608287724785E-4 2.995732273553991 0.0023422457181813843
STANDARD 0.001563721657544957 1.1394342831883648 0.0017817580659708597
INPUT 0.001563721657544957 1.0216512475319812 0.001597578182223583
TYPE 0.003127443315089914 0.40047756659712536 0.0012524708884976555
Instead 0.001563721657544957 1.6607312068216509 0.0025969213554677887
using 0.004691164972634871 0.010050335853501506 4.714778351916266E-5
array 7.818608287724785E-4 1.7719568419318754 0.0013854236449819199
ImageInputStream 7.818608287724785E-4 2.995732273553991 0.0023422457181813843
ImageWriterSpi 7.818608287724785E-4 2.995732273553991 0.0023422457181813843
OUTPUT 7.818608287724785E-4 0.9675840262617057 7.565160486799888E-4
ImageOutputStream 7.818608287724785E-4 2.995732273553991 0.0023422457181813843
SUBMIT 0.001563721657544957 1.07880966137193 0.0016869580318560281
submitButtonText 7.818608287724785E-4 3.912023005428146 0.0030586575492010525
Character 0.001563721657544957 1.3093333199837622 0.00204743286940385
UnicodeBlock 7.818608287724785E-4 2.659260036932778 0.0020791712563977935
SURROGATES 7.818608287724785E-4 3.912023005428146 0.0030586575492010525
AREA 7.818608287724785E-4 2.302585092994046 0.001800301089127479
J 7.818608287724785E-4 2.120263536200091 0.0016577510056294692
HIGH 7.818608287724785E-4 2.207274913189721 0.0017257817929552158
PRIVATE 0.001563721657544957 2.302585092994046 0.003600602178254958
USE 0.004691164972634871 0.010050335853501506 4.714778351916266E-5
LOW 7.818608287724785E-4 2.0402208285265546 0.0015951687478706446
constants 7.818608287724785E-4 2.207274913189721 0.0017257817929552158
match 7.818608287724785E-4 2.120263536200091 0.0016577510056294692
block 7.818608287724785E-4 1.8971199848858813 0.001483283803663707
definitions 0.001563721657544957 0.7765287894989963 0.0012142748858467495
Unicode 7.818608287724785E-4 2.8134107167600364 0.0021996956346833746
Standard 0.001563721657544957 1.1394342831883648 0.0017817580659708597
char 7.818608287724785E-4 2.407945608651872 0.0018826783492196027
methods 0.003127443315089914 0.18632957819149354 5.827351937185099E-4
return 0.001563721657544957 0.6931471805599453 0.0010838892581078112
SW 7.818608287724785E-4 3.912023005428146 0.0030586575492010525
TEXT 0.001563721657544957 1.1086626245216111 0.001733639756875076
upKey 7.818608287724785E-4 3.912023005428146 0.0030586575492010525
W 7.818608287724785E-4 1.2378743560016172 9.678454698996225E-4
WAIT 0.0023455824863174357 0.9942522733438669 0.00233210071933667
Methods 0.003127443315089914 0.18632957819149354 5.827351937185099E-4
Method 0.003127443315089914 0.18632957819149354 5.827351937185099E-4
Component 0.001563721657544957 1.4696759700589417 0.002298164143954561
action 7.818608287724785E-4 2.0402208285265546 0.0015951687478706446
Event 0.0023455824863174357 1.3862943611198906 0.003251667774323434
Object 0.0023455824863174357 0.38566248081198473 9.046031606223255E-4
register 7.818608287724785E-4 2.302585092994046 0.001800301089127479
component 0.001563721657544957 1.4696759700589417 0.002298164143954561
ActionListener 7.818608287724785E-4 2.0402208285265546 0.0015951687478706446
fires 7.818608287724785E-4 2.659260036932778 0.0020791712563977935
events 0.0023455824863174357 1.3862943611198906 0.003251667774323434
List 0.0023455824863174357 0.653926467406664 0.0015338384692885007
addItem 7.818608287724785E-4 3.2188758248682006 0.002516712920147147
add 7.818608287724785E-4 1.171182981502945 9.15702096562115E-4
CardLayout 7.818608287724785E-4 2.659260036932778 0.0020791712563977935
addLayoutComponent 7.818608287724785E-4 3.2188758248682006 0.002516712920147147
BorderLayout 7.818608287724785E-4 2.659260036932778 0.0020791712563977935
allowsMultipleSelections 7.818608287724785E-4 3.2188758248682006 0.002516712920147147
isMultipleMode 7.818608287724785E-4 3.2188758248682006 0.002516712920147147
ThreadGroup 7.818608287724785E-4 2.659260036932778 0.0020791712563977935
allowThreadSuspension 7.818608287724785E-4 3.2188758248682006 0.002516712920147147
boolean 7.818608287724785E-4 0.653926467406664 5.112794897628335E-4
definition 0.001563721657544957 0.7765287894989963 0.0012142748858467495
depends 0.001563721657544957 3.2188758248682006 0.005033425840294294
suspend 0.001563721657544957 3.2188758248682006 0.005033425840294294
Further 0.001563721657544957 0.9416085398584451 0.0014724136667059345
behavior 7.818608287724785E-4 2.407945608651872 0.0018826783492196027
was 0.006254886630179828 0.18632957819149354 0.0011654703874370198
specified 0.001563721657544957 0.9675840262617057 0.0015130320973599776
TextArea 7.818608287724785E-4 2.407945608651872 0.0018826783492196027
appendText 7.818608287724785E-4 2.8134107167600364 0.0021996956346833746
append 7.818608287724785E-4 2.8134107167600364 0.0021996956346833746
Window 7.818608287724785E-4 1.9661128563728327 0.001537226627343888
applyResourceBundle 7.818608287724785E-4 3.2188758248682006 0.002516712920147147
ResourceBundle 7.818608287724785E-4 2.659260036932778 0.0020791712563977935
applyComponentOrientation 7.818608287724785E-4 3.2188758248682006 0.002516712920147147
bounds 7.818608287724785E-4 2.407945608651872 0.0018826783492196027
getBounds 7.818608287724785E-4 3.912023005428146 0.0030586575492010525
checkMulticast 7.818608287724785E-4 3.912023005428146 0.0030586575492010525
InetAddress 7.818608287724785E-4 2.995732273553991 0.0023422457181813843
byte 0.001563721657544957 2.0402208285265546 0.0031903374957412893
classDepth 7.818608287724785E-4 3.912023005428146 0.0030586575492010525
classLoaderDepth 7.818608287724785E-4 3.912023005428146 0.0030586575492010525
clear 7.818608287724785E-4 2.120263536200091 0.0016577510056294692
removeAll 7.818608287724785E-4 2.8134107167600364 0.0021996956346833746
image 7.818608287724785E-4 1.7147984280919266 0.001340733720165697
renderable 7.818608287724785E-4 2.5257286443082556 0.001974768291093241
RenderContext 7.818608287724785E-4 2.995732273553991 0.0023422457181813843
concetenateTransform 7.818608287724785E-4 3.912023005428146 0.0030586575492010525
AffineTransform 7.818608287724785E-4 2.659260036932778 0.0020791712563977935
concatenateTransform 7.818608287724785E-4 3.912023005428146 0.0030586575492010525
Container 7.818608287724785E-4 2.0402208285265546 0.0015951687478706446
countComponents 7.818608287724785E-4 3.912023005428146 0.0030586575492010525
getComponentCount 7.818608287724785E-4 3.912023005428146 0.0030586575492010525
Menu 0.001563721657544957 2.120263536200091 0.0033155020112589383
countItems 7.818608287724785E-4 3.912023005428146 0.0030586575492010525
getItemCount 7.818608287724785E-4 3.912023005428146 0.0030586575492010525
Choice 7.818608287724785E-4 2.407945608651872 0.0018826783492196027
MenuBar 7.818608287724785E-4 2.659260036932778 0.0020791712563977935
countMenus 7.818608287724785E-4 3.912023005428146 0.0030586575492010525
getMenuCount 7.818608287724785E-4 3.912023005428146 0.0030586575492010525
Thread 0.001563721657544957 2.120263536200091 0.0033155020112589383
countStackFrames 7.818608287724785E-4 3.912023005428146 0.0030586575492010525
results 0.0023455824863174357 1.6607312068216509 0.0038953820332016833
were 0.006254886630179828 0.18632957819149354 0.0011654703874370198
well 7.818608287724785E-4 1.7719568419318754 0.0013854236449819199
defined 0.001563721657544957 1.07880966137193 0.0016869580318560281
ORB 7.818608287724785E-4 2.407945608651872 0.0018826783492196027
dyn 7.818608287724785E-4 3.912023005428146 0.0030586575492010525
TypeCode 7.818608287724785E-4 2.407945608651872 0.0018826783492196027
DynAnyFactory 7.818608287724785E-4 2.659260036932778 0.0020791712563977935
Any 0.001563721657544957 0.5978370007556204 9.348506657632844E-4
enum 7.818608287724785E-4 1.5141277326297755 0.00118383716390131
sequence 7.818608287724785E-4 2.120263536200091 0.0016577510056294692
struct 7.818608287724785E-4 2.995732273553991 0.0023422457181813843
union 7.818608287724785E-4 2.8134107167600364 0.0021996956346833746
recursive 7.818608287724785E-4 3.912023005428146 0.0030586575492010525
tc 7.818608287724785E-4 3.912023005428146 0.0030586575492010525
combination 7.818608287724785E-4 3.912023005428146 0.0030586575492010525
Name 0.0023455824863174357 0.6931471805599453 0.001625833887161717
createElement 7.818608287724785E-4 3.2188758248682006 0.002516712920147147
localName 7.818608287724785E-4 3.912023005428146 0.0030586575492010525
prefix 7.818608287724785E-4 2.659260036932778 0.0020791712563977935
uri 0.001563721657544957 1.5606477482646683 0.0024404186837602318
createKeyboardDownRightListener 7.818608287724785E-4 3.912023005428146 0.0030586575492010525
createKeyboardEndListener 7.818608287724785E-4 3.912023005428146 0.0030586575492010525
createKeyboardHomeListener 7.818608287724785E-4 3.912023005428146 0.0030586575492010525
createKeyboardResizeToggleListener 7.818608287724785E-4 3.912023005428146 0.0030586575492010525
createKeyboardUpLeftListener 7.818608287724785E-4 3.912023005428146 0.0030586575492010525
JTable 7.818608287724785E-4 1.9661128563728327 0.001537226627343888
createScrollPaneForTable 7.818608287724785E-4 3.912023005428146 0.0030586575492010525
Swing 0.001563721657544957 1.9661128563728327 0.003074453254687776
JScrollPane 7.818608287724785E-4 2.5257286443082556 0.001974768291093241
aTable 7.818608287724785E-4 3.912023005428146 0.0030586575492010525
createTableCell 7.818608287724785E-4 3.912023005428146 0.0030586575492010525
Table 0.001563721657544957 1.5606477482646683 0.0024404186837602318
cells 0.001563721657544957 2.659260036932778 0.004158342512795587
arbitrary 7.818608287724785E-4 2.407945608651872 0.0018826783492196027
produced 7.818608287724785E-4 3.2188758248682006 0.002516712920147147
ViewFactory 7.818608287724785E-4 2.995732273553991 0.0023422457181813843
rather 7.818608287724785E-4 2.120263536200091 0.0016577510056294692
than 7.818608287724785E-4 1.3862943611198906 0.0010838892581078112
bind 7.818608287724785E-4 2.5257286443082556 0.001974768291093241
JAXBContext 7.818608287724785E-4 2.995732273553991 0.0023422457181813843
createValidator 7.818608287724785E-4 3.912023005428146 0.0030586575492010525
since 7.818608287724785E-4 1.8971199848858813 0.001483283803663707
JAXB 7.818608287724785E-4 2.407945608651872 0.0018826783492196027
currentClassLoader 7.818608287724785E-4 3.912023005428146 0.0030586575492010525
currentLoadedClass 7.818608287724785E-4 3.912023005428146 0.0030586575492010525
URLDecoder 7.818608287724785E-4 2.995732273553991 0.0023422457181813843
decode 7.818608287724785E-4 3.912023005428146 0.0030586575492010525
resulting 0.0023455824863174357 1.6607312068216509 0.0038953820332016833
vary 7.818608287724785E-4 2.8134107167600364 0.0021996956346833746
depending 0.001563721657544957 3.2188758248682006 0.005033425840294294
s 0.001563721657544957 0.5447271754416719 8.518016816914338E-4
default 0.001563721657544957 1.0216512475319812 0.001597578182223583
encoding 0.001563721657544957 1.6607312068216509 0.0025969213554677887
specify 0.001563721657544957 0.9675840262617057 0.0015130320973599776
defineClass 7.818608287724785E-4 3.912023005428146 0.0030586575492010525
delItem 0.001563721657544957 3.912023005428146 0.006117315098402105
remove 7.818608287724785E-4 1.4271163556401458 0.0011158063765755635
delItems 0.001563721657544957 3.912023005428146 0.006117315098402105
Not 0.001563721657544957 0.3424903089467759 5.355595135993368E-4
future 7.818608287724785E-4 1.8325814637483102 0.0014328236620393356
expected 7.818608287724785E-4 2.207274913189721 0.0017257817929552158
retained 7.818608287724785E-4 3.912023005428146 0.0030586575492010525
only 7.818608287724785E-4 0.843970070294529 6.598671386196473E-4
private 0.001563721657544957 2.302585092994046 0.003600602178254958
deliverEvent 7.818608287724785E-4 3.912023005428146 0.0030586575492010525
dispatchEvent 7.818608287724785E-4 3.912023005428146 0.0030586575492010525
AWTEvent 7.818608287724785E-4 2.659260036932778 0.0020791712563977935
e 0.001563721657544957 0.7765287894989963 0.0012142748858467495
deserialize 7.818608287724785E-4 3.912023005428146 0.0030586575492010525
ObjectName 7.818608287724785E-4 2.659260036932778 0.0020791712563977935
getClassLoaderFor 7.818608287724785E-4 3.912023005428146 0.0030586575492010525
obtain 0.001563721657544957 1.9661128563728327 0.003074453254687776
appropriate 7.818608287724785E-4 2.120263536200091 0.0016577510056294692
deserialization 7.818608287724785E-4 3.912023005428146 0.0030586575492010525
repository 7.818608287724785E-4 2.995732273553991 0.0023422457181813843
getClassLoader 7.818608287724785E-4 3.912023005428146 0.0030586575492010525
destroy 0.001563721657544957 3.912023005428146 0.006117315098402105
originally 7.818608287724785E-4 3.912023005428146 0.0030586575492010525
designed 7.818608287724785E-4 1.8971199848858813 0.001483283803663707
thread 0.0023455824863174357 1.7719568419318754 0.00415627093494576
without 7.818608287724785E-4 1.8325814637483102 0.0014328236620393356
cleanup 7.818608287724785E-4 3.912023005428146 0.0030586575492010525
monitors 0.0023455824863174357 2.0402208285265546 0.004785506243611935
held 0.001563721657544957 2.407945608651872 0.0037653566984392054
would 7.818608287724785E-4 2.0402208285265546 0.0015951687478706446
remained 7.818608287724785E-4 3.912023005428146 0.0030586575492010525
locked 7.818608287724785E-4 3.2188758248682006 0.002516712920147147
However 7.818608287724785E-4 2.407945608651872 0.0018826783492196027
If 0.001563721657544957 0.616186139423817 9.63543611296039E-4
if 0.001563721657544957 0.616186139423817 9.63543611296039E-4
deadlock 0.001563721657544957 3.912023005428146 0.006117315098402105
much 7.818608287724785E-4 3.2188758248682006 0.002516712920147147
manner 7.818608287724785E-4 3.2188758248682006 0.002516712920147147
target 0.001563721657544957 1.07880966137193 0.0016869580318560281
lock 0.001563721657544957 2.207274913189721 0.0034515635859104317
protecting 0.001563721657544957 1.1394342831883648 0.0017817580659708597
critical 7.818608287724785E-4 2.207274913189721 0.0017257817929552158
system 0.001563721657544957 1.2378743560016172 0.001935690939799245
resource 7.818608287724785E-4 1.6607312068216509 0.0012984606777338944
when 7.818608287724785E-4 0.843970070294529 6.598671386196473E-4
destroyed 0.001563721657544957 3.912023005428146 0.006117315098402105
could 7.818608287724785E-4 2.407945608651872 0.0018826783492196027
ever 7.818608287724785E-4 3.912023005428146 0.0030586575492010525
access 7.818608287724785E-4 0.8675005677047231 6.782647128262103E-4
again 7.818608287724785E-4 3.2188758248682006 0.002516712920147147
another 7.818608287724785E-4 1.6607312068216509 0.0012984606777338944
attempted 0.001563721657544957 3.2188758248682006 0.005033425840294294
result 0.0023455824863174357 1.6607312068216509 0.0038953820332016833
Such 0.001563721657544957 1.5141277326297755 0.00236767432780262
typically 7.818608287724785E-4 1.8971199848858813 0.001483283803663707
manifest 7.818608287724785E-4 2.407945608651872 0.0018826783492196027
themselves 7.818608287724785E-4 2.8134107167600364 0.0021996956346833746
frozen 7.818608287724785E-4 3.912023005428146 0.0030586575492010525
processes 7.818608287724785E-4 2.5257286443082556 0.001974768291093241
more 7.818608287724785E-4 0.7339691750802005 5.738617475216579E-4
information 7.818608287724785E-4 1.3470736479666094 0.0010532241188167392
see 0.001563721657544957 0.3566749439387324 5.577403345406292E-4
Why 7.818608287724785E-4 2.302585092994046 0.001800301089127479
stop 0.001563721657544957 2.8134107167600364 0.004399391269366749
resume 0.001563721657544957 3.912023005428146 0.006117315098402105
MenuItem 7.818608287724785E-4 2.659260036932778 0.0020791712563977935
disable 7.818608287724785E-4 2.302585092994046 0.001800301089127479
setEnabled 7.818608287724785E-4 3.506557897319982 0.0027416402637372803
JComponent 7.818608287724785E-4 2.207274913189721 0.0017257817929552158
disableResizedPosting 7.818608287724785E-4 3.912023005428146 0.0030586575492010525
FocusManager 7.818608287724785E-4 2.302585092994046 0.001800301089127479
disableSwingFocusManager 7.818608287724785E-4 3.912023005428146 0.0030586575492010525
KeyboardFocusManager 7.818608287724785E-4 2.5257286443082556 0.001974768291093241
setDefaultFocusTraversalPolicy 7.818608287724785E-4 3.912023005428146 0.0030586575492010525
FocusTraversalPolicy 7.818608287724785E-4 2.407945608651872 0.0018826783492196027
Skeleton 7.818608287724785E-4 2.995732273553991 0.0023422457181813843
dispatch 7.818608287724785E-4 2.659260036932778 0.0020791712563977935
Remote 0.001563721657544957 2.407945608651872 0.0037653566984392054
RemoteCall 7.818608287724785E-4 2.995732273553991 0.0023422457181813843
long 7.818608287724785E-4 1.9661128563728327 0.001537226627343888
done 0.003127443315089914 0.43078291609245434 0.0013472491511882856
RemoteRef 7.818608287724785E-4 2.659260036932778 0.0020791712563977935
style 7.818608287724785E-4 1.6607312068216509 0.0012984606777338944
stubs 0.001563721657544957 2.407945608651872 0.0037653566984392054
newCall 7.818608287724785E-4 3.912023005428146 0.0030586575492010525
invoke 0.001563721657544957 2.5257286443082556 0.003949536582186482
stub 0.001563721657544957 2.407945608651872 0.0037653566984392054
uses 0.004691164972634871 0.010050335853501506 4.714778351916266E-5
single 7.818608287724785E-4 1.4696759700589417 0.0011490820719772805
carry 7.818608287724785E-4 3.912023005428146 0.0030586575492010525
out 7.818608287724785E-4 0.9675840262617057 7.565160486799888E-4
parameter 0.001563721657544957 0.5621189181535412 8.789975264324334E-4
marshalling 7.818608287724785E-4 2.8134107167600364 0.0021996956346833746
executing 7.818608287724785E-4 2.659260036932778 0.0020791712563977935
unmarshalling 7.818608287724785E-4 2.8134107167600364 0.0021996956346833746
editablePropertyChanged 7.818608287724785E-4 3.912023005428146 0.0030586575492010525
PropertyChangeEvent 7.818608287724785E-4 2.5257286443082556 0.001974768291093241
enable 7.818608287724785E-4 1.6094379124341003 0.0012583564600735734
enableResizedPosting 7.818608287724785E-4 3.912023005428146 0.0030586575492010525
URLEncoder 7.818608287724785E-4 2.995732273553991 0.0023422457181813843
encode 0.001563721657544957 1.6607312068216509 0.0025969213554677887
SignatureSpi 7.818608287724785E-4 2.659260036932778 0.0020791712563977935
engineGetParameter 7.818608287724785E-4 3.912023005428146 0.0030586575492010525
engineSetParameter 7.818608287724785E-4 3.912023005428146 0.0030586575492010525
equals 7.818608287724785E-4 0.9942522733438669 7.773669064455566E-4
inconsistent 7.818608287724785E-4 3.912023005428146 0.0030586575492010525
hashCode 7.818608287724785E-4 0.9942522733438669 7.773669064455566E-4
contract 7.818608287724785E-4 2.8134107167600364 0.0021996956346833746
isMimeTypeEqual 7.818608287724785E-4 3.912023005428146 0.0030586575492010525
ServerRequest 7.818608287724785E-4 2.659260036932778 0.0020791712563977935
except 7.818608287724785E-4 2.407945608651872 0.0018826783492196027
set 0.001563721657544957 0.4620354595965586 7.224948547248767E-4
exception 0.003127443315089914 1.2729656758128876 0.003981127993159929
executeCall 7.818608287724785E-4 3.912023005428146 0.0030586575492010525
extract 7.818608287724785E-4 2.5257286443082556 0.001974768291093241
SwingUtilities 7.818608287724785E-4 2.5257286443082556 0.001974768291093241
findFocusOwner 7.818608287724785E-4 3.912023005428146 0.0030586575492010525
getFocusOwner 7.818608287724785E-4 3.912023005428146 0.0030586575492010525
current 7.818608287724785E-4 1.5606477482646683 0.0012202093418801159
resolve 7.818608287724785E-4 2.0402208285265546 0.0015951687478706446
initial 7.818608287724785E-4 2.407945608651872 0.0018826783492196027
references 0.001563721657544957 0.843970070294529 0.0013197342772392946
Security 0.001563721657544957 1.7719568419318754 0.0027708472899638397
getAlgorithmProperty 7.818608287724785E-4 3.912023005428146 0.0030586575492010525
proprietary 7.818608287724785E-4 3.912023005428146 0.0030586575492010525
master 7.818608287724785E-4 3.506557897319982 0.0027416402637372803
file 0.001563721657544957 0.8915981192837835 0.0013942112889504042
SUN 7.818608287724785E-4 2.8134107167600364 0.0021996956346833746
Cryptographic 7.818608287724785E-4 2.8134107167600364 0.0021996956346833746
Service 7.818608287724785E-4 1.6607312068216509 0.0012984606777338944
Provider 0.001563721657544957 1.8971199848858813 0.002966567607327414
order 7.818608287724785E-4 1.2378743560016172 9.678454698996225E-4
determine 7.818608287724785E-4 1.8325814637483102 0.0014328236620393356
how 7.818608287724785E-4 1.2039728043259361 9.413391746098015E-4
parse 7.818608287724785E-4 1.4696759700589417 0.0011490820719772805
algorithm 7.818608287724785E-4 2.407945608651872 0.0018826783492196027
specific 7.818608287724785E-4 1.9661128563728327 0.001537226627343888
parameters 0.001563721657544957 0.5621189181535412 8.789975264324334E-4
provider 0.001563721657544957 1.8971199848858813 0.002966567607327414
independent 7.818608287724785E-4 2.8134107167600364 0.0021996956346833746
AlgorithmParameters 7.818608287724785E-4 2.659260036932778 0.0020791712563977935
KeyFactory 7.818608287724785E-4 2.995732273553991 0.0023422457181813843
engine 7.818608287724785E-4 2.995732273553991 0.0023422457181813843
introduced 7.818608287724785E-4 3.2188758248682006 0.002516712920147147
ResultSet 7.818608287724785E-4 2.302585092994046 0.001800301089127479
getBigDecimal 7.818608287724785E-4 3.912023005428146 0.0030586575492010525
CallableStatement 7.818608287724785E-4 2.995732273553991 0.0023422457181813843
parameterIndex 7.818608287724785E-4 3.912023005428146 0.0030586575492010525
parameterName 7.818608287724785E-4 3.912023005428146 0.0030586575492010525
Polygon 7.818608287724785E-4 2.659260036932778 0.0020791712563977935
getBoundingBox 7.818608287724785E-4 3.912023005428146 0.0030586575492010525
getBytes 7.818608287724785E-4 3.912023005428146 0.0030586575492010525
do 0.003127443315089914 0.43078291609245434 0.0013472491511882856
charset 0.001563721657544957 1.8971199848858813 0.002966567607327414
Graphics 7.818608287724785E-4 2.207274913189721 0.0017257817929552158
getClipRect 7.818608287724785E-4 3.912023005428146 0.0030586575492010525
getClipBounds 7.818608287724785E-4 3.912023005428146 0.0030586575492010525
JMenuBar 7.818608287724785E-4 2.302585092994046 0.001800301089127479
getComponentAtIndex 7.818608287724785E-4 3.912023005428146 0.0030586575492010525
getComponent 7.818608287724785E-4 3.912023005428146 0.0030586575492010525
i 0.001563721657544957 1.3093333199837622 0.00204743286940385
JPopupMenu 7.818608287724785E-4 2.302585092994046 0.001800301089127479
CheckboxGroup 7.818608287724785E-4 2.995732273553991 0.0023422457181813843
getCurrent 7.818608287724785E-4 3.912023005428146 0.0030586575492010525
getSelectedCheckbox 7.818608287724785E-4 3.912023005428146 0.0030586575492010525
getCursorType 7.818608287724785E-4 3.912023005428146 0.0030586575492010525
getCursor 7.818608287724785E-4 3.912023005428146 0.0030586575492010525
Time 7.818608287724785E-4 1.3470736479666094 0.0010532241188167392
getDate 7.818608287724785E-4 3.912023005428146 0.0030586575492010525
Date 0.001563721657544957 1.9661128563728327 0.003074453254687776
Calendar 7.818608287724785E-4 2.5257286443082556 0.001974768291093241
DAY 7.818608287724785E-4 2.8134107167600364 0.0021996956346833746
OF 0.001563721657544957 0.1165338162559516 1.822264523157961E-4
MONTH 0.001563721657544957 2.5257286443082556 0.003949536582186482
getDay 7.818608287724785E-4 3.912023005428146 0.0030586575492010525
WEEK 7.818608287724785E-4 3.912023005428146 0.0030586575492010525
URLConnection 7.818608287724785E-4 2.659260036932778 0.0020791712563977935
getDefaultRequestProperty 7.818608287724785E-4 3.912023005428146 0.0030586575492010525
instance 7.818608287724785E-4 1.7719568419318754 0.0013854236449819199
getRequestProperty 7.818608287724785E-4 3.912023005428146 0.0030586575492010525
after 7.818608287724785E-4 1.5606477482646683 0.0012202093418801159
obtained 0.001563721657544957 1.9661128563728327 0.003074453254687776
getDefaultStream 7.818608287724785E-4 3.912023005428146 0.0030586575492010525
StringMonitorMBean 7.818608287724785E-4 2.995732273553991 0.0023422457181813843
getDerivedGauge 7.818608287724785E-4 3.912023005428146 0.0030586575492010525
JMX 7.818608287724785E-4 2.659260036932778 0.0020791712563977935
CounterMonitor 7.818608287724785E-4 2.995732273553991 0.0023422457181813843
StringMonitor 7.818608287724785E-4 2.995732273553991 0.0023422457181813843
GaugeMonitorMBean 7.818608287724785E-4 2.995732273553991 0.0023422457181813843
GaugeMonitor 7.818608287724785E-4 2.995732273553991 0.0023422457181813843
CounterMonitorMBean 7.818608287724785E-4 2.995732273553991 0.0023422457181813843
getDerivedGaugeTimeStamp 7.818608287724785E-4 3.912023005428146 0.0030586575492010525
getDividerBorderSize 7.818608287724785E-4 3.912023005428146 0.0030586575492010525
border 7.818608287724785E-4 2.120263536200091 0.0016577510056294692
divider 7.818608287724785E-4 2.995732273553991 0.0023422457181813843
Validator 7.818608287724785E-4 2.407945608651872 0.0018826783492196027
getEventHandler 7.818608287724785E-4 3.912023005428146 0.0030586575492010525
Toolkit 7.818608287724785E-4 2.407945608651872 0.0018826783492196027
getFontList 7.818608287724785E-4 3.912023005428146 0.0030586575492010525
GraphicsEnvironment 7.818608287724785E-4 2.995732273553991 0.0023422457181813843
getAvailableFontFamilyNames 7.818608287724785E-4 3.912023005428146 0.0030586575492010525
LabelView 7.818608287724785E-4 2.995732273553991 0.0023422457181813843
getFontMetrics 7.818608287724785E-4 3.912023005428146 0.0030586575492010525
FontMetrics 7.818608287724785E-4 2.995732273553991 0.0023422457181813843
glyph 7.818608287724785E-4 3.912023005428146 0.0030586575492010525
rendering 7.818608287724785E-4 2.659260036932778 0.0020791712563977935
running 0.001563721657544957 1.0498221244986776 0.0016416295926484404
Font 7.818608287724785E-4 2.120263536200091 0.0016577510056294692
getLineMetrics 7.818608287724785E-4 3.912023005428146 0.0030586575492010525
getFontPeer 7.818608287724785E-4 3.912023005428146 0.0030586575492010525
getAllFonts 7.818608287724785E-4 3.912023005428146 0.0030586575492010525
getHours 7.818608287724785E-4 3.912023005428146 0.0030586575492010525
HOUR 0.001563721657544957 2.8134107167600364 0.004399391269366749
getInCheck 7.818608287724785E-4 3.912023005428146 0.0030586575492010525
getInputStream 7.818608287724785E-4 3.912023005428146 0.0030586575492010525
KeyStroke 7.818608287724785E-4 2.302585092994046 0.001800301089127479
getKeyStroke 7.818608287724785E-4 3.912023005428146 0.0030586575492010525
AbstractButton 7.818608287724785E-4 2.407945608651872 0.0018826783492196027
getLabel 7.818608287724785E-4 3.912023005428146 0.0030586575492010525
getText 7.818608287724785E-4 3.912023005428146 0.0030586575492010525
Scrollbar 7.818608287724785E-4 2.302585092994046 0.001800301089127479
getLineIncrement 7.818608287724785E-4 3.912023005428146 0.0030586575492010525
getUnitIncrement 7.818608287724785E-4 3.912023005428146 0.0030586575492010525
Runtime 7.818608287724785E-4 2.207274913189721 0.0017257817929552158
getLocalizedInputStream 7.818608287724785E-4 3.912023005428146 0.0030586575492010525
InputStream 7.818608287724785E-4 1.5141277326297755 0.00118383716390131
translate 7.818608287724785E-4 3.912023005428146 0.0030586575492010525
local 7.818608287724785E-4 1.8325814637483102 0.0014328236620393356
InputStreamReader 7.818608287724785E-4 2.995732273553991 0.0023422457181813843
BufferedReader 7.818608287724785E-4 2.995732273553991 0.0023422457181813843
getLocalizedOutputStream 7.818608287724785E-4 3.912023005428146 0.0030586575492010525
OutputStream 7.818608287724785E-4 2.659260036932778 0.0020791712563977935
OutputStreamWriter 7.818608287724785E-4 2.995732273553991 0.0023422457181813843
BufferedWriter 7.818608287724785E-4 2.995732273553991 0.0023422457181813843
PrintWriter 7.818608287724785E-4 2.5257286443082556 0.001974768291093241
DriverManager 7.818608287724785E-4 2.8134107167600364 0.0021996956346833746
getLogStream 7.818608287724785E-4 3.912023005428146 0.0030586575492010525
getMaxDecent 7.818608287724785E-4 3.912023005428146 0.0030586575492010525
getMaxDescent 7.818608287724785E-4 3.912023005428146 0.0030586575492010525
JInternalFrame 7.818608287724785E-4 2.302585092994046 0.001800301089127479
getMenuBar 7.818608287724785E-4 3.912023005428146 0.0030586575492010525
getJMenuBar 7.818608287724785E-4 3.912023005428146 0.0030586575492010525
getMinutes 7.818608287724785E-4 3.912023005428146 0.0030586575492010525
MINUTE 0.001563721657544957 3.506557897319982 0.005483280527474561
getMonth 7.818608287724785E-4 3.912023005428146 0.0030586575492010525
getNextFocusableComponent 7.818608287724785E-4 3.912023005428146 0.0030586575492010525
MonitorMBean 7.818608287724785E-4 2.659260036932778 0.0020791712563977935
getObservedObject 0.001563721657544957 3.912023005428146 0.006117315098402105
getObservedObjects 0.001563721657544957 3.912023005428146 0.006117315098402105
getOperation 7.818608287724785E-4 3.912023005428146 0.0030586575492010525
getOperations 7.818608287724785E-4 3.912023005428146 0.0030586575492010525
ComponentOrientation 7.818608287724785E-4 2.659260036932778 0.0020791712563977935
getOrientation 7.818608287724785E-4 3.912023005428146 0.0030586575492010525
Locale 7.818608287724785E-4 2.407945608651872 0.0018826783492196027
getOutputStream 7.818608287724785E-4 3.912023005428146 0.0030586575492010525
getPageIncrement 7.818608287724785E-4 3.912023005428146 0.0030586575492010525
getBlockIncrement 7.818608287724785E-4 3.912023005428146 0.0030586575492010525
Signature 7.818608287724785E-4 2.407945608651872 0.0018826783492196027
getParameter 7.818608287724785E-4 3.912023005428146 0.0030586575492010525
getPeer 7.818608287724785E-4 3.912023005428146 0.0030586575492010525
programs 0.001563721657544957 1.7719568419318754 0.0027708472899638397
manipulate 0.001563721657544957 2.120263536200091 0.0033155020112589383
peers 7.818608287724785E-4 3.912023005428146 0.0030586575492010525
isDisplayable 7.818608287724785E-4 3.912023005428146 0.0030586575492010525
MenuComponent 7.818608287724785E-4 2.659260036932778 0.0020791712563977935
getProperty 7.818608287724785E-4 3.912023005428146 0.0030586575492010525
getResultStream 7.818608287724785E-4 3.912023005428146 0.0030586575492010525
getSeconds 7.818608287724785E-4 3.912023005428146 0.0030586575492010525
SECOND 7.818608287724785E-4 2.8134107167600364 0.0021996956346833746
LoaderHandler 7.818608287724785E-4 2.995732273553991 0.0023422457181813843
getSecurityContext 7.818608287724785E-4 3.912023005428146 0.0030586575492010525
RMIClassLoader 7.818608287724785E-4 2.995732273553991 0.0023422457181813843
RMI 0.001563721657544957 2.302585092994046 0.003600602178254958
context 7.818608287724785E-4 2.0402208285265546 0.0015951687478706446
JList 7.818608287724785E-4 2.120263536200091 0.0016577510056294692
getSelectedValues 7.818608287724785E-4 3.912023005428146 0.0030586575492010525
getSelectedValuesList 7.818608287724785E-4 3.912023005428146 0.0030586575492010525
JPasswordField 7.818608287724785E-4 2.659260036932778 0.0020791712563977935
getPassword 7.818608287724785E-4 3.912023005428146 0.0030586575492010525
getThreshold 7.818608287724785E-4 3.912023005428146 0.0030586575492010525
getTimezoneOffset 7.818608287724785E-4 3.912023005428146 0.0030586575492010525
ZONE 7.818608287724785E-4 3.912023005428146 0.0030586575492010525
OFFSET 7.818608287724785E-4 2.8134107167600364 0.0021996956346833746
DST 7.818608287724785E-4 3.912023005428146 0.0030586575492010525
DatagramSocketImpl 7.818608287724785E-4 2.995732273553991 0.0023422457181813843
getTTL 7.818608287724785E-4 3.912023005428146 0.0030586575492010525
getTimeToLive 7.818608287724785E-4 3.912023005428146 0.0030586575492010525
MulticastSocket 7.818608287724785E-4 2.995732273553991 0.0023422457181813843
returns 0.001563721657544957 0.6931471805599453 0.0010838892581078112
getUnicodeStream 7.818608287724785E-4 3.912023005428146 0.0030586575492010525
getCharacterStream 7.818608287724785E-4 3.912023005428146 0.0030586575492010525
place 7.818608287724785E-4 2.995732273553991 0.0023422457181813843
ScrollPaneLayout 7.818608287724785E-4 2.120263536200091 0.0016577510056294692
getViewportBorderBounds 7.818608287724785E-4 3.912023005428146 0.0030586575492010525
getVisible 7.818608287724785E-4 3.912023005428146 0.0030586575492010525
getVisibleAmount 7.818608287724785E-4 3.912023005428146 0.0030586575492010525
getYear 7.818608287724785E-4 3.912023005428146 0.0030586575492010525
YEAR 0.001563721657544957 2.5257286443082556 0.003949536582186482
gotFocus 7.818608287724785E-4 3.912023005428146 0.0030586575492010525
processFocusEvent 7.818608287724785E-4 3.912023005428146 0.0030586575492010525
FocusEvent 7.818608287724785E-4 2.995732273553991 0.0023422457181813843
handleEvent 7.818608287724785E-4 3.912023005428146 0.0030586575492010525
processEvent 7.818608287724785E-4 3.912023005428146 0.0030586575492010525
Dialog 7.818608287724785E-4 2.207274913189721 0.0017257817929552158
hide 7.818608287724785E-4 3.912023005428146 0.0030586575492010525
setVisible 7.818608287724785E-4 3.2188758248682006 0.002516712920147147
inClass 7.818608287724785E-4 3.912023005428146 0.0030586575492010525
inClassLoader 7.818608287724785E-4 3.912023005428146 0.0030586575492010525
insert 7.818608287724785E-4 2.5257286443082556 0.001974768291093241
HTMLEditorKit 7.818608287724785E-4 2.207274913189721 0.0017257817929552158
InsertHTMLTextAction 7.818608287724785E-4 2.659260036932778 0.0020791712563977935
insertAtBoundry 7.818608287724785E-4 3.912023005428146 0.0030586575492010525
JEditorPane 7.818608287724785E-4 2.207274913189721 0.0017257817929552158
HTMLDocument 7.818608287724785E-4 2.659260036932778 0.0020791712563977935
Tag 7.818608287724785E-4 0.843970070294529 6.598671386196473E-4
insertAtBoundary 7.818608287724785E-4 3.912023005428146 0.0030586575492010525
insertText 7.818608287724785E-4 3.912023005428146 0.0030586575492010525
insets 7.818608287724785E-4 2.659260036932778 0.0020791712563977935
getInsets 7.818608287724785E-4 3.912023005428146 0.0030586575492010525
inside 7.818608287724785E-4 3.2188758248682006 0.002516712920147147
contains 0.001563721657544957 0.5447271754416719 8.518016816914338E-4
Rectangle 7.818608287724785E-4 2.659260036932778 0.0020791712563977935
Portable 0.001563721657544957 2.302585092994046 0.003600602178254958
Adapter 7.818608287724785E-4 2.659260036932778 0.0020791712563977935
isBackingStoreEnabled 7.818608287724785E-4 3.912023005428146 0.0030586575492010525
getScrollMode 7.818608287724785E-4 3.912023005428146 0.0030586575492010525
isFocusManagerEnabled 7.818608287724785E-4 3.912023005428146 0.0030586575492010525
getDefaultFocusTraversalPolicy 7.818608287724785E-4 3.912023005428146 0.0030586575492010525
isFocusTraversable 7.818608287724785E-4 3.912023005428146 0.0030586575492010525
isFocusable 7.818608287724785E-4 3.912023005428146 0.0030586575492010525
isJavaLetter 7.818608287724785E-4 3.912023005428146 0.0030586575492010525
isJavaIdentifierStart 7.818608287724785E-4 3.912023005428146 0.0030586575492010525
isJavaLetterOrDigit 7.818608287724785E-4 3.912023005428146 0.0030586575492010525
isJavaIdentifierPart 7.818608287724785E-4 3.912023005428146 0.0030586575492010525
isManagingFocus 7.818608287724785E-4 3.912023005428146 0.0030586575492010525
setFocusTraversalKeys 7.818608287724785E-4 3.912023005428146 0.0030586575492010525
Set 0.001563721657544957 0.4620354595965586 7.224948547248767E-4
setFocusCycleRoot 7.818608287724785E-4 3.912023005428146 0.0030586575492010525
isSelected 7.818608287724785E-4 3.912023005428146 0.0030586575492010525
isIndexSelected 7.818608287724785E-4 3.912023005428146 0.0030586575492010525
isSpace 7.818608287724785E-4 3.912023005428146 0.0030586575492010525
isWhitespace 7.818608287724785E-4 3.2188758248682006 0.002516712920147147
dgc 7.818608287724785E-4 2.659260036932778 0.0020791712563977935
VMID 7.818608287724785E-4 2.995732273553991 0.0023422457181813843
isUnique 7.818608287724785E-4 3.912023005428146 0.0030586575492010525
Unmarshaller 7.818608287724785E-4 2.659260036932778 0.0020791712563977935
isValidating 7.818608287724785E-4 3.912023005428146 0.0030586575492010525
please 7.818608287724785E-4 1.8971199848858813 0.001483283803663707
getSchema 7.818608287724785E-4 3.912023005428146 0.0030586575492010525
keyDown 7.818608287724785E-4 3.912023005428146 0.0030586575492010525
processKeyEvent 7.818608287724785E-4 3.912023005428146 0.0030586575492010525
KeyEvent 7.818608287724785E-4 2.995732273553991 0.0023422457181813843
keyUp 7.818608287724785E-4 3.912023005428146 0.0030586575492010525
ScrollPane 7.818608287724785E-4 2.659260036932778 0.0020791712563977935
layout 7.818608287724785E-4 2.659260036932778 0.0020791712563977935
doLayout 7.818608287724785E-4 3.912023005428146 0.0030586575492010525
loadClass 7.818608287724785E-4 3.912023005428146 0.0030586575492010525
URL 0.0023455824863174357 1.1086626245216111 0.0026004596353126144
locate 7.818608287724785E-4 3.912023005428146 0.0030586575492010525
getComponentAt 7.818608287724785E-4 3.912023005428146 0.0030586575492010525
location 7.818608287724785E-4 1.7147984280919266 0.001340733720165697
getLocation 7.818608287724785E-4 3.912023005428146 0.0030586575492010525
log 0.001563721657544957 1.8325814637483102 0.0028656473240786713
lostFocus 7.818608287724785E-4 3.912023005428146 0.0030586575492010525
minimumSize 7.818608287724785E-4 3.912023005428146 0.0030586575492010525
getMinimumSize 7.818608287724785E-4 3.912023005428146 0.0030586575492010525
TextField 7.818608287724785E-4 2.659260036932778 0.0020791712563977935
modelToView 7.818608287724785E-4 3.912023005428146 0.0030586575492010525
Shape 7.818608287724785E-4 2.659260036932778 0.0020791712563977935
mouseDown 7.818608287724785E-4 3.912023005428146 0.0030586575492010525
processMouseEvent 7.818608287724785E-4 3.912023005428146 0.0030586575492010525
MouseEvent 7.818608287724785E-4 2.995732273553991 0.0023422457181813843
mouseDrag 7.818608287724785E-4 3.912023005428146 0.0030586575492010525
processMouseMotionEvent 7.818608287724785E-4 3.912023005428146 0.0030586575492010525
mouseEnter 7.818608287724785E-4 3.912023005428146 0.0030586575492010525
mouseExit 7.818608287724785E-4 3.912023005428146 0.0030586575492010525
mouseMove 7.818608287724785E-4 3.912023005428146 0.0030586575492010525
mouseUp 7.818608287724785E-4 3.912023005428146 0.0030586575492010525
move 0.0023455824863174357 2.0402208285265546 0.004785506243611935
setLocation 7.818608287724785E-4 3.912023005428146 0.0030586575492010525
name 0.0023455824863174357 0.6931471805599453 0.001625833887161717
RemoteObject 7.818608287724785E-4 2.995732273553991 0.0023422457181813843
XMLOutputFactory 7.818608287724785E-4 2.995732273553991 0.0023422457181813843
newInstance 7.818608287724785E-4 3.2188758248682006 0.002516712920147147
because 0.001563721657544957 2.5257286443082556 0.003949536582186482
XMLInputFactory 7.818608287724785E-4 2.659260036932778 0.0020791712563977935
wrong 7.818608287724785E-4 3.2188758248682006 0.002516712920147147
newFactory 7.818608287724785E-4 3.912023005428146 0.0030586575492010525
XMLEventFactory 7.818608287724785E-4 2.995732273553991 0.0023422457181813843
maintain 7.818608287724785E-4 2.0402208285265546 0.0015951687478706446
consistency 7.818608287724785E-4 3.912023005428146 0.0030586575492010525
corresponding 7.818608287724785E-4 1.9661128563728327 0.001537226627343888
defines 0.001563721657544957 1.07880966137193 0.0016869580318560281
changes 0.003127443315089914 0.7765287894989963 0.002428549771693499
nextFocus 7.818608287724785E-4 3.912023005428146 0.0030586575492010525
transferFocus 7.818608287724785E-4 3.912023005428146 0.0030586575492010525
normalizeMimeType 7.818608287724785E-4 3.912023005428146 0.0030586575492010525
activation 7.818608287724785E-4 2.407945608651872 0.0018826783492196027
ActivationDataFlavor 7.818608287724785E-4 2.659260036932778 0.0020791712563977935
normalizeMimeTypeParameter 7.818608287724785E-4 3.912023005428146 0.0030586575492010525
tree 0.001563721657544957 0.0408219945202552 6.383423693550461E-5
DefaultTreeSelectionModel 7.818608287724785E-4 2.5257286443082556 0.001974768291093241
notifyPathChange 7.818608287724785E-4 3.912023005428146 0.0030586575492010525
Vector 7.818608287724785E-4 2.5257286443082556 0.001974768291093241
TreePath 7.818608287724785E-4 2.659260036932778 0.0020791712563977935
op 7.818608287724785E-4 3.2188758248682006 0.002516712920147147
operation 0.001563721657544957 1.6094379124341003 0.002516712920147147
params 7.818608287724785E-4 3.2188758248682006 0.002516712920147147
NVList 7.818608287724785E-4 2.659260036932778 0.0020791712563977935
arguments 0.001563721657544957 2.120263536200091 0.0033155020112589383
DateFormat 7.818608287724785E-4 2.659260036932778 0.0020791712563977935
parseLevel 7.818608287724785E-4 3.912023005428146 0.0030586575492010525
MenuContainer 7.818608287724785E-4 2.8134107167600364 0.0021996956346833746
postEvent 7.818608287724785E-4 3.912023005428146 0.0030586575492010525
preConcetenateTransform 7.818608287724785E-4 3.912023005428146 0.0030586575492010525
preConcatenateTransform 7.818608287724785E-4 3.912023005428146 0.0030586575492010525
preferredSize 7.818608287724785E-4 3.912023005428146 0.0030586575492010525
getPreferredSize 7.818608287724785E-4 3.912023005428146 0.0030586575492010525
portable 0.001563721657544957 2.302585092994046 0.003600602178254958
read 7.818608287724785E-4 1.2729656758128876 9.952819982899823E-4
ObjectInputStream 7.818608287724785E-4 2.659260036932778 0.0020791712563977935
readLine 7.818608287724785E-4 3.912023005428146 0.0030586575492010525
DataInputStream 7.818608287724785E-4 2.995732273553991 0.0023422457181813843
details 7.818608287724785E-4 0.7550225842780328 5.903225834855612E-4
alternatives 7.818608287724785E-4 3.912023005428146 0.0030586575492010525
lines 0.001563721657544957 1.9661128563728327 0.003074453254687776
Programs 0.001563721657544957 1.7719568419318754 0.0027708472899638397
converted 0.0023455824863174357 2.302585092994046 0.005400903267382438
replacing 0.0023455824863174357 3.2188758248682006 0.00755013876044144
form 0.001563721657544957 0.9675840262617057 0.0015130320973599776
d 7.818608287724785E-4 1.8971199848858813 0.001483283803663707
registry 7.818608287724785E-4 2.407945608651872 0.0018826783492196027
RegistryHandler 7.818608287724785E-4 2.995732273553991 0.0023422457181813843
registryImpl 7.818608287724785E-4 3.912023005428146 0.0030586575492010525
registryStub 7.818608287724785E-4 3.912023005428146 0.0030586575492010525
releaseInputStream 7.818608287724785E-4 3.912023005428146 0.0030586575492010525
releaseOutputStream 7.818608287724785E-4 3.912023005428146 0.0030586575492010525
removeListeners 7.818608287724785E-4 3.912023005428146 0.0030586575492010525
replaceText 7.818608287724785E-4 3.912023005428146 0.0030586575492010525
replaceRange 7.818608287724785E-4 3.912023005428146 0.0030586575492010525
requestDefaultFocus 7.818608287724785E-4 3.912023005428146 0.0030586575492010525
getDefaultComponent 7.818608287724785E-4 3.912023005428146 0.0030586575492010525
requestFocus 7.818608287724785E-4 3.912023005428146 0.0030586575492010525
reshape 7.818608287724785E-4 3.912023005428146 0.0030586575492010525
setBounds 7.818608287724785E-4 3.912023005428146 0.0030586575492010525
Moves 0.0023455824863174357 2.0402208285265546 0.004785506243611935
resizes 0.0023455824863174357 3.2188758248682006 0.00755013876044144
resize 0.0023455824863174357 3.2188758248682006 0.00755013876044144
Dimension 7.818608287724785E-4 2.659260036932778 0.0020791712563977935
setSize 7.818608287724785E-4 3.912023005428146 0.0030586575492010525
exists 0.001563721657544957 2.0402208285265546 0.0031903374957412893
solely 7.818608287724785E-4 3.2188758248682006 0.002516712920147147
conjunction 7.818608287724785E-4 3.2188758248682006 0.002516712920147147
both 7.818608287724785E-4 1.6094379124341003 0.0012583564600735734
they 7.818608287724785E-4 1.2729656758128876 9.952819982899823E-4
inherently 7.818608287724785E-4 3.912023005428146 0.0030586575492010525
See 0.001563721657544957 0.3566749439387324 5.577403345406292E-4
System 0.001563721657544957 1.2378743560016172 0.001935690939799245
runFinalizersOnExit 7.818608287724785E-4 3.912023005428146 0.0030586575492010525
unsafe 7.818608287724785E-4 3.506557897319982 0.0027416402637372803
finalizers 7.818608287724785E-4 3.912023005428146 0.0030586575492010525
being 0.006254886630179828 0.18632957819149354 0.0011654703874370198
called 0.003127443315089914 1.4696759700589417 0.004596328287909122
live 7.818608287724785E-4 3.2188758248682006 0.002516712920147147
objects 0.0023455824863174357 0.38566248081198473 9.046031606223255E-4
while 7.818608287724785E-4 1.9661128563728327 0.001537226627343888
threads 0.0023455824863174357 1.7719568419318754 0.00415627093494576
concurrently 7.818608287724785E-4 3.2188758248682006 0.002516712920147147
manipulating 0.001563721657544957 2.120263536200091 0.0033155020112589383
those 7.818608287724785E-4 1.6607312068216509 0.0012984606777338944
erratic 7.818608287724785E-4 3.912023005428146 0.0030586575492010525
Properties 0.001563721657544957 1.7719568419318754 0.0027708472899638397
save 0.001563721657544957 2.407945608651872 0.0037653566984392054
throw 0.001563721657544957 1.5141277326297755 0.00236767432780262
I 0.001563721657544957 1.3093333199837622 0.00204743286940385
O 7.818608287724785E-4 1.3862943611198906 0.0010838892581078112
error 0.001563721657544957 1.4696759700589417 0.002298164143954561
occurs 7.818608287724785E-4 1.6607312068216509 0.0012984606777338944
saving 0.001563721657544957 2.407945608651872 0.0037653566984392054
list 0.0023455824863174357 0.653926467406664 0.0015338384692885007
properties 0.0023455824863174357 1.6607312068216509 0.0038953820332016833
store 7.818608287724785E-4 1.6094379124341003 0.0012583564600735734
comments 0.001563721657544957 1.7719568419318754 0.0027708472899638397
storeToXML 7.818608287724785E-4 3.912023005428146 0.0030586575492010525
os 7.818608287724785E-4 2.8134107167600364 0.0021996956346833746
comment 0.001563721657544957 1.7719568419318754 0.0027708472899638397
send 7.818608287724785E-4 2.5257286443082556 0.001974768291093241
DatagramPacket 7.818608287724785E-4 2.995732273553991 0.0023422457181813843
following 0.001563721657544957 1.6094379124341003 0.002516712920147147
ttl 7.818608287724785E-4 3.2188758248682006 0.002516712920147147
mcastSocket 7.818608287724785E-4 3.912023005428146 0.0030586575492010525
setTimeToLive 7.818608287724785E-4 3.912023005428146 0.0030586575492010525
newttl 7.818608287724785E-4 3.912023005428146 0.0030586575492010525
p 7.818608287724785E-4 2.120263536200091 0.0016577510056294692
setBackingStoreEnabled 7.818608287724785E-4 3.912023005428146 0.0030586575492010525
setScrollMode 7.818608287724785E-4 3.912023005428146 0.0030586575492010525
setCurrent 7.818608287724785E-4 3.912023005428146 0.0030586575492010525
Checkbox 7.818608287724785E-4 2.659260036932778 0.0020791712563977935
setSelectedCheckbox 7.818608287724785E-4 3.912023005428146 0.0030586575492010525
setCursor 7.818608287724785E-4 3.912023005428146 0.0030586575492010525
setDate 7.818608287724785E-4 3.912023005428146 0.0030586575492010525
date 0.001563721657544957 1.9661128563728327 0.003074453254687776
setDefaultRequestProperty 7.818608287724785E-4 3.912023005428146 0.0030586575492010525
setRequestProperty 7.818608287724785E-4 3.912023005428146 0.0030586575492010525
Invoking 0.001563721657544957 2.5257286443082556 0.003949536582186482
will 7.818608287724785E-4 0.5447271754416719 4.259008408457169E-4
effect 7.818608287724785E-4 2.8134107167600364 0.0021996956346833746
setDefaultStream 7.818608287724785E-4 3.912023005428146 0.0030586575492010525
PrintStream 7.818608287724785E-4 2.659260036932778 0.0020791712563977935
setEchoCharacter 7.818608287724785E-4 3.912023005428146 0.0030586575492010525
setEchoChar 7.818608287724785E-4 3.912023005428146 0.0030586575492010525
setEventHandler 7.818608287724785E-4 3.912023005428146 0.0030586575492010525
ValidationEventHandler 7.818608287724785E-4 2.995732273553991 0.0023422457181813843
setHours 7.818608287724785E-4 3.912023005428146 0.0030586575492010525
hours 0.001563721657544957 2.8134107167600364 0.004399391269366749
setLabel 7.818608287724785E-4 3.912023005428146 0.0030586575492010525
setText 7.818608287724785E-4 3.912023005428146 0.0030586575492010525
setLineIncrement 7.818608287724785E-4 3.912023005428146 0.0030586575492010525
setUnitIncrement 7.818608287724785E-4 3.912023005428146 0.0030586575492010525
setLogStream 7.818608287724785E-4 3.912023005428146 0.0030586575492010525
ValueExp 7.818608287724785E-4 2.659260036932778 0.0020791712563977935
setMBeanServer 7.818608287724785E-4 3.912023005428146 0.0030586575492010525
needed 7.818608287724785E-4 2.659260036932778 0.0020791712563977935
MBean 7.818608287724785E-4 2.8134107167600364 0.0021996956346833746
evaluated 7.818608287724785E-4 3.2188758248682006 0.002516712920147147
QueryEval 7.818608287724785E-4 2.995732273553991 0.0023422457181813843
getMBeanServer 7.818608287724785E-4 3.912023005428146 0.0030586575492010525
StringValueExp 7.818608287724785E-4 2.659260036932778 0.0020791712563977935
AttributeValueExp 7.818608287724785E-4 2.659260036932778 0.0020791712563977935
Server 0.0023455824863174357 2.120263536200091 0.004973253016888408
attribute 0.001563721657544957 0.3147107448397002 4.92120007567944E-4
setMenuBar 7.818608287724785E-4 3.912023005428146 0.0030586575492010525
setJMenuBar 7.818608287724785E-4 3.912023005428146 0.0030586575492010525
m 7.818608287724785E-4 1.8971199848858813 0.001483283803663707
menu 0.001563721657544957 2.120263536200091 0.0033155020112589383
setMinutes 7.818608287724785E-4 3.912023005428146 0.0030586575492010525
minutes 0.001563721657544957 3.506557897319982 0.005483280527474561
event 0.0023455824863174357 1.3862943611198906 0.003251667774323434
setModifiers 7.818608287724785E-4 3.912023005428146 0.0030586575492010525
setMonth 7.818608287724785E-4 3.912023005428146 0.0030586575492010525
month 0.001563721657544957 2.5257286443082556 0.003949536582186482
setMultipleSelections 7.818608287724785E-4 3.912023005428146 0.0030586575492010525
setMultipleMode 7.818608287724785E-4 3.912023005428146 0.0030586575492010525
setNextFocusableComponent 7.818608287724785E-4 3.912023005428146 0.0030586575492010525
setObservedObject 7.818608287724785E-4 3.912023005428146 0.0030586575492010525
addObservedObject 7.818608287724785E-4 3.2188758248682006 0.002516712920147147
setOutputStream 7.818608287724785E-4 3.912023005428146 0.0030586575492010525
setPageIncrement 7.818608287724785E-4 3.912023005428146 0.0030586575492010525
setBlockIncrement 7.818608287724785E-4 3.912023005428146 0.0030586575492010525
setParameter 7.818608287724785E-4 3.912023005428146 0.0030586575492010525
setProperty 7.818608287724785E-4 3.912023005428146 0.0030586575492010525
RemoteStub 7.818608287724785E-4 2.995732273553991 0.0023422457181813843
setRef 7.818608287724785E-4 3.912023005428146 0.0030586575492010525
RemoteStubs 7.818608287724785E-4 3.912023005428146 0.0030586575492010525
created 0.0023455824863174357 0.7765287894989963 0.0018214123287701243
setSeconds 7.818608287724785E-4 3.912023005428146 0.0030586575492010525
seconds 7.818608287724785E-4 2.995732273553991 0.0023422457181813843
setThreshold 7.818608287724785E-4 3.912023005428146 0.0030586575492010525
Number 7.818608287724785E-4 1.2378743560016172 9.678454698996225E-4
setInitThreshold 7.818608287724785E-4 3.912023005428146 0.0030586575492010525
setTTL 7.818608287724785E-4 3.912023005428146 0.0030586575492010525
PreparedStatement 7.818608287724785E-4 2.659260036932778 0.0020791712563977935
setUnicodeStream 7.818608287724785E-4 3.912023005428146 0.0030586575492010525
BaseRowSet 7.818608287724785E-4 2.407945608651872 0.0018826783492196027
URLStreamHandler 7.818608287724785E-4 2.995732273553991 0.0023422457181813843
setURL 7.818608287724785E-4 3.912023005428146 0.0030586575492010525
setValidating 7.818608287724785E-4 3.912023005428146 0.0030586575492010525
setSchema 7.818608287724785E-4 3.912023005428146 0.0030586575492010525
validation 7.818608287724785E-4 1.7719568419318754 0.0013854236449819199
Schema 7.818608287724785E-4 2.207274913189721 0.0017257817929552158
setYear 7.818608287724785E-4 3.912023005428146 0.0030586575492010525
year 0.001563721657544957 2.5257286443082556 0.003949536582186482
show 7.818608287724785E-4 2.407945608651872 0.0018826783492196027
size 7.818608287724785E-4 1.3862943611198906 0.0010838892581078112
getSize 7.818608287724785E-4 3.912023005428146 0.0030586575492010525
sizeColumnsToFit 7.818608287724785E-4 3.912023005428146 0.0030586575492010525
Stopping 0.001563721657544957 2.8134107167600364 0.004399391269366749
causes 0.001563721657544957 2.207274913189721 0.0034515635859104317
unlock 7.818608287724785E-4 3.912023005428146 0.0030586575492010525
all 0.001563721657544957 0.05129329438755048 8.020843532064188E-5
natural 7.818608287724785E-4 2.995732273553991 0.0023422457181813843
consequence 7.818608287724785E-4 3.912023005428146 0.0030586575492010525
unchecked 7.818608287724785E-4 3.2188758248682006 0.002516712920147147
ThreadDeath 7.818608287724785E-4 2.995732273553991 0.0023422457181813843
propagating 7.818608287724785E-4 3.912023005428146 0.0030586575492010525
up 7.818608287724785E-4 1.4271163556401458 0.0011158063765755635
stack 7.818608287724785E-4 2.0402208285265546 0.0015951687478706446
previously 7.818608287724785E-4 2.120263536200091 0.0016577510056294692
protected 0.001563721657544957 1.1394342831883648 0.0017817580659708597
these 0.001563721657544957 1.5141277326297755 0.00236767432780262
state 7.818608287724785E-4 1.6607312068216509 0.0012984606777338944
damaged 7.818608287724785E-4 3.912023005428146 0.0030586575492010525
become 7.818608287724785E-4 2.995732273553991 0.0023422457181813843
visible 7.818608287724785E-4 2.8134107167600364 0.0021996956346833746
potentially 7.818608287724785E-4 2.995732273553991 0.0023422457181813843
Many 7.818608287724785E-4 1.7147984280919266 0.001340733720165697
simply 7.818608287724785E-4 2.8134107167600364 0.0021996956346833746
modifies 7.818608287724785E-4 3.912023005428146 0.0030586575492010525
some 7.818608287724785E-4 2.0402208285265546 0.0015951687478706446
variable 7.818608287724785E-4 2.8134107167600364 0.0021996956346833746
indicate 0.001563721657544957 2.0402208285265546 0.0031903374957412893
check 0.001563721657544957 1.3093333199837622 0.00204743286940385
regularly 7.818608287724785E-4 3.912023005428146 0.0030586575492010525
run 0.001563721657544957 1.0498221244986776 0.0016416295926484404
orderly 7.818608287724785E-4 3.912023005428146 0.0030586575492010525
fashion 7.818608287724785E-4 3.2188758248682006 0.002516712920147147
indicates 0.001563721657544957 2.0402208285265546 0.0031903374957412893
waits 0.0023455824863174357 0.9942522733438669 0.00233210071933667
periods 7.818608287724785E-4 3.912023005428146 0.0030586575492010525
condition 7.818608287724785E-4 2.659260036932778 0.0020791712563977935
example 0.001563721657544957 0.616186139423817 9.63543611296039E-4
interrupt 7.818608287724785E-4 3.2188758248682006 0.002516712920147147
Throwable 7.818608287724785E-4 1.9661128563728327 0.001537226627343888
An 0.003127443315089914 0.16251892949777494 5.082687396333852E-4
additional 7.818608287724785E-4 2.207274913189721 0.0017257817929552158
danger 7.818608287724785E-4 3.912023005428146 0.0030586575492010525
generate 7.818608287724785E-4 3.2188758248682006 0.002516712920147147
exceptions 0.003127443315089914 1.2729656758128876 0.003981127993159929
unprepared 7.818608287724785E-4 3.912023005428146 0.0030586575492010525
handle 7.818608287724785E-4 2.407945608651872 0.0018826783492196027
including 0.001563721657544957 1.0498221244986776 0.0016416295926484404
checked 0.001563721657544957 1.3093333199837622 0.00204743286940385
possibly 7.818608287724785E-4 3.2188758248682006 0.002516712920147147
holds 0.001563721657544957 2.407945608651872 0.0037653566984392054
suspended 0.001563721657544957 3.2188758248682006 0.005033425840294294
until 7.818608287724785E-4 1.7719568419318754 0.0013854236449819199
resumed 0.001563721657544957 3.912023005428146 0.006117315098402105
attempts 0.001563721657544957 3.2188758248682006 0.005033425840294294
prior 7.818608287724785E-4 3.912023005428146 0.0030586575492010525
calling 0.003127443315089914 1.4696759700589417 0.004596328287909122
toGMTString 7.818608287724785E-4 3.912023005428146 0.0030586575492010525
format 7.818608287724785E-4 1.4696759700589417 0.0011490820719772805
GMT 7.818608287724785E-4 3.912023005428146 0.0030586575492010525
TimeZone 7.818608287724785E-4 2.659260036932778 0.0020791712563977935
toLocaleString 7.818608287724785E-4 3.912023005428146 0.0030586575492010525
toString 7.818608287724785E-4 0.9675840262617057 7.565160486799888E-4
ByteArrayOutputStream 7.818608287724785E-4 2.995732273553991 0.0023422457181813843
enc 7.818608287724785E-4 3.912023005428146 0.0030586575492010525
takes 0.001563721657544957 2.120263536200091 0.0033155020112589383
argument 0.001563721657544957 2.120263536200091 0.0033155020112589383
File 0.001563721657544957 0.8915981192837835 0.0013942112889504042
toURL 7.818608287724785E-4 3.912023005428146 0.0030586575492010525
automatically 7.818608287724785E-4 2.120263536200091 0.0016577510056294692
escape 7.818608287724785E-4 2.0402208285265546 0.0015951687478706446
illegal 7.818608287724785E-4 3.2188758248682006 0.002516712920147147
URLs 0.0023455824863174357 1.1086626245216111 0.0026004596353126144
abstract 7.818608287724785E-4 1.2729656758128876 9.952819982899823E-4
pathname 7.818608287724785E-4 3.2188758248682006 0.002516712920147147
first 7.818608287724785E-4 1.6094379124341003 0.0012583564600735734
converting 0.0023455824863174357 2.302585092994046 0.005400903267382438
URI 0.001563721657544957 1.5606477482646683 0.0024404186837602318
toURI 7.818608287724785E-4 3.912023005428146 0.0030586575492010525
then 7.818608287724785E-4 1.2378743560016172 9.678454698996225E-4
MetalScrollPaneUI 7.818608287724785E-4 2.995732273553991 0.0023422457181813843
uninstallListeners 7.818608287724785E-4 3.912023005428146 0.0030586575492010525
UTC 7.818608287724785E-4 3.2188758248682006 0.002516712920147147
hrs 7.818608287724785E-4 3.912023005428146 0.0030586575492010525
min 7.818608287724785E-4 3.912023005428146 0.0030586575492010525
sec 7.818608287724785E-4 3.912023005428146 0.0030586575492010525
GregorianCalendar 7.818608287724785E-4 2.659260036932778 0.0020791712563977935
followed 0.001563721657544957 1.6094379124341003 0.002516712920147147
getTime 7.818608287724785E-4 3.912023005428146 0.0030586575492010525
validate 7.818608287724785E-4 2.120263536200091 0.0016577510056294692
validateRoot 7.818608287724785E-4 3.912023005428146 0.0030586575492010525
viewToModel 7.818608287724785E-4 3.912023005428146 0.0030586575492010525
float 7.818608287724785E-4 2.659260036932778 0.0020791712563977935
write 7.818608287724785E-4 2.120263536200091 0.0016577510056294692
ObjectOutputStream 7.818608287724785E-4 2.659260036932778 0.0020791712563977935
PutField 7.818608287724785E-4 2.995732273553991 0.0023422457181813843
ObjectOutput 7.818608287724785E-4 2.995732273553991 0.0023422457181813843
values 0.001563721657544957 0.4620354595965586 7.224948547248767E-4
contained 0.001563721657544957 0.5447271754416719 8.518016816914338E-4
proper 7.818608287724785E-4 3.912023005428146 0.0030586575492010525
corruption 7.818608287724785E-4 3.506557897319982 0.0027416402637372803
serialization 7.818608287724785E-4 1.7719568419318754 0.0013854236449819199
correct 7.818608287724785E-4 3.2188758248682006 0.002516712920147147
data 7.818608287724785E-4 0.5978370007556204 4.674253328816422E-4
writeFields 7.818608287724785E-4 3.912023005428146 0.0030586575492010525
Constructors 0.001563721657544957 0.8915981192837835 0.0013942112889504042
Constructor 0.001563721657544957 0.6733445532637655 0.001052923460928484
Exception 0.001563721657544957 1.4271163556401458 0.002231612753151127
Socket 7.818608287724785E-4 2.0402208285265546 0.0015951687478706446
DatagramSocket 7.818608287724785E-4 2.995732273553991 0.0023422457181813843
UDP 7.818608287724785E-4 3.912023005428146 0.0030586575492010525
transport 7.818608287724785E-4 2.5257286443082556 0.001974768291093241
StreamTokenizer 7.818608287724785E-4 2.995732273553991 0.0023422457181813843
tokenize 7.818608287724785E-4 3.912023005428146 0.0030586575492010525
input 0.001563721657544957 1.0216512475319812 0.001597578182223583
Reader 7.818608287724785E-4 1.9661128563728327 0.001537226627343888
r 0.006254886630179828 0.18632957819149354 0.0011654703874370198
st 7.818608287724785E-4 3.912023005428146 0.0030586575492010525
constructors 0.003127443315089914 0.6733445532637655 0.002105846921856968
take 0.001563721657544957 2.120263536200091 0.0033155020112589383
Charset 0.001563721657544957 1.8971199848858813 0.002966567607327414
TCKind 7.818608287724785E-4 2.995732273553991 0.0023422457181813843
Do 0.003127443315089914 0.43078291609245434 0.0013472491511882856
according 7.818608287724785E-4 2.207274913189721 0.0017257817929552158
OMG 0.001563721657544957 2.5257286443082556 0.003949536582186482
specification 7.818608287724785E-4 1.6607312068216509 0.0012984606777338944
milliseconds 7.818608287724785E-4 2.207274913189721 0.0017257817929552158
Timestamp 7.818608287724785E-4 2.659260036932778 0.0020791712563977935
millis 7.818608287724785E-4 3.2188758248682006 0.002516712920147147
HandlerChain 7.818608287724785E-4 2.995732273553991 0.0023422457181813843
Ed 7.818608287724785E-4 1.2729656758128876 9.952819982899823E-4
Prev 7.818608287724785E-4 1.2729656758128876 9.952819982899823E-4
Next 7.818608287724785E-4 1.171182981502945 9.15702096562115E-4
Frames 7.818608287724785E-4 1.3470736479666094 0.0010532241188167392
Classes 0.003127443315089914 0.06187540371808745 1.935118177266222E-4
Submit 0.001563721657544957 1.07880966137193 0.0016869580318560281
bug 7.818608287724785E-4 1.1086626245216111 8.66819878437538E-4
feature 7.818608287724785E-4 1.1394342831883648 8.908790329854298E-4
further 0.001563721657544957 0.9416085398584451 0.0014724136667059345
developer 7.818608287724785E-4 1.07880966137193 8.434790159280141E-4
documentation 0.001563721657544957 0.9416085398584451 0.0014724136667059345
Documentation 0.001563721657544957 0.9416085398584451 0.0014724136667059345
That 0.001563721657544957 0.22314355131420976 3.4893440393152426E-4
detailed 7.818608287724785E-4 1.0498221244986776 8.208147963242202E-4
targeted 0.001563721657544957 1.07880966137193 0.0016869580318560281
descriptions 0.001563721657544957 0.18632957819149354 2.9136759685925495E-4
conceptual 7.818608287724785E-4 1.171182981502945 9.15702096562115E-4
overviews 0.001563721657544957 0.06187540371808745 9.67559088633111E-5
terms 7.818608287724785E-4 1.0216512475319812 7.987890911117914E-4
workarounds 7.818608287724785E-4 1.171182981502945 9.15702096562115E-4
working 0.001563721657544957 0.9416085398584451 0.0014724136667059345
examples 0.001563721657544957 0.616186139423817 9.63543611296039E-4
Oracle 7.818608287724785E-4 0.8915981192837835 6.971056444752021E-4
affiliates 7.818608287724785E-4 1.171182981502945 9.15702096562115E-4
subject 7.818608287724785E-4 1.1394342831883648 8.908790329854298E-4
license 7.818608287724785E-4 1.1086626245216111 8.66819878437538E-4
Also 7.818608287724785E-4 0.5108256237659907 3.993945455558958E-4
redistribution 7.818608287724785E-4 1.171182981502945 9.15702096562115E-4
policy 0.001563721657544957 1.0216512475319812 0.001597578182223583
Scripting 7.818608287724785E-4 1.0216512475319812 7.987890911117914E-4
page 7.818608287724785E-4 0.843970070294529 6.598671386196473E-4
tracks 7.818608287724785E-4 1.07880966137193 8.434790159280141E-4
web 7.818608287724785E-4 0.8209805520698303 6.418925348474045E-4
traffic 7.818608287724785E-4 1.1086626245216111 8.66819878437538E-4
but 7.818608287724785E-4 0.8209805520698303 6.418925348474045E-4
change 0.003127443315089914 0.7765287894989963 0.002428549771693499
content 7.818608287724785E-4 0.44628710262841953 3.4893440393152426E-4
