Bugs 0.054878048780487805 0.9942522733438669 0.05456262475667562
jsoup 0.04878048780487805 0.0 0.0
Java 0.006097560975609756 0.010050335853501506 6.128253569208235E-5
HTML 0.024390243902439025 0.0 0.0
parser 0.012195121951219513 0.0 0.0
News 0.006097560975609756 1.9661128563728327 0.011988493026663615
Discussion 0.012195121951219513 2.8134107167600364 0.03430988678975654
Download 0.006097560975609756 2.659260036932778 0.016215000225199866
API 0.006097560975609756 0.0 0.0
Reference 0.006097560975609756 0.843970070294529 0.005146158965210543
Cookbook 0.006097560975609756 2.8134107167600364 0.01715494339487827
Try 0.006097560975609756 2.120263536200091 0.012928436196342019
You 0.03048780487804878 0.8209805520698303 0.025029894880177754
can 0.006097560975609756 0.7339691750802005 0.004475421799269515
review 0.006097560975609756 4.605170185988092 0.02808030601212251
existing 0.006097560975609756 1.2729656758128876 0.0077619858281273635
issues 0.03048780487804878 2.8134107167600364 0.08577471697439135
including 0.006097560975609756 1.0498221244986776 0.006401354417674864
bugs 0.054878048780487805 0.9942522733438669 0.05456262475667562
and 0.018292682926829267 0.09431067947124142 0.0017251953561812452
new 0.012195121951219513 0.616186139423817 0.007514465114924597
features 0.006097560975609756 2.120263536200091 0.012928436196342019
or 0.018292682926829267 0.2613647641344075 0.004781062758556234
file 0.012195121951219513 0.8915981192837835 0.010873147796143701
a 0.04878048780487805 0.16251892949777494 0.007927752658428046
bug 0.054878048780487805 0.9942522733438669 0.05456262475667562
via 0.006097560975609756 1.8971199848858813 0.011567804785889521
the 0.04878048780487805 0.10536051565782635 0.005139537349162261
issue 0.03048780487804878 2.8134107167600364 0.08577471697439135
list 0.006097560975609756 0.653926467406664 0.00398735650857722
If 0.024390243902439025 0.616186139423817 0.015028930229849195
you 0.03048780487804878 0.8209805520698303 0.025029894880177754
are 0.042682926829268296 0.18632957819149354 0.007953091752075944
not 0.012195121951219513 0.3424903089467759 0.004176711084716779
sure 0.006097560975609756 2.207274913189721 0.013458993373108056
if 0.024390243902439025 0.616186139423817 0.015028930229849195
something 0.006097560975609756 2.8134107167600364 0.01715494339487827
is 0.042682926829268296 0.18632957819149354 0.007953091752075944
need 0.006097560975609756 1.7147984280919266 0.010456087976170285
hand 0.006097560975609756 3.506557897319982 0.021381450593414526
please 0.018292682926829267 1.8971199848858813 0.034703414357668556
join 0.006097560975609756 2.5257286443082556 0.015400784416513755
discussion 0.012195121951219513 2.8134107167600364 0.03430988678975654
Please 0.018292682926829267 1.8971199848858813 0.034703414357668556
do 0.006097560975609756 0.9162907318741551 0.005587138608988751
create 0.006097560975609756 0.8915981192837835 0.0054365738980718505
GitHub 0.006097560975609756 2.659260036932778 0.016215000225199866
for 0.012195121951219513 0.083381608939051 0.001016848889500622
questions 0.006097560975609756 2.995732273553991 0.018266660204597506
on 0.006097560975609756 0.5447271754416719 0.003321507167327268
how 0.006097560975609756 1.2039728043259361 0.007341297587353269
generally 0.006097560975609756 1.3470736479666094 0.008213863707113472
to 0.006097560975609756 0.17435338714477774 0.0010631304094193765
use 0.006097560975609756 0.010050335853501506 6.128253569208235E-5
those 0.006097560975609756 1.6607312068216509 0.010126409797692993
will 0.018292682926829267 0.5447271754416719 0.009964521501981804
be 0.042682926829268296 0.18632957819149354 0.007953091752075944
closed 0.006097560975609756 2.302585092994046 0.014040153006061255
What 0.006097560975609756 1.5141277326297755 0.009232486174571803
constitutes 0.006097560975609756 4.605170185988092 0.02808030601212251
The 0.04878048780487805 0.10536051565782635 0.005139537349162261
goal 0.006097560975609756 4.605170185988092 0.02808030601212251
of 0.012195121951219513 0.1165338162559516 0.0014211441006823367
that 0.03048780487804878 0.22314355131420976 0.006803157052262493
sensibly 0.006097560975609756 4.605170185988092 0.02808030601212251
parse 0.018292682926829267 1.4696759700589417 0.026884316525468445
any 0.006097560975609756 0.5978370007556204 0.0036453475655830515
real 0.006097560975609756 2.207274913189721 0.013458993373108056
world 0.006097560975609756 2.207274913189721 0.013458993373108056
page 0.012195121951219513 0.843970070294529 0.010292317930421086
into 0.006097560975609756 0.8915981192837835 0.0054365738980718505
effectively 0.006097560975609756 4.605170185988092 0.02808030601212251
same 0.006097560975609756 0.9942522733438669 0.006062513861852847
tree 0.006097560975609756 0.0408219945202552 2.489146007332634E-4
modern 0.006097560975609756 2.407945608651872 0.014682595174706535
browser 0.006097560975609756 4.605170185988092 0.02808030601212251
would 0.006097560975609756 2.0402208285265546 0.012440370905649725
find 0.006097560975609756 1.8325814637483102 0.011174277217977502
doesn 0.012195121951219513 3.506557897319982 0.04276290118682905
t 0.012195121951219513 1.2729656758128876 0.015523971656254727
correctly 0.006097560975609756 2.659260036932778 0.016215000225199866
it 0.018292682926829267 0.47803580094299974 0.008744557334323166
behave 0.006097560975609756 4.605170185988092 0.02808030601212251
as 0.006097560975609756 0.32850406697203605 0.0020030735790977808
documentation 0.006097560975609756 0.9416085398584451 0.005741515486941739
says 0.006097560975609756 2.995732273553991 0.018266660204597506
then 0.006097560975609756 1.2378743560016172 0.00754801436586352
s 0.042682926829268296 0.18632957819149354 0.007953091752075944
your 0.03048780487804878 0.8209805520698303 0.025029894880177754
assistance 0.006097560975609756 4.605170185988092 0.02808030601212251
by 0.006097560975609756 0.27443684570176036 0.00167339540062049
way 0.006097560975609756 1.1086626245216111 0.006760137954400068
filing 0.012195121951219513 0.8915981192837835 0.010873147796143701
welcomed 0.006097560975609756 3.912023005428146 0.023853798813586256
For 0.012195121951219513 0.083381608939051 0.001016848889500622
fastest 0.006097560975609756 3.506557897319982 0.021381450593414526
fix 0.006097560975609756 4.605170185988092 0.02808030601212251
supply 0.006097560975609756 2.407945608651872 0.014682595174706535
code 0.006097560975609756 0.5108256237659907 0.003114790388817017
input 0.006097560975609756 1.0216512475319812 0.006229580777634032
triggers 0.006097560975609756 4.605170185988092 0.02808030601212251
Jonathan 0.006097560975609756 0.0 0.0
Hedley 0.006097560975609756 0.0 0.0
616186139423817 0.011964779406287707
you 0.02912621359223301 0.8209805520698303 0.023912054914655253
find 0.009708737864077669 1.8325814637483102 0.017792053046100098
a 0.009708737864077669 0.16251892949777494 0.0015778536844444167
page 0.009708737864077669 0.843970070294529 0.008193884177616786
that 0.009708737864077669 0.22314355131420976 0.002166442245769027
jsoup 0.009708737864077669 0.0 0.0
doesn 0.009708737864077669 3.506557897319982 0.034044251430291085
t 0.009708737864077669 1.2729656758128876 0.0123588900564358
parse 0.009708737864077669 1.4696759700589417 0.014268698738436326
correctly 0.009708737864077669 2.659260036932778 0.02581805861099784
or 0.009708737864077669 0.2613647641344075 0.002537521981887451
if 0.019417475728155338 0.616186139423817 0.011964779406287707
it 0.009708737864077669 0.47803580094299974 0.0046411242809999975
doesn 0.009708737864077669 3.506557897319982 0.034044251430291085
t 0.009708737864077669 1.2729656758128876 0.0123588900564358
behave 0.009708737864077669 4.605170185988092 0.04471039015522419
as 0.009708737864077669 0.32850406697203605 0.003189359873514913
the 0.019417475728155338 0.10536051565782635 0.0020458352554917738
documentation 0.009708737864077669 0.9416085398584451 0.009141830484062573
says 0.009708737864077669 2.995732273553991 0.029084779354893113
it 0.009708737864077669 0.47803580094299974 0.0046411242809999975
will 0.009708737864077669 0.5447271754416719 0.005288613353802639
then 0.009708737864077669 1.2378743560016172 0.01201819763108366
that 0.009708737864077669 0.22314355131420976 0.002166442245769027
s 0.038834951456310676 0.18632957819149354 0.007236100123941496
a 0.009708737864077669 0.16251892949777494 0.0015778536844444167
bug 0.02912621359223301 0.9942522733438669 0.028958804077976706
and 0.009708737864077669 0.09431067947124142 9.15637664769334E-4
your 0.02912621359223301 0.8209805520698303 0.023912054914655253
assistance 0.009708737864077669 4.605170185988092 0.04471039015522419
by 0.009708737864077669 0.27443684570176036 0.0026644353951627217
way 0.009708737864077669 1.1086626245216111 0.01076371480118069
of 0.009708737864077669 0.1165338162559516 0.0011313962743296272
filing 0.019417475728155338 0.8915981192837835 0.017312584840461814
it 0.009708737864077669 0.47803580094299974 0.0046411242809999975
is 0.038834951456310676 0.18632957819149354 0.007236100123941496
welcomed 0.009708737864077669 3.912023005428146 0.03798080587794316
For 0.019417475728155338 0.083381608939051 0.001619060367748563
the 0.019417475728155338 0.10536051565782635 0.0020458352554917738
fastest 0.009708737864077669 3.506557897319982 0.034044251430291085
fix 0.009708737864077669 4.605170185988092 0.04471039015522419
please 0.019417475728155338 1.8971199848858813 0.03683728125992002
supply 0.009708737864077669 2.407945608651872 0.023378112705357976
your 0.02912621359223301 0.8209805520698303 0.023912054914655253
code 0.009708737864077669 0.5108256237659907 0.004959472075397968
and 0.009708737864077669 0.09431067947124142 9.15637664769334E-4
the 0.019417475728155338 0.10536051565782635 0.0020458352554917738
input 0.009708737864077669 1.0216512475319812 0.009918944150795934
HTML 0.009708737864077669 0.0 0.0
that 0.009708737864077669 0.22314355131420976 0.002166442245769027
triggers 0.009708737864077669 4.605170185988092 0.04471039015522419
the 0.019417475728155338 0.10536051565782635 0.0020458352554917738
issue 0.019417475728155338 2.8134107167600364 0.05462933430602012
jsoup 0.009708737864077669 0.0 0.0
HTML 0.009708737864077669 0.0 0.0
parser 0.009708737864077669 0.0 0.0
Jonathan 0.009708737864077669 0.0 0.0
Hedley 0.009708737864077669 0.0 0.0
