org 0.006493506493506494 0.05129329438755048 3.3307334017889924E-4
jsoup 0.012987012987012988 0.0 0.0
Java 0.006493506493506494 0.010050335853501506 6.526192112663316E-5
HTML 0.006493506493506494 0.0 0.0
Parser 0.006493506493506494 0.0 0.0
API 0.006493506493506494 0.0 0.0
Skip 0.006493506493506494 0.06187540371808745 4.0178833583173675E-4
navigation 0.006493506493506494 0.06187540371808745 4.0178833583173675E-4
links 0.006493506493506494 0.0408219945202552 2.6507788649516364E-4
Overview 0.006493506493506494 0.06187540371808745 4.0178833583173675E-4
Package 0.006493506493506494 0.06187540371808745 4.0178833583173675E-4
Class 0.012987012987012988 0.06187540371808745 8.035766716634735E-4
Use 0.006493506493506494 0.010050335853501506 6.526192112663316E-5
Tree 0.006493506493506494 0.0408219945202552 2.6507788649516364E-4
Deprecated 0.006493506493506494 0.06187540371808745 4.0178833583173675E-4
Index 0.006493506493506494 0.06187540371808745 4.0178833583173675E-4
Help 0.006493506493506494 0.05129329438755048 3.3307334017889924E-4
NonnullByDefault 0.006493506493506494 2.302585092994046 0.014951851253208092
Contains 0.012987012987012988 0.5798184952529422 0.007530110327960288
the 0.012987012987012988 0.10536051565782635 0.001368318385166576
main 0.006493506493506494 1.2378743560016172 0.008038145168841672
Jsoup 0.012987012987012988 0.0 0.0
class 0.012987012987012988 0.06187540371808745 8.035766716634735E-4
which 0.006493506493506494 0.7550225842780328 0.0049027440537534606
provides 0.006493506493506494 0.843970070294529 0.005480325131782656
convenient 0.006493506493506494 1.6094379124341003 0.010450895535286366
static 0.006493506493506494 0.5621189181535412 0.0036501228451528652
access 0.006493506493506494 0.8675005677047231 0.005633120569511189
to 0.006493506493506494 0.17435338714477774 0.001132164851589466
functionality 0.006493506493506494 1.0498221244986776 0.006817026782458946
Interface 0.012987012987012988 0.653926467406664 0.008492551524761872
Summary 0.006493506493506494 0.6931471805599453 0.004500955717921723
Description 0.012987012987012988 0.18632957819149354 0.0024198646518375786
Connection 0.006493506493506494 1.2039728043259361 0.00781800522289569
The 0.012987012987012988 0.10536051565782635 0.001368318385166576
interface 0.012987012987012988 0.653926467406664 0.008492551524761872
is 0.006493506493506494 0.22314355131420976 0.0014489840994429206
a 0.012987012987012988 0.16251892949777494 0.0021106354480230514
HTTP 0.012987012987012988 1.1394342831883648 0.014797847833615128
client 0.006493506493506494 2.207274913189721 0.014332953981751436
and 0.006493506493506494 0.09431067947124142 6.124070095535157E-4
session 0.006493506493506494 1.9661128563728327 0.01276696659982359
object 0.006493506493506494 0.43078291609245434 0.002797291662938015
fetch 0.006493506493506494 1.8971199848858813 0.012318960940817412
content 0.006493506493506494 0.44628710262841953 0.0028979681988858413
from 0.006493506493506494 0.38566248081198473 0.0025043018234544466
web 0.006493506493506494 0.8209805520698303 0.005331042545907989
parse 0.006493506493506494 1.4696759700589417 0.009543350454928193
them 0.006493506493506494 1.7719568419318754 0.011506213259297893
into 0.006493506493506494 0.8915981192837835 0.005789598177167426
Documents 0.006493506493506494 1.7147984280919266 0.011135054727869654
Base 0.006493506493506494 0.9162907318741551 0.005949939817364644
T 0.006493506493506494 1.2729656758128876 0.008266010881901868
extends 0.006493506493506494 0.653926467406664 0.004246275762380936
Common 0.006493506493506494 1.7719568419318754 0.011506213259297893
methods 0.012987012987012988 0.18632957819149354 0.0024198646518375786
for 0.012987012987012988 0.083381608939051 0.0010828780381694936
Requests 0.01948051948051948 1.07880966137193 0.021015772624128508
Responses 0.01948051948051948 1.2729656758128876 0.0247980326457056
KeyVal 0.006493506493506494 1.7147984280919266 0.011135054727869654
A 0.012987012987012988 0.16251892949777494 0.0021106354480230514
Key 0.006493506493506494 0.7985076962177716 0.005185114910505011
Value 0.006493506493506494 0.5447271754416719 0.0035371894509199477
tuple 0.006493506493506494 2.8134107167600364 0.018268900758182056
used 0.006493506493506494 0.6348782724359695 0.004122586184649153
form 0.006493506493506494 0.9675840262617057 0.006283013157543544
data 0.006493506493506494 0.5978370007556204 0.003882058446465068
Request 0.01948051948051948 1.07880966137193 0.021015772624128508
Represents 0.006493506493506494 1.8971199848858813 0.012318960940817412
request 0.01948051948051948 1.07880966137193 0.021015772624128508
Response 0.012987012987012988 1.2729656758128876 0.016532021763803736
response 0.01948051948051948 1.2729656758128876 0.0247980326457056
core 0.006493506493506494 1.171182981502945 0.00760508429547367
public 0.006493506493506494 0.6931471805599453 0.004500955717921723
point 0.006493506493506494 1.7719568419318754 0.011506213259297893
Enum 0.006493506493506494 1.5141277326297755 0.009831998263829711
Method 0.012987012987012988 0.18632957819149354 0.0024198646518375786
GET 0.006493506493506494 0.6733445532637655 0.0043723672289854906
POST 0.006493506493506494 1.7719568419318754 0.011506213259297893
http 0.012987012987012988 1.1394342831883648 0.014797847833615128
Exception 0.006493506493506494 1.4271163556401458 0.00926698932233861
HttpStatusException 0.006493506493506494 1.6607312068216509 0.010783968875465266
Signals 0.006493506493506494 2.8134107167600364 0.018268900758182056
that 0.012987012987012988 0.22314355131420976 0.0028979681988858413
resulted 0.006493506493506494 2.5257286443082556 0.01640083535265101
in 0.006493506493506494 0.1508228897345837 9.79369413860933E-4
not 0.006493506493506494 0.3424903089467759 0.0022239630451089346
OK 0.006493506493506494 2.0402208285265546 0.013248187198224381
SerializationException 0.006493506493506494 2.302585092994046 0.014951851253208092
raised 0.006493506493506494 2.995732273553991 0.01945280697112981
whenever 0.006493506493506494 2.995732273553991 0.01945280697112981
serialization 0.006493506493506494 1.7719568419318754 0.011506213259297893
of 0.006493506493506494 0.1165338162559516 7.567130925711144E-4
DOM 0.006493506493506494 1.7719568419318754 0.011506213259297893
element 0.006493506493506494 0.7339691750802005 0.004766033604416887
fails 0.006493506493506494 2.995732273553991 0.01945280697112981
UncheckedIOException 0.006493506493506494 2.302585092994046 0.014951851253208092
UnsupportedMimeTypeException 0.006493506493506494 1.7719568419318754 0.011506213259297893
returned 0.006493506493506494 2.120263536200091 0.013767945040260332
mime 0.006493506493506494 1.9661128563728327 0.01276696659982359
type 0.006493506493506494 0.44628710262841953 0.0028979681988858413
supported 0.006493506493506494 1.6607312068216509 0.010783968875465266
Copyright 0.006493506493506494 0.06187540371808745 4.0178833583173675E-4
Jonathan 0.006493506493506494 0.0 0.0
Hedley 0.006493506493506494 0.0 0.0
All 0.006493506493506494 0.05129329438755048 3.3307334017889924E-4
rights 0.006493506493506494 0.06187540371808745 4.0178833583173675E-4
reserved 0.006493506493506494 0.06187540371808745 4.0178833583173675E-4
Submit 0.006493506493506494 1.07880966137193 0.0070052575413761696
bug 0.006493506493506494 1.1086626245216111 0.007199107951439034
or 0.006493506493506494 0.2613647641344075 0.0016971737930805684
feature 0.006493506493506494 1.1394342831883648 0.007398923916807564
For 0.012987012987012988 0.083381608939051 0.0010828780381694936
further 0.006493506493506494 0.9416085398584451 0.006114341167911981
reference 0.006493506493506494 0.843970070294529 0.005480325131782656
developer 0.006493506493506494 1.07880966137193 0.0070052575413761696
documentation 0.012987012987012988 0.9416085398584451 0.012228682335823962
see 0.006493506493506494 0.3566749439387324 0.0023160710645372235
SE 0.006493506493506494 1.1086626245216111 0.007199107951439034
Documentation 0.012987012987012988 0.9416085398584451 0.012228682335823962
That 0.012987012987012988 0.22314355131420976 0.0028979681988858413
contains 0.012987012987012988 0.5798184952529422 0.007530110327960288
more 0.006493506493506494 0.7339691750802005 0.004766033604416887
detailed 0.006493506493506494 1.0498221244986776 0.006817026782458946
targeted 0.006493506493506494 1.171182981502945 0.00760508429547367
descriptions 0.012987012987012988 0.18632957819149354 0.0024198646518375786
with 0.006493506493506494 0.23572233352106994 0.001530664503383571
conceptual 0.006493506493506494 1.171182981502945 0.00760508429547367
overviews 0.006493506493506494 1.171182981502945 0.00760508429547367
definitions 0.006493506493506494 0.7765287894989963 0.00504239473700647
terms 0.006493506493506494 1.0216512475319812 0.006634099009947931
workarounds 0.006493506493506494 1.171182981502945 0.00760508429547367
working 0.006493506493506494 0.9942522733438669 0.006456183593141993
code 0.006493506493506494 0.5108256237659907 0.003317049504973966
examples 0.006493506493506494 0.7985076962177716 0.005185114910505011
Oracle 0.006493506493506494 0.8915981192837835 0.005789598177167426
its 0.006493506493506494 0.8675005677047231 0.005633120569511189
affiliates 0.006493506493506494 1.171182981502945 0.00760508429547367
subject 0.006493506493506494 1.1394342831883648 0.007398923916807564
license 0.006493506493506494 1.1086626245216111 0.007199107951439034
Also 0.006493506493506494 0.5108256237659907 0.003317049504973966
redistribution 0.006493506493506494 1.171182981502945 0.00760508429547367
policy 0.006493506493506494 1.0216512475319812 0.006634099009947931
Scripting 0.006493506493506494 1.0216512475319812 0.006634099009947931
on 0.006493506493506494 0.5447271754416719 0.0035371894509199477
this 0.006493506493506494 0.3424903089467759 0.0022239630451089346
page 0.006493506493506494 0.843970070294529 0.005480325131782656
tracks 0.006493506493506494 1.07880966137193 0.0070052575413761696
traffic 0.006493506493506494 1.1086626245216111 0.007199107951439034
but 0.006493506493506494 0.8209805520698303 0.005331042545907989
does 0.006493506493506494 0.7339691750802005 0.004766033604416887
change 0.006493506493506494 0.9162907318741551 0.005949939817364644
any 0.006493506493506494 0.5978370007556204 0.003882058446465068
way 0.006493506493506494 1.1086626245216111 0.007199107951439034
