Uses 0.0425531914893617 0.010050335853501506 4.276738661064471E-4
of 0.010638297872340425 0.1165338162559516 0.0012397214495314
Package 0.010638297872340425 0.06187540371808745 6.582489757243346E-4
org 0.010638297872340425 0.05129329438755048 5.456733445484093E-4
jsoup 0.02127659574468085 0.0 0.0
Java 0.010638297872340425 0.010050335853501506 1.0691846652661177E-4
HTML 0.010638297872340425 0.0 0.0
Parser 0.010638297872340425 0.0 0.0
API 0.010638297872340425 0.0 0.0
Skip 0.010638297872340425 0.06187540371808745 6.582489757243346E-4
navigation 0.010638297872340425 0.06187540371808745 6.582489757243346E-4
links 0.010638297872340425 0.0408219945202552 4.342765374495234E-4
Overview 0.010638297872340425 0.06187540371808745 6.582489757243346E-4
Class 0.0425531914893617 0.06187540371808745 0.0026329959028973384
Use 0.02127659574468085 0.010050335853501506 2.1383693305322354E-4
Tree 0.010638297872340425 0.0408219945202552 4.342765374495234E-4
Deprecated 0.010638297872340425 0.06187540371808745 6.582489757243346E-4
Index 0.010638297872340425 0.06187540371808745 6.582489757243346E-4
Help 0.010638297872340425 0.05129329438755048 5.456733445484093E-4
Packages 0.010638297872340425 0.9162907318741551 0.009747773743342075
that 0.010638297872340425 0.22314355131420976 0.0023738675671724444
use 0.0425531914893617 0.010050335853501506 4.276738661064471E-4
Description 0.010638297872340425 0.24846135929849972 0.0026432059499840394
Contains 0.02127659574468085 0.43078291609245434 0.009165593959413921
the 0.02127659574468085 0.10536051565782635 0.002241713099102688
main 0.010638297872340425 1.2378743560016172 0.013168876127676778
Jsoup 0.02127659574468085 0.0 0.0
class 0.0425531914893617 0.06187540371808745 0.0026329959028973384
which 0.010638297872340425 0.7550225842780328 0.008032155151893965
provides 0.010638297872340425 0.843970070294529 0.008978405003133287
convenient 0.010638297872340425 1.6094379124341003 0.017121679919511704
static 0.010638297872340425 0.5621189181535412 0.005979988490995119
access 0.010638297872340425 0.8675005677047231 0.009228729443667266
to 0.010638297872340425 0.17435338714477774 0.0018548232674976356
functionality 0.010638297872340425 1.0498221244986776 0.011168320473390187
helper 0.010638297872340425 1.1086626245216111 0.011794283239591608
containing 0.02127659574468085 0.43078291609245434 0.009165593959413921
classes 0.0425531914893617 0.06187540371808745 0.0026329959028973384
supporting 0.010638297872340425 1.5606477482646683 0.016602635619836898
core 0.010638297872340425 1.171182981502945 0.012459393420244096
code 0.010638297872340425 0.5108256237659907 0.005434315146446709
nodes 0.010638297872340425 0.7550225842780328 0.008032155151893965
document 0.02127659574468085 0.38566248081198473 0.008205584698127334
structure 0.010638297872340425 1.4696759700589417 0.01563485074530789
Classes 0.0425531914893617 0.06187540371808745 0.0026329959028973384
in 0.010638297872340425 0.1508228897345837 0.0016044988269636562
used 0.0425531914893617 0.010050335853501506 4.276738661064471E-4
by 0.010638297872340425 0.27443684570176036 0.0029195409117208546
Connection 0.010638297872340425 1.2039728043259361 0.012808221322616341
The 0.02127659574468085 0.10536051565782635 0.002241713099102688
interface 0.010638297872340425 0.653926467406664 0.006956664546879404
is 0.010638297872340425 0.22314355131420976 0.0023738675671724444
a 0.02127659574468085 0.16251892949777494 0.0034578495637824455
HTTP 0.02127659574468085 1.1394342831883648 0.02424328262102904
client 0.010638297872340425 2.207274913189721 0.023481648012656606
and 0.010638297872340425 0.09431067947124142 0.0010033051007578874
session 0.010638297872340425 1.9661128563728327 0.020916094216732264
object 0.010638297872340425 0.43078291609245434 0.004582796979706961
fetch 0.010638297872340425 1.8971199848858813 0.020182127498785972
content 0.010638297872340425 0.44628710262841953 0.004747735134344889
from 0.010638297872340425 0.38566248081198473 0.004102792349063667
web 0.010638297872340425 0.8209805520698303 0.008733835660317343
parse 0.010638297872340425 1.4696759700589417 0.01563485074530789
them 0.010638297872340425 1.7719568419318754 0.01885060470140293
into 0.010638297872340425 0.8915981192837835 0.009485086375359398
Documents 0.02127659574468085 0.38566248081198473 0.008205584698127334
Base 0.010638297872340425 0.9162907318741551 0.009747773743342075
Common 0.010638297872340425 1.7719568419318754 0.01885060470140293
methods 0.02127659574468085 0.18632957819149354 0.003964459110457309
for 0.010638297872340425 0.083381608939051 8.870383929686276E-4
Requests 0.031914893617021274 1.07880966137193 0.03443009557569989
Responses 0.031914893617021274 1.2729656758128876 0.0406265641216879
KeyVal 0.010638297872340425 1.7147984280919266 0.01824253646906305
A 0.02127659574468085 0.16251892949777494 0.0034578495637824455
Key 0.010638297872340425 0.7985076962177716 0.008494762725720974
Value 0.010638297872340425 0.5447271754416719 0.005794969951507148
tuple 0.010638297872340425 2.8134107167600364 0.029929901242128045
form 0.010638297872340425 0.9675840262617057 0.010293447087890486
data 0.010638297872340425 0.5978370007556204 0.006359968093144898
Method 0.02127659574468085 0.18632957819149354 0.003964459110457309
GET 0.010638297872340425 0.6733445532637655 0.007163239928337931
POST 0.010638297872340425 1.7719568419318754 0.01885060470140293
http 0.02127659574468085 1.1394342831883648 0.02424328262102904
Request 0.031914893617021274 1.07880966137193 0.03443009557569989
Represents 0.010638297872340425 1.8971199848858813 0.020182127498785972
request 0.031914893617021274 1.07880966137193 0.03443009557569989
Response 0.02127659574468085 1.2729656758128876 0.027084376081125267
response 0.031914893617021274 1.2729656758128876 0.0406265641216879
Copyright 0.010638297872340425 0.06187540371808745 6.582489757243346E-4
Jonathan 0.010638297872340425 0.0 0.0
Hedley 0.010638297872340425 0.0 0.0
All 0.010638297872340425 0.05129329438755048 5.456733445484093E-4
rights 0.010638297872340425 0.06187540371808745 6.582489757243346E-4
reserved 0.010638297872340425 0.06187540371808745 6.582489757243346E-4
