org 0.010517799352750809 0.05129329438755048 5.394925785098351E-4
jsoup 0.013754045307443365 0.0 0.0
Class 0.012135922330097087 0.06187540371808745 7.509150936661098E-4
Hierarchy 0.0040453074433656954 1.5606477482646683 0.006313299952526975
Java 0.01779935275080906 0.010050335853501506 1.7888947312057698E-4
HTML 8.090614886731392E-4 0.0 0.0
Parser 8.090614886731392E-4 0.0 0.0
API 0.0016181229773462784 0.0 0.0
Skip 0.0016181229773462784 0.06187540371808745 1.0012201248881466E-4
navigation 0.0016181229773462784 0.06187540371808745 1.0012201248881466E-4
links 0.0016181229773462784 0.0408219945202552 6.60550073143288E-5
Overview 0.0024271844660194173 0.06187540371808745 1.5018301873322197E-4
Package 0.0048543689320388345 0.06187540371808745 3.0036603746644395E-4
Use 0.003236245954692557 0.010050335853501506 3.2525358749195814E-5
Tree 0.0024271844660194173 0.0408219945202552 9.90825109714932E-5
Deprecated 0.0024271844660194173 0.06187540371808745 1.5018301873322197E-4
Index 0.003236245954692557 0.06187540371808745 2.0024402497762932E-4
Help 0.0024271844660194173 0.05129329438755048 1.244982873484235E-4
For 0.012944983818770227 0.083381608939051 0.001079373578499042
Hierarchies 8.090614886731392E-4 2.120263536200091 0.00171542357297742
All 0.008090614886731391 0.05129329438755048 4.149942911614116E-4
Packages 0.0056634304207119745 0.06187540371808745 3.504270437108513E-4
java 0.01779935275080906 0.010050335853501506 1.7888947312057698E-4
lang 0.009708737864077669 0.653926467406664 0.006348800654433631
Object 0.024271844660194174 0.38566248081198473 0.00936073982553361
Jsoup 0.013754045307443365 0.0 0.0
Throwable 8.090614886731392E-4 1.9661128563728327 0.0015907061944764019
implements 0.0024271844660194173 0.6931471805599453 0.0016823960693202553
io 0.0024271844660194173 1.5606477482646683 0.003787979971516185
Serializable 0.0024271844660194173 1.4271163556401458 0.003463874649612004
Exception 0.0016181229773462784 1.4271163556401458 0.0023092497664080032
IOException 8.090614886731392E-4 1.4696759700589417 0.0011890582282030272
HttpStatusException 8.090614886731392E-4 1.6607312068216509 0.001343633662477064
UnsupportedMimeTypeException 8.090614886731392E-4 1.7719568419318754 0.0014336220403979576
RuntimeException 8.090614886731392E-4 2.407945608651872 0.0019481760587798317
SerializationException 8.090614886731392E-4 2.302585092994046 0.0018629329231343414
UncheckedIOException 8.090614886731392E-4 2.302585092994046 0.0018629329231343414
Interface 0.00889967637540453 0.653926467406664 0.005819733933230829
Connection 0.0048543689320388345 1.2039728043259361 0.005844528176339495
Base 8.090614886731392E-4 0.9162907318741551 7.413355435875042E-4
T 0.0016181229773462784 1.2729656758128876 0.002059815009405967
Request 8.090614886731392E-4 1.2378743560016172 0.0010015164692569719
Response 0.0024271844660194173 1.2729656758128876 0.00308972251410895
KeyVal 8.090614886731392E-4 1.7147984280919266 0.0013873773690064133
Enum 0.0016181229773462784 1.5141277326297755 0.002450044874805462
E 0.0016181229773462784 0.7765287894989963 0.0012565190768592173
Comparable 8.090614886731392E-4 2.120263536200091 0.00171542357297742
constant 8.090614886731392E-4 1.4271163556401458 0.0011546248832040016
Constable 8.090614886731392E-4 2.8134107167600364 0.0022762222627508385
Method 0.010517799352750809 0.18632957819149354 0.001959777116900822
Copyright 0.0016181229773462784 0.06187540371808745 1.0012201248881466E-4
Jonathan 8.090614886731392E-4 0.0 0.0
Hedley 8.090614886731392E-4 0.0 0.0
rights 0.0016181229773462784 0.06187540371808745 1.0012201248881466E-4
reserved 0.0016181229773462784 0.06187540371808745 1.0012201248881466E-4
swing 0.003236245954692557 1.9661128563728327 0.0063628247779056075
plaf 8.090614886731392E-4 2.0402208285265546 0.0016506641007496398
basic 8.090614886731392E-4 1.4696759700589417 0.0011890582282030272
BasicTreeUI 0.0048543689320388345 2.8134107167600364 0.01365733357650503
TreeCancelEditingAction 8.090614886731392E-4 2.995732273553991 0.00242373161290776
TreeHomeAction 8.090614886731392E-4 2.995732273553991 0.00242373161290776
TreeIncrementAction 8.090614886731392E-4 2.995732273553991 0.00242373161290776
TreePageAction 8.090614886731392E-4 2.995732273553991 0.00242373161290776
TreeToggleAction 8.090614886731392E-4 2.995732273553991 0.00242373161290776
TreeTraverseAction 8.090614886731392E-4 2.995732273553991 0.00242373161290776
MetalFileChooserUI 8.090614886731392E-4 2.8134107167600364 0.0022762222627508385
DirectoryComboBoxAction 8.090614886731392E-4 2.995732273553991 0.00242373161290776
TextAction 8.090614886731392E-4 2.8134107167600364 0.0022762222627508385
public 0.009708737864077669 0.6931471805599453 0.006729584277281021
abstract 0.003236245954692557 1.2729656758128876 0.004119630018811934
class 0.012135922330097087 0.06187540371808745 7.509150936661098E-4
AbstractAction 0.011326860841423949 2.5257286443082556 0.02860857687727798
extends 8.090614886731392E-4 0.653926467406664 5.290667212028027E-4
Action 0.032362459546925564 2.0402208285265546 0.06602656402998558
Cloneable 0.0024271844660194173 1.3093333199837622 0.0031779934951062187
This 0.012135922330097087 0.3424903089467759 0.004156435788189028
provides 8.090614886731392E-4 0.843970070294529 6.828236814680655E-4
default 0.0040453074433656954 1.0216512475319812 0.004132893396164972
implementations 8.090614886731392E-4 1.8971199848858813 0.0015348867191633344
for 0.012944983818770227 0.083381608939051 0.001079373578499042
the 0.050970873786407765 0.10536051565782635 0.005370317545665906
JFC 8.090614886731392E-4 2.8134107167600364 0.0022762222627508385
interface 0.00889967637540453 0.653926467406664 0.005819733933230829
Standard 0.0016181229773462784 1.1394342831883648 0.0018437447948031795
behaviors 8.090614886731392E-4 2.8134107167600364 0.0022762222627508385
like 8.090614886731392E-4 1.171182981502945 9.475590465234184E-4
get 0.003236245954692557 0.653926467406664 0.0021162668848112107
and 0.011326860841423949 0.09431067947124142 0.0010682439422308899
set 0.00889967637540453 0.4620354595965586 0.0041119660643706675
methods 0.010517799352750809 0.18632957819149354 0.001959777116900822
object 0.024271844660194174 0.38566248081198473 0.00936073982553361
properties 0.006472491909385114 1.6607312068216509 0.010749069299816512
icon 0.009708737864077669 2.0402208285265546 0.019807969208995673
text 8.090614886731392E-4 1.1086626245216111 8.969762334317242E-4
enabled 0.009708737864077669 1.3093333199837622 0.012711973980424875
are 0.02831715210355987 0.18632957819149354 0.005276323007040675
defined 0.0016181229773462784 0.9942522733438669 0.0016088224487764836
here 8.090614886731392E-4 3.506557897319982 0.0028370209525242574
The 0.050970873786407765 0.10536051565782635 0.005370317545665906
developer 0.0024271844660194173 1.07880966137193 0.0026184700518736164
need 8.090614886731392E-4 1.7147984280919266 0.0013873773690064133
only 8.090614886731392E-4 0.843970070294529 6.828236814680655E-4
subclass 0.0016181229773462784 1.9661128563728327 0.0031814123889528038
this 0.012135922330097087 0.3424903089467759 0.004156435788189028
define 0.0016181229773462784 0.9942522733438669 0.0016088224487764836
actionPerformed 0.0016181229773462784 3.506557897319982 0.005674041905048515
method 0.010517799352750809 0.18632957819149354 0.001959777116900822
Warning 8.090614886731392E-4 2.659260036932778 0.0021515048842498203
Serialized 8.090614886731392E-4 2.302585092994046 0.0018629329231343414
objects 0.024271844660194174 0.38566248081198473 0.00936073982553361
of 0.012944983818770227 0.1165338162559516 0.0015085283657728364
will 0.0040453074433656954 0.5447271754416719 0.0022035888974177666
not 0.003236245954692557 0.3424903089467759 0.0011083828768504076
be 0.02831715210355987 0.18632957819149354 0.005276323007040675
compatible 8.090614886731392E-4 2.995732273553991 0.00242373161290776
with 0.010517799352750809 0.23572233352106994 0.0024792802069368196
future 8.090614886731392E-4 1.8325814637483102 0.0014826710871750084
Swing 0.003236245954692557 1.9661128563728327 0.0063628247779056075
releases 8.090614886731392E-4 2.995732273553991 0.00242373161290776
current 0.0016181229773462784 1.5606477482646683 0.0025253199810107902
serialization 8.090614886731392E-4 1.7719568419318754 0.0014336220403979576
support 0.0040453074433656954 0.9416085398584451 0.003809096035026072
is 0.02831715210355987 0.18632957819149354 0.005276323007040675
appropriate 0.0016181229773462784 2.120263536200091 0.00343084714595484
short 0.0016181229773462784 2.407945608651872 0.0038963521175596635
term 0.003236245954692557 0.9416085398584451 0.003047276828020858
storage 0.0016181229773462784 2.302585092994046 0.003725865846268683
or 0.007281553398058253 0.2613647641344075 0.0019031414864155887
RMI 8.090614886731392E-4 2.302585092994046 0.0018629329231343414
between 8.090614886731392E-4 1.7147984280919266 0.0013873773690064133
applications 8.090614886731392E-4 1.6607312068216509 0.001343633662477064
running 8.090614886731392E-4 1.9661128563728327 0.0015907061944764019
same 8.090614886731392E-4 0.9942522733438669 8.044112243882418E-4
version 8.090614886731392E-4 1.9661128563728327 0.0015907061944764019
As 8.090614886731392E-4 0.32850406697203605 2.657799894595761E-4
long 0.0016181229773462784 1.9661128563728327 0.0031814123889528038
all 0.008090614886731391 0.05129329438755048 4.149942911614116E-4
JavaBeansTM 8.090614886731392E-4 3.2188758248682006 0.002604268466721845
has 0.008090614886731391 0.6931471805599453 0.0056079868977341844
been 0.02831715210355987 0.18632957819149354 0.005276323007040675
added 0.006472491909385114 1.07880966137193 0.006982586804996311
to 0.012135922330097087 0.17435338714477774 0.0021159391643783706
beans 0.0024271844660194173 2.5257286443082556 0.00613040933084528
package 0.0056634304207119745 0.06187540371808745 3.504270437108513E-4
Please 8.090614886731392E-4 1.8971199848858813 0.0015348867191633344
see 0.00889967637540453 0.3566749439387324 0.003174291572270272
XMLEncoder 8.090614886731392E-4 3.2188758248682006 0.002604268466721845
See 0.00889967637540453 0.3566749439387324 0.003174291572270272
Also 0.008090614886731391 0.5108256237659907 0.004132893396164973
Field 0.0056634304207119745 1.1394342831883648 0.006453106781811128
Summary 0.003236245954692557 0.6931471805599453 0.002243194759093674
Fields 0.0016181229773462784 1.1086626245216111 0.0017939524668634484
Modifier 0.0016181229773462784 0.653926467406664 0.0010581334424056054
Type 0.0016181229773462784 0.44628710262841953 7.221474152563424E-4
Description 0.0048543689320388345 0.18632957819149354 9.04512515492687E-4
protected 0.006472491909385114 1.1394342831883648 0.007374979179212718
SwingPropertyChangeSupport 0.0016181229773462784 3.2188758248682006 0.00520853693344369
changeSupport 0.0040453074433656954 4.605170185988092 0.018629329231343413
If 0.009708737864077669 0.616186139423817 0.005982389703143853
any 0.003236245954692557 0.5978370007556204 0.0019347475752609076
PropertyChangeListeners 0.0048543689320388345 3.912023005428146 0.01899040293897158
have 0.008090614886731391 0.6931471805599453 0.0056079868977341844
registered 0.0040453074433656954 2.659260036932778 0.0107575244212491
field 0.0056634304207119745 1.1394342831883648 0.006453106781811128
describes 0.0016181229773462784 2.302585092994046 0.003725865846268683
them 0.0016181229773462784 1.7719568419318754 0.0028672440807959152
boolean 0.0056634304207119745 0.653926467406664 0.003703467048419619
Specifies 0.0016181229773462784 2.5257286443082556 0.004086939553896854
whether 0.003236245954692557 1.6607312068216509 0.005374534649908256
action 0.032362459546925564 2.0402208285265546 0.06602656402998558
true 0.0056634304207119745 1.1086626245216111 0.00627883363402207
inherited 0.0040453074433656954 0.9942522733438669 0.004022056121941208
from 0.0048543689320388345 0.38566248081198473 0.0018721479651067218
javax 8.090614886731392E-4 1.3093333199837622 0.0010593311650354063
ACCELERATOR 8.090614886731392E-4 2.995732273553991 0.00242373161290776
KEY 0.021844660194174758 0.7985076962177716 0.017443129286310546
ACTION 0.032362459546925564 2.0402208285265546 0.06602656402998558
COMMAND 8.090614886731392E-4 2.659260036932778 0.0021515048842498203
DEFAULT 0.0040453074433656954 1.0216512475319812 0.004132893396164972
DISPLAYED 8.090614886731392E-4 2.8134107167600364 0.0022762222627508385
MNEMONIC 0.0016181229773462784 3.506557897319982 0.005674041905048515
INDEX 0.003236245954692557 0.06187540371808745 2.0024402497762932E-4
LARGE 8.090614886731392E-4 3.2188758248682006 0.002604268466721845
ICON 0.009708737864077669 2.0402208285265546 0.019807969208995673
LONG 0.0016181229773462784 1.9661128563728327 0.0031814123889528038
DESCRIPTION 0.0048543689320388345 0.18632957819149354 9.04512515492687E-4
NAME 0.012135922330097087 0.6931471805599453 0.008411980346601278
SELECTED 8.090614886731392E-4 2.120263536200091 0.00171542357297742
SHORT 0.0016181229773462784 2.407945608651872 0.0038963521175596635
SMALL 0.0040453074433656954 1.9661128563728327 0.007953530972382009
Constructor 0.0024271844660194173 0.6733445532637655 0.0016343314399605959
Constructors 8.090614886731392E-4 0.8915981192837835 7.213577016859091E-4
Creates 0.0048543689320388345 1.7147984280919266 0.008324264214038478
an 0.022653721682847898 0.16251892949777494 0.003681658597036973
String 0.011326860841423949 0.4155154439616658 0.00470648561121628
name 0.012135922330097087 0.6931471805599453 0.008411980346601278
specified 0.012135922330097087 0.9675840262617057 0.01174252459055468
Icon 0.009708737864077669 2.0402208285265546 0.019807969208995673
small 0.0040453074433656954 1.9661128563728327 0.007953530972382009
Methods 0.003236245954692557 0.24846135929849972 8.040820689271836E-4
void 0.008090614886731391 1.4696759700589417 0.011890582282030271
addPropertyChangeListener 0.0056634304207119745 3.506557897319982 0.019859146667669803
PropertyChangeListener 0.012135922330097087 2.8134107167600364 0.03414333394126258
listener 0.009708737864077669 2.120263536200091 0.020585082875729036
Adds 0.006472491909385114 1.07880966137193 0.006982586804996311
a 0.022653721682847898 0.16251892949777494 0.003681658597036973
list 0.0040453074433656954 0.653926467406664 0.002645333606014013
clone 0.00889967637540453 0.8209805520698303 0.007306461223922438
Clones 0.00889967637540453 0.8209805520698303 0.007306461223922438
firePropertyChange 0.0024271844660194173 4.605170185988092 0.011177597538806048
propertyName 0.0016181229773462784 4.605170185988092 0.007451731692537366
oldValue 0.0016181229773462784 4.605170185988092 0.007451731692537366
newValue 0.006472491909385114 4.605170185988092 0.029806926770149463
Supports 0.0040453074433656954 0.9416085398584451 0.003809096035026072
reporting 0.0016181229773462784 2.995732273553991 0.00484746322581552
bound 0.003236245954692557 2.5257286443082556 0.008173879107793708
property 0.006472491909385114 1.6607312068216509 0.010749069299816512
changes 0.0040453074433656954 0.7765287894989963 0.003141297692148043
getKeys 0.0024271844660194173 4.605170185988092 0.011177597538806048
Returns 0.009708737864077669 0.6931471805599453 0.006729584277281021
array 0.0048543689320388345 1.7719568419318754 0.008601732242387744
Objects 0.024271844660194174 0.38566248081198473 0.00936073982553361
which 0.0040453074433656954 0.7550225842780328 0.003054298480089129
keys 0.021844660194174758 0.7985076962177716 0.017443129286310546
values 0.00889967637540453 0.4620354595965586 0.0041119660643706675
null 0.0056634304207119745 1.2039728043259361 0.006818616205729412
if 0.009708737864077669 0.616186139423817 0.005982389703143853
no 0.0056634304207119745 0.5798184952529422 0.003283761704506954
getPropertyChangeListeners 0.0024271844660194173 4.605170185988092 0.011177597538806048
getValue 0.0040453074433656954 2.5257286443082556 0.010217348884742133
key 0.021844660194174758 0.7985076962177716 0.017443129286310546
Gets 0.003236245954692557 0.653926467406664 0.0021162668848112107
associated 0.003236245954692557 1.4271163556401458 0.0046184995328160065
isEnabled 0.0040453074433656954 4.605170185988092 0.018629329231343413
putValue 0.0040453074433656954 4.605170185988092 0.018629329231343413
Sets 0.00889967637540453 0.4620354595965586 0.0041119660643706675
Value 0.00889967637540453 0.4620354595965586 0.0041119660643706675
removePropertyChangeListener 0.0040453074433656954 4.605170185988092 0.018629329231343413
Removes 0.003236245954692557 1.2378743560016172 0.0040060658770278874
setEnabled 0.0040453074433656954 3.506557897319982 0.014185104762621284
equals 8.090614886731392E-4 0.9942522733438669 8.044112243882418E-4
finalize 8.090614886731392E-4 1.07880966137193 8.728233506245388E-4
getClass 8.090614886731392E-4 1.07880966137193 8.728233506245388E-4
hashCode 8.090614886731392E-4 0.9942522733438669 8.044112243882418E-4
notify 8.090614886731392E-4 1.0498221244986776 8.493706508888978E-4
notifyAll 8.090614886731392E-4 1.07880966137193 8.728233506245388E-4
toString 8.090614886731392E-4 0.9675840262617057 7.828349727036454E-4
wait 0.0024271844660194173 0.9942522733438669 0.0024132336731647252
awt 8.090614886731392E-4 1.9661128563728327 0.0015907061944764019
event 0.0016181229773462784 1.6094379124341003 0.002604268466721845
ActionListener 8.090614886731392E-4 2.0402208285265546 0.0016506641007496398
Detail 0.003236245954692557 1.9661128563728327 0.0063628247779056075
Parameters 0.0056634304207119745 0.5978370007556204 0.0033858082567065884
value 0.00889967637540453 0.4620354595965586 0.0041119660643706675
ignored 0.0024271844660194173 2.5257286443082556 0.00613040933084528
Specified 0.012135922330097087 0.9675840262617057 0.01174252459055468
by 0.0056634304207119745 0.27443684570176036 0.001554253980511588
in 0.00889967637540453 0.1508228897345837 0.001342274908641117
string 0.011326860841423949 0.4155154439616658 0.00470648561121628
containing 0.0016181229773462784 0.43078291609245434 6.970597347774342E-4
binding 8.090614886731392E-4 2.207274913189721 0.00178582112717615
stored 0.0024271844660194173 1.6094379124341003 0.003906402700082768
there 8.090614886731392E-4 1.2729656758128876 0.0010299075047029834
it 0.0024271844660194173 0.47803580094299974 0.0011602810702499994
return 0.009708737864077669 0.6931471805599453 0.006729584277281021
that 0.0048543689320388345 0.22314355131420976 0.0010832211228845134
identifies 8.090614886731392E-4 2.5257286443082556 0.002043469776948427
store 0.0024271844660194173 1.6094379124341003 0.003906402700082768
using 8.090614886731392E-4 0.8209805520698303 6.642237476293127E-4
false 0.0016181229773462784 1.1394342831883648 0.0018437447948031795
otherwise 8.090614886731392E-4 1.2378743560016172 0.0010015164692569719
enable 0.009708737864077669 1.3093333199837622 0.012711973980424875
disable 8.090614886731392E-4 2.302585092994046 0.0018629329231343414
Since 0.0016181229773462784 1.8971199848858813 0.003069773438326669
can 0.0016181229773462784 0.7339691750802005 0.001187652386861166
called 8.090614886731392E-4 1.7719568419318754 0.0014336220403979576
when 8.090614886731392E-4 0.843970070294529 6.828236814680655E-4
changed 0.0040453074433656954 0.7765287894989963 0.003141297692148043
send 8.090614886731392E-4 2.5257286443082556 0.002043469776948427
PropertyChangeEvent 0.0016181229773462784 2.5257286443082556 0.004086939553896854
A 0.022653721682847898 0.16251892949777494 0.003681658597036973
fired 0.0016181229773462784 2.659260036932778 0.004303009768499641
response 0.0024271844660194173 1.2729656758128876 0.00308972251410895
setting 0.00889967637540453 0.4620354595965586 0.0041119660643706675
e 0.0016181229773462784 0.7765287894989963 0.0012565190768592173
g 8.090614886731392E-4 1.5606477482646683 0.0012626599905053951
setFont 8.090614886731392E-4 4.605170185988092 0.003725865846268683
setBackground 8.090614886731392E-4 4.605170185988092 0.003725865846268683
setForeground 8.090614886731392E-4 4.605170185988092 0.003725865846268683
Note 8.090614886731392E-4 1.3093333199837622 0.0010593311650354063
component 8.090614886731392E-4 1.4696759700589417 0.0011890582282030272
inheriting 0.0040453074433656954 0.9942522733438669 0.004022056121941208
its 0.003236245954692557 0.8675005677047231 0.0028074452029279067
foreground 8.090614886731392E-4 3.506557897319982 0.0028370209525242574
background 8.090614886731392E-4 2.407945608651872 0.0019481760587798317
font 8.090614886731392E-4 2.120263536200091 0.00171542357297742
container 8.090614886731392E-4 2.0402208285265546 0.0016506641007496398
then 8.090614886731392E-4 1.2378743560016172 0.0010015164692569719
change 0.0040453074433656954 0.7765287894989963 0.003141297692148043
removes 0.003236245954692557 1.2378743560016172 0.0040060658770278874
was 0.02831715210355987 0.18632957819149354 0.005276323007040675
removed 0.003236245954692557 1.2378743560016172 0.0040060658770278874
empty 8.090614886731392E-4 1.4696759700589417 0.0011890582282030272
listeners 0.009708737864077669 2.120263536200091 0.020585082875729036
throws 0.0024271844660194173 1.5141277326297755 0.0036750673122081926
CloneNotSupportedException 0.0016181229773462784 3.2188758248682006 0.00520853693344369
gives 8.090614886731392E-4 4.605170185988092 0.003725865846268683
own 8.090614886731392E-4 2.0402208285265546 0.0016506641007496398
copy 8.090614886731392E-4 2.207274913189721 0.00178582112717615
handled 8.090614886731392E-4 4.605170185988092 0.003725865846268683
you 8.090614886731392E-4 0.9162907318741551 7.413355435875042E-4
Overrides 0.0016181229773462784 1.3470736479666094 0.0021797308219524427
instance 0.0016181229773462784 1.7719568419318754 0.0028672440807959152
Throws 0.0024271844660194173 1.5141277326297755 0.0036750673122081926
s 8.090614886731392E-4 0.5447271754416719 4.4071777948355336E-4
does 0.0016181229773462784 0.7339691750802005 0.001187652386861166
Subclasses 0.0016181229773462784 1.9661128563728327 0.0031814123889528038
override 0.0016181229773462784 1.3470736479666094 0.0021797308219524427
also 0.008090614886731391 0.5108256237659907 0.004132893396164973
throw 0.0024271844660194173 1.5141277326297755 0.0036750673122081926
exception 0.0016181229773462784 1.4271163556401458 0.0023092497664080032
indicate 8.090614886731392E-4 2.407945608651872 0.0019481760587798317
cloned 0.00889967637540453 0.8209805520698303 0.007306461223922438
Platform 8.090614886731392E-4 1.07880966137193 8.728233506245388E-4
Ed 8.090614886731392E-4 1.2729656758128876 0.0010299075047029834
Prev 8.090614886731392E-4 1.2729656758128876 0.0010299075047029834
Next 8.090614886731392E-4 1.171182981502945 9.475590465234184E-4
Frames 0.0016181229773462784 1.3470736479666094 0.0021797308219524427
No 0.0056634304207119745 0.5798184952529422 0.003283761704506954
Classes 0.012135922330097087 0.06187540371808745 7.509150936661098E-4
Nested 8.090614886731392E-4 2.0402208285265546 0.0016506641007496398
Constr 0.0016181229773462784 2.995732273553991 0.00484746322581552
Submit 8.090614886731392E-4 1.07880966137193 8.728233506245388E-4
bug 8.090614886731392E-4 1.1086626245216111 8.969762334317242E-4
feature 8.090614886731392E-4 1.1394342831883648 9.218723974015897E-4
further 8.090614886731392E-4 0.9416085398584451 7.618192070052145E-4
reference 8.090614886731392E-4 0.843970070294529 6.828236814680655E-4
documentation 0.003236245954692557 0.9416085398584451 0.003047276828020858
SE 8.090614886731392E-4 1.1086626245216111 8.969762334317242E-4
Documentation 0.003236245954692557 0.9416085398584451 0.003047276828020858
That 0.0048543689320388345 0.22314355131420976 0.0010832211228845134
contains 0.0016181229773462784 0.43078291609245434 6.970597347774342E-4
more 8.090614886731392E-4 0.7339691750802005 5.93826193430583E-4
detailed 8.090614886731392E-4 1.0498221244986776 8.493706508888978E-4
targeted 8.090614886731392E-4 1.171182981502945 9.475590465234184E-4
descriptions 0.0048543689320388345 0.18632957819149354 9.04512515492687E-4
conceptual 8.090614886731392E-4 1.171182981502945 9.475590465234184E-4
overviews 0.003236245954692557 0.06187540371808745 2.0024402497762932E-4
definitions 8.090614886731392E-4 0.7765287894989963 6.282595384296087E-4
terms 0.003236245954692557 0.9416085398584451 0.003047276828020858
workarounds 8.090614886731392E-4 1.171182981502945 9.475590465234184E-4
working 8.090614886731392E-4 0.9942522733438669 8.044112243882418E-4
code 8.090614886731392E-4 0.5108256237659907 4.1328933961649737E-4
examples 8.090614886731392E-4 0.7985076962177716 6.460418254189091E-4
Oracle 8.090614886731392E-4 0.8915981192837835 7.213577016859091E-4
affiliates 8.090614886731392E-4 1.171182981502945 9.475590465234184E-4
subject 8.090614886731392E-4 1.1394342831883648 9.218723974015897E-4
license 8.090614886731392E-4 1.1086626245216111 8.969762334317242E-4
redistribution 8.090614886731392E-4 1.171182981502945 9.475590465234184E-4
policy 8.090614886731392E-4 1.0216512475319812 8.265786792329945E-4
Scripting 8.090614886731392E-4 1.0216512475319812 8.265786792329945E-4
on 8.090614886731392E-4 0.5447271754416719 4.4071777948355336E-4
page 0.0016181229773462784 0.843970070294529 0.001365647362936131
tracks 8.090614886731392E-4 1.07880966137193 8.728233506245388E-4
web 8.090614886731392E-4 0.8209805520698303 6.642237476293127E-4
traffic 8.090614886731392E-4 1.1086626245216111 8.969762334317242E-4
but 8.090614886731392E-4 0.8209805520698303 6.642237476293127E-4
content 8.090614886731392E-4 0.44628710262841953 3.610737076281712E-4
way 8.090614886731392E-4 1.1086626245216111 8.969762334317242E-4
48795449046894
content 0.0027100271002710027 0.44628710262841953 0.0012094501426244432
way 0.0027100271002710027 1.1086626245216111 0.0030045057575111412
