Jsoup 0.00664599025254763 0.0 0.0
jsoup 0.00664599025254763 0.0 0.0
Java 0.0017722640673460345 0.010050335853501506 1.781184909792026E-5
HTML 0.04962339388568897 0.0 0.0
Parser 0.01595037660611431 0.0 0.0
API 8.861320336730173E-4 0.0 0.0
Skip 8.861320336730173E-4 0.06187540371808745 5.482977733104781E-5
navigation 8.861320336730173E-4 0.06187540371808745 5.482977733104781E-5
links 0.002658396101019052 0.0408219945202552 1.0852103106846753E-4
Overview 8.861320336730173E-4 0.06187540371808745 5.482977733104781E-5
Package 0.001329198050509526 0.06187540371808745 8.224466599657171E-5
Class 0.002658396101019052 0.06187540371808745 1.6448933199314343E-4
Use 0.01329198050509526 0.010050335853501506 1.3358886823440193E-4
Tree 0.001329198050509526 0.0408219945202552 5.4260515534233764E-5
Deprecated 0.006202924235711121 0.06187540371808745 3.838084413173347E-4
Index 8.861320336730173E-4 0.06187540371808745 5.482977733104781E-5
Help 8.861320336730173E-4 0.05129329438755048 4.545263126942887E-5
org 0.0017722640673460345 0.05129329438755048 9.090526253885774E-5
java 0.0017722640673460345 0.010050335853501506 1.781184909792026E-5
lang 8.861320336730173E-4 0.653926467406664 5.794651904356792E-4
Object 0.001329198050509526 0.43078291609245434 5.72595812262899E-4
public 0.010633584404076208 0.6931471805599453 0.00737063904893163
class 0.002658396101019052 0.06187540371808745 1.6448933199314343E-4
extends 4.4306601683650863E-4 0.653926467406664 2.897325952178396E-4
The 0.03766061143110323 0.10536051565782635 0.003967941440370066
core 4.4306601683650863E-4 1.171182981502945 5.189113786012163E-4
access 4.4306601683650863E-4 0.8675005677047231 3.8436002113634163E-4
point 4.4306601683650863E-4 1.7719568419318754 7.850938599609549E-4
to 0.03145768719539211 0.17435338714477774 0.005484754314257518
the 0.03766061143110323 0.10536051565782635 0.003967941440370066
functionality 4.4306601683650863E-4 1.0498221244986776 4.6514050708847034E-4
Author 4.4306601683650863E-4 2.120263536200091 9.394167196278649E-4
Jonathan 8.861320336730173E-4 0.0 0.0
Hedley 8.861320336730173E-4 0.0 0.0
Method 0.0031014621178555605 0.18632957819149354 5.778941281969228E-4
Summary 4.4306601683650863E-4 0.6931471805599453 3.0710996037215123E-4
Modifier 4.4306601683650863E-4 0.653926467406664 2.897325952178396E-4
and 0.01595037660611431 0.09431067947124142 0.0015042908555448341
Type 0.001329198050509526 0.44628710262841953 5.9320394678124E-4
Description 8.861320336730173E-4 0.18632957819149354 1.6511260805626365E-4
static 0.01949490474080638 0.5621189181535412 0.010958454762408422
String 0.03943287549844927 0.4155154439616658 0.01638496876942324
clean 0.01284891448825875 1.4271163556401458 0.018336896018415698
bodyHtml 0.011519716437749225 2.0402208285265546 0.023502765415015694
baseUri 0.013735046521931768 1.9661128563728327 0.027004651549649008
Safelist 0.017279574656623838 0.9162907318741551 0.015833114108591957
safelist 0.017279574656623838 0.9162907318741551 0.015833114108591957
Get 0.004430660168365086 0.6733445532637655 0.002983360891731349
safe 0.00930438635356668 1.3093333199837622 0.012182543074727074
from 0.00930438635356668 0.38566248081198473 0.0035883527235497027
untrusted 0.003987594151528578 2.0402208285265546 0.008135572643659278
input 0.011076650420912717 1.0216512475319812 0.011316473721001122
by 0.003987594151528578 0.27443684570176036 0.0010943427608842904
parsing 0.031014621178555603 0.9675840262617057 0.0300092520329284
filtering 0.002658396101019052 2.120263536200091 0.005636500317767189
it 0.008861320336730172 0.47803580094299974 0.0042360283645813
through 0.0031014621178555605 1.2378743560016172 0.003839220421803864
an 0.028356225077536552 0.16251892949777494 0.004608423344199201
allow 0.0017722640673460345 1.0216512475319812 0.0018106357953601793
list 0.003987594151528578 0.653926467406664 0.0026075933569605567
of 0.017722640673460344 0.1165338162559516 0.002065286951811282
tags 0.00974745237040319 0.7550225842780328 0.007359546678828852
attributes 0.004873726185201595 0.3566749439387324 0.0017383360138795109
Document 0.0256978289765175 0.38566248081198473 0.009910688474565846
OutputSettings 0.004430660168365086 1.1394342831883648 0.005048446092992312
outputSettings 0.004430660168365086 1.1394342831883648 0.005048446092992312
a 0.028356225077536552 0.16251892949777494 0.004608423344199201
permitted 0.0031014621178555605 2.659260036932778 0.00824759426607419
Whitelist 0.003544528134692069 1.1086626245216111 0.0039296858644984
as 0.011519716437749225 0.32850406697203605 0.003784273700165236
Connection 0.007975188303057155 1.2039728043259361 0.009601909826259128
connect 0.003544528134692069 1.7719568419318754 0.0062807508796876394
url 0.018165706690296855 1.1086626245216111 0.0201396400555543
Creates 0.0017722640673460345 1.7147984280919266 0.0030390756368487842
new 0.0017722640673460345 0.616186139423817 0.0010920445536975046
session 0.004430660168365086 1.9661128563728327 0.008711177919241616
with 0.003987594151528578 0.23572233352106994 9.399649985332873E-4
defined 8.861320336730173E-4 1.1394342831883648 0.0010096892185984623
request 0.002215330084182543 1.07880966137193 0.0023899194979440184
URL 0.018165706690296855 1.1086626245216111 0.0201396400555543
boolean 0.002215330084182543 0.653926467406664 0.001448662976089198
isValid 0.0031014621178555605 1.7719568419318754 0.005495657019726685
Test 0.0017722640673460345 1.1394342831883648 0.0020193784371969246
if 0.012405848471422242 0.616186139423817 0.007644311875882532
body 0.00930438635356668 1.6607312068216509 0.015452084777693694
has 8.861320336730173E-4 0.7550225842780328 6.690496980753502E-4
only 8.861320336730173E-4 0.843970070294529 7.478689147492503E-4
allowed 0.0017722640673460345 1.0216512475319812 0.0018106357953601793
newSession 0.002215330084182543 2.659260036932778 0.005891138761481563
use 0.01329198050509526 0.010050335853501506 1.3358886823440193E-4
parse 0.031014621178555603 0.9675840262617057 0.0300092520329284
File 0.017279574656623838 0.8915981192837835 0.015406436265869542
file 0.017279574656623838 0.8915981192837835 0.015406436265869542
charsetName 0.008861320336730172 2.995732273553991 0.026546143319042894
Parse 0.031014621178555603 0.9675840262617057 0.0300092520329284
contents 0.004873726185201595 1.1394342831883648 0.005553290702291542
parser 0.01595037660611431 0.0 0.0
InputStream 0.0017722640673460345 1.5141277326297755 0.002683434173911875
in 0.0057598582188746125 0.1508228897345837 8.687184610321613E-4
Read 0.0057598582188746125 1.2729656758128876 0.007332101810176136
stream 0.002658396101019052 1.3862943611198906 0.003685319524465815
html 0.04962339388568897 0.0 0.0
into 0.003544528134692069 0.8915981192837835 0.003160294618639906
using 0.01329198050509526 0.010050335853501506 1.3358886823440193E-4
provided 0.003544528134692069 1.1086626245216111 0.0039296858644984
int 8.861320336730173E-4 1.07880966137193 9.559677991776074E-4
timeoutMillis 0.001329198050509526 2.995732273553991 0.003981921497856434
Fetch 0.0017722640673460345 1.8971199848858813 0.0033621975806572995
parseBodyFragment 0.002658396101019052 2.659260036932778 0.007069366513777877
fragment 0.006202924235711121 1.7719568419318754 0.01099131403945337
assumption 0.0017722640673460345 2.659260036932778 0.004712911009185251
that 0.003987594151528578 0.22314355131420976 8.898059201718598E-4
forms 0.002215330084182543 0.9675840262617057 0.0021435180023520284
Methods 0.0031014621178555605 0.18632957819149354 5.778941281969228E-4
inherited 4.4306601683650863E-4 0.9942522733438669 4.405193944811107E-4
clone 4.4306601683650863E-4 0.8209805520698303 3.637485831058176E-4
equals 4.4306601683650863E-4 0.9942522733438669 4.405193944811107E-4
finalize 4.4306601683650863E-4 1.07880966137193 4.779838995888037E-4
getClass 4.4306601683650863E-4 1.07880966137193 4.779838995888037E-4
hashCode 4.4306601683650863E-4 0.9942522733438669 4.405193944811107E-4
notify 4.4306601683650863E-4 1.0498221244986776 4.6514050708847034E-4
notifyAll 4.4306601683650863E-4 1.07880966137193 4.779838995888037E-4
toString 4.4306601683650863E-4 0.9675840262617057 4.287036004704057E-4
wait 0.001329198050509526 0.9942522733438669 0.0013215581834433322
Details 4.4306601683650863E-4 0.7550225842780328 3.345248490376751E-4
will 0.002215330084182543 0.5447271754416719 0.001206750499427718
make 0.001329198050509526 1.5606477482646683 0.002074409944525479
sensible 4.4306601683650863E-4 2.302585092994046 0.0010201972055799938
balanced 4.4306601683650863E-4 2.659260036932778 0.0011782277522963127
document 0.0256978289765175 0.38566248081198473 0.009910688474565846
tree 0.001329198050509526 0.0408219945202552 5.4260515534233764E-5
out 8.861320336730173E-4 0.9675840262617057 8.574072009408114E-4
any 8.861320336730173E-4 0.5978370007556204 5.297625172845551E-4
Parameters 0.007532122286220647 0.5978370007556204 0.004502981396918718
where 0.002658396101019052 1.4271163556401458 0.0037938405555342824
was 0.01993797075764289 0.18632957819149354 0.0037150336812659325
retrieved 0.002658396101019052 2.407945608651872 0.006401273217506084
Used 0.01329198050509526 0.010050335853501506 1.3358886823440193E-4
resolve 0.004430660168365086 2.0402208285265546 0.00903952515962142
relative 0.004873726185201595 1.7719568419318754 0.008636032459570505
URLs 0.018165706690296855 1.1086626245216111 0.0201396400555543
absolute 0.0017722640673460345 1.9661128563728327 0.0034844711676966463
occur 0.001329198050509526 1.5141277326297755 0.0020125756304339064
before 0.001329198050509526 1.8325814637483102 0.0024358637090141477
declares 0.001329198050509526 2.995732273553991 0.003981921497856434
base 0.004430660168365086 0.9162907318741551 0.004059772848356912
href 0.0031014621178555605 1.5606477482646683 0.00484028987055945
tag 0.00974745237040319 0.7550225842780328 0.007359546678828852
Returns 0.007975188303057155 0.9942522733438669 0.007929349100659993
sane 0.004873726185201595 2.995732273553991 0.014600378825473591
You 0.002658396101019052 0.9162907318741551 0.0024358637090141477
can 0.0017722640673460345 0.7339691750802005 0.00130078719553425
provide 0.003544528134692069 1.1086626245216111 0.0039296858644984
alternate 0.0031014621178555605 1.9661128563728327 0.006097824543469132
such 0.001329198050509526 1.5141277326297755 0.0020125756304339064
simple 0.001329198050509526 1.4271163556401458 0.0018969202777671412
XML 0.001329198050509526 1.2039728043259361 0.0016003183043765213
non 0.001329198050509526 1.8971199848858813 0.0025216481854929747
As 0.011519716437749225 0.32850406697203605 0.003784273700165236
no 0.001329198050509526 0.5798184952529422 7.706936135395776E-4
URI 0.001329198050509526 1.5606477482646683 0.002074409944525479
is 0.01993797075764289 0.18632957819149354 0.0037150336812659325
specified 8.861320336730173E-4 0.9675840262617057 8.574072009408114E-4
resolution 8.861320336730173E-4 2.659260036932778 0.0023564555045926254
required 8.861320336730173E-4 1.3093333199837622 0.0011602421975930547
relies 8.861320336730173E-4 2.659260036932778 0.0023564555045926254
on 0.001329198050509526 0.5447271754416719 7.240502996566308E-4
including 8.861320336730173E-4 1.0498221244986776 9.302810141769407E-4
See 0.005316792202038104 0.3566749439387324 0.0018963665605958302
Also 0.004873726185201595 0.5108256237659907 0.002489624218620247
fetch 0.0017722640673460345 1.8971199848858813 0.0033621975806572995
page 0.0017722640673460345 0.843970070294529 0.0014957378294985005
examples 0.002658396101019052 0.616186139423817 0.0016380668305462569
doc 0.0017722640673460345 1.8325814637483102 0.00324781827868553
http 0.007532122286220647 1.0216512475319812 0.007695202130280762
example 0.002658396101019052 0.616186139423817 0.0016380668305462569
com 8.861320336730173E-4 1.8325814637483102 0.001623909139342765
userAgent 8.861320336730173E-4 2.407945608651872 0.0021337577391686946
Mozilla 4.4306601683650863E-4 2.5257286443082556 0.0011190645300435337
data 0.001329198050509526 0.5978370007556204 7.946437759268327E-4
name 4.4306601683650863E-4 0.6931471805599453 3.0710996037215123E-4
get 0.004430660168365086 0.6733445532637655 0.002983360891731349
cookie 0.001329198050509526 2.207274913189721 0.0029339055115503608
auth 4.4306601683650863E-4 2.0402208285265546 9.03952515962142E-4
token 4.4306601683650863E-4 2.407945608651872 0.0010668788695843473
post 4.4306601683650863E-4 1.7719568419318754 7.850938599609549E-4
protocol 8.861320336730173E-4 2.0402208285265546 0.001807905031924284
must 8.861320336730173E-4 1.1086626245216111 9.824214661246E-4
be 0.01993797075764289 0.18632957819149354 0.0037150336812659325
or 0.01284891448825875 0.2613647641344075 0.00335825350460692
https 0.002215330084182543 1.6607312068216509 0.0036790678042127843
connection 0.007975188303057155 1.2039728043259361 0.009601909826259128
add 8.861320336730173E-4 1.171182981502945 0.0010378227572024326
cookies 0.001329198050509526 2.207274913189721 0.0029339055115503608
headers 8.861320336730173E-4 2.0402208285265546 0.001807905031924284
set 0.0057598582188746125 0.4620354595965586 0.0026612587393687473
user 8.861320336730173E-4 1.0216512475319812 9.053178976800897E-4
agent 8.861320336730173E-4 2.407945608651872 0.0021337577391686946
referrer 4.4306601683650863E-4 2.407945608651872 0.0010668788695843473
method 0.0031014621178555605 0.18632957819149354 5.778941281969228E-4
then 4.4306601683650863E-4 1.2378743560016172 5.484600602576948E-4
execute 8.861320336730173E-4 1.9661128563728327 0.0017422355838483232
newRequest 0.002215330084182543 2.407945608651872 0.005334394347921736
settings 8.861320336730173E-4 1.171182981502945 0.0010378227572024326
timeouts 0.001329198050509526 1.8971199848858813 0.0025216481854929747
etc 8.861320336730173E-4 1.8971199848858813 0.0016810987903286498
maintained 4.4306601683650863E-4 2.407945608651872 0.0010668788695843473
for 0.002215330084182543 0.083381608939051 1.8471778675022374E-4
timeout 0.001329198050509526 1.8971199848858813 0.0025216481854929747
FooBar 4.4306601683650863E-4 2.995732273553991 0.0013273071659521448
ref 4.4306601683650863E-4 2.120263536200091 9.394167196278649E-4
en 4.4306601683650863E-4 2.5257286443082556 0.0011190645300435337
wikipedia 4.4306601683650863E-4 2.302585092994046 0.0010201972055799938
wiki 4.4306601683650863E-4 2.995732273553991 0.0013273071659521448
Main 4.4306601683650863E-4 1.2378743560016172 5.484600602576948E-4
Page 0.0017722640673460345 0.843970070294529 0.0014957378294985005
con 4.4306601683650863E-4 2.995732273553991 0.0013273071659521448
For 0.002215330084182543 0.083381608939051 1.8471778675022374E-4
multi 4.4306601683650863E-4 1.8325814637483102 8.119545696713825E-4
threaded 4.4306601683650863E-4 2.995732273553991 0.0013273071659521448
requests 0.002215330084182543 1.07880966137193 0.0023899194979440184
this 0.001329198050509526 0.3424903089467759 4.552374509704598E-4
between 8.861320336730173E-4 1.7147984280919266 0.0015195378184243921
threads 8.861320336730173E-4 2.302585092994046 0.0020403944111599876
but 8.861320336730173E-4 0.8209805520698303 7.274971662116352E-4
take 8.861320336730173E-4 2.120263536200091 0.0018788334392557298
care 4.4306601683650863E-4 2.8134107167600364 0.0012465266800000161
call 4.4306601683650863E-4 2.120263536200091 9.394167196278649E-4
per 4.4306601683650863E-4 1.7147984280919266 7.597689092121961E-4
not 0.0057598582188746125 0.3424903089467759 0.0019726956208719923
share 4.4306601683650863E-4 2.207274913189721 9.779685038501201E-4
instance 4.4306601683650863E-4 1.7719568419318754 7.850938599609549E-4
when 4.4306601683650863E-4 0.843970070294529 3.739344573746251E-4
executing 8.861320336730173E-4 1.9661128563728327 0.0017422355838483232
Since 8.861320336730173E-4 1.8971199848858813 0.0016810987903286498
Nullable 0.002215330084182543 1.6607312068216509 0.0036790678042127843
throws 0.0057598582188746125 1.4271163556401458 0.008219987870324278
IOException 0.0057598582188746125 1.4696759700589417 0.008465125215226514
load 0.001329198050509526 1.8971199848858813 0.0025216481854929747
Supports 0.001329198050509526 1.5606477482646683 0.002074409944525479
gzipped 0.001329198050509526 2.995732273553991 0.003981921497856434
files 0.017279574656623838 0.8915981192837835 0.015406436265869542
ending 0.001329198050509526 2.659260036932778 0.0035346832568889383
z 0.001329198050509526 2.302585092994046 0.0030605916167399817
gz 0.001329198050509526 2.995732273553991 0.003981921497856434
optional 0.002215330084182543 2.120263536200091 0.004697083598139324
character 0.002658396101019052 1.3093333199837622 0.0034807265927791643
Set 0.0057598582188746125 0.4620354595965586 0.0026612587393687473
null 0.002215330084182543 1.2039728043259361 0.0026671971739608683
determine 0.002658396101019052 1.8325814637483102 0.004871727418028295
equiv 0.002658396101019052 2.995732273553991 0.007963842995712869
meta 0.002658396101019052 2.407945608651872 0.006401273217506084
present 0.002215330084182543 1.7719568419318754 0.003925469299804775
fall 0.002658396101019052 2.995732273553991 0.007963842995712869
back 0.002658396101019052 1.7719568419318754 0.00471056315976573
UTF 0.002658396101019052 2.407945608651872 0.006401273217506084
which 0.002215330084182543 0.7550225842780328 0.0016726242451883756
often 0.002215330084182543 2.8134107167600364 0.00623263340000008
do 0.0031014621178555605 0.43078291609245434 0.0013360568952800976
against 0.003987594151528578 1.4271163556401458 0.005690760833301423
Throws 0.0057598582188746125 1.4271163556401458 0.008219987870324278
could 0.002215330084182543 2.407945608651872 0.005334394347921736
found 0.002215330084182543 1.5141277326297755 0.0033542927173898437
read 0.0057598582188746125 1.2729656758128876 0.007332101810176136
invalid 0.002215330084182543 1.3862943611198906 0.003071099603721512
location 4.4306601683650863E-4 1.7147984280919266 7.597689092121961E-4
used 0.01329198050509526 0.010050335853501506 1.3358886823440193E-4
qualify 4.4306601683650863E-4 2.995732273553991 0.0013273071659521448
Make 0.001329198050509526 1.5606477482646683 0.002074409944525479
sure 8.861320336730173E-4 2.207274913189721 0.0019559370077002402
close 8.861320336730173E-4 1.9661128563728327 0.0017422355838483232
after 8.861320336730173E-4 1.5606477482646683 0.0013829399630169857
Provided 0.003544528134692069 1.1086626245216111 0.0039296858644984
compatibility 4.4306601683650863E-4 1.6607312068216509 7.358135608425568E-4
most 4.4306601683650863E-4 1.8325814637483102 8.119545696713825E-4
cases 4.4306601683650863E-4 1.6607312068216509 7.358135608425568E-4
instead 0.0031014621178555605 1.6607312068216509 0.005150694925897898
encoding 4.4306601683650863E-4 1.6607312068216509 7.358135608425568E-4
determined 0.002658396101019052 1.8325814637483102 0.004871727418028295
content 8.861320336730173E-4 0.44628710262841953 3.9546929785416E-4
type 0.001329198050509526 0.44628710262841953 5.9320394678124E-4
header 8.861320336730173E-4 2.0402208285265546 0.001807905031924284
falls 0.002658396101019052 2.995732273553991 0.007963842995712869
GET 0.004430660168365086 0.6733445532637655 0.002983360891731349
milliseconds 4.4306601683650863E-4 2.207274913189721 9.779685038501201E-4
If 0.012405848471422242 0.616186139423817 0.007644311875882532
exceeded 4.4306601683650863E-4 2.995732273553991 0.0013273071659521448
thrown 0.0057598582188746125 1.4271163556401458 0.008219987870324278
parsed 4.4306601683650863E-4 2.407945608651872 0.0010668788695843473
MalformedURLException 4.4306601683650863E-4 2.302585092994046 0.0010201972055799938
HTTP 0.007532122286220647 1.0216512475319812 0.007695202130280762
HTTPS 0.002215330084182543 1.6607312068216509 0.0036790678042127843
otherwise 8.861320336730173E-4 1.2378743560016172 0.0010969201205153897
malformed 4.4306601683650863E-4 2.407945608651872 0.0010668788695843473
HttpStatusException 4.4306601683650863E-4 1.6607312068216509 7.358135608425568E-4
response 0.001329198050509526 1.2729656758128876 0.0016920234946560314
OK 4.4306601683650863E-4 2.0402208285265546 9.03952515962142E-4
errors 0.001329198050509526 1.3862943611198906 0.0018426597622329074
are 0.01993797075764289 0.18632957819149354 0.0037150336812659325
ignored 8.861320336730173E-4 2.5257286443082556 0.0022381290600870674
UnsupportedMimeTypeException 4.4306601683650863E-4 1.7719568419318754 7.850938599609549E-4
mime 4.4306601683650863E-4 1.9661128563728327 8.711177919241616E-4
supported 4.4306601683650863E-4 1.6607312068216509 7.358135608425568E-4
those 0.001329198050509526 1.6607312068216509 0.002207440682527671
SocketTimeoutException 4.4306601683650863E-4 2.302585092994046 0.0010201972055799938
times 4.4306601683650863E-4 2.407945608651872 0.0010668788695843473
error 0.001329198050509526 1.3862943611198906 0.0018426597622329074
occurs 0.001329198050509526 1.5141277326297755 0.0020125756304339064
elements 0.001329198050509526 0.8675005677047231 0.001153080063409025
Cleaner 0.002215330084182543 0.9162907318741551 0.002029886424178456
Note 4.4306601683650863E-4 1.3093333199837622 5.801210987965273E-4
does 0.0031014621178555605 0.43078291609245434 0.0013360568952800976
removed 8.861320336730173E-4 1.2378743560016172 0.0010969201205153897
unless 4.4306601683650863E-4 2.120263536200091 9.394167196278649E-4
contains 8.861320336730173E-4 0.5798184952529422 5.137957423597183E-4
you 0.002658396101019052 0.9162907318741551 0.0024358637090141477
wish 4.4306601683650863E-4 2.659260036932778 0.0011782277522963127
preserve 4.4306601683650863E-4 1.7719568419318754 7.850938599609549E-4
baseHref 4.4306601683650863E-4 2.995732273553991 0.0013273071659521448
enable 4.4306601683650863E-4 1.6094379124341003 7.130872452078424E-4
preserveRelativeLinks 4.4306601683650863E-4 1.8971199848858813 8.405493951643249E-4
treated 4.4306601683650863E-4 1.8325814637483102 8.119545696713825E-4
s 0.01993797075764289 0.18632957819149354 0.0037150336812659325
expected 4.4306601683650863E-4 2.207274913189721 9.779685038501201E-4
cleaned 0.01284891448825875 1.4271163556401458 0.018336896018415698
within 4.4306601683650863E-4 1.8325814637483102 8.119545696713825E-4
existing 8.861320336730173E-4 1.2729656758128876 0.001128015663104021
want 4.4306601683650863E-4 1.7719568419318754 7.850938599609549E-4
full 4.4306601683650863E-4 1.3862943611198906 6.142199207443025E-4
documents 0.0256978289765175 0.38566248081198473 0.009910688474565846
structural 4.4306601683650863E-4 2.407945608651872 0.0010668788695843473
head 4.4306601683650863E-4 1.8971199848858813 8.405493951643249E-4
output 8.861320336730173E-4 0.9675840262617057 8.574072009408114E-4
control 4.4306601683650863E-4 1.3470736479666094 5.968425555899909E-4
pretty 4.4306601683650863E-4 2.407945608651872 0.0010668788695843473
printing 4.4306601683650863E-4 1.8325814637483102 8.119545696713825E-4
entity 4.4306601683650863E-4 2.120263536200091 9.394167196278649E-4
escape 4.4306601683650863E-4 2.0402208285265546 9.03952515962142E-4
modes 4.4306601683650863E-4 2.302585092994046 0.0010201972055799938
Useful 4.4306601683650863E-4 1.9661128563728327 8.711177919241616E-4
form 0.002215330084182543 0.9675840262617057 0.0021435180023520284
validation 4.4306601683650863E-4 1.7719568419318754 7.850938599609549E-4
should 4.4306601683650863E-4 1.0498221244986776 4.6514050708847034E-4
still 4.4306601683650863E-4 2.302585092994046 0.0010201972055799938
run 4.4306601683650863E-4 1.1086626245216111 4.912107330623E-4
cleaner 0.002215330084182543 0.9162907318741551 0.002029886424178456
up 4.4306601683650863E-4 1.4271163556401458 6.323067592557137E-4
enforced 4.4306601683650863E-4 1.8971199848858813 8.405493951643249E-4
tidy 4.4306601683650863E-4 2.302585092994046 0.0010201972055799938
Assumes 4.4306601683650863E-4 2.207274913189721 9.779685038501201E-4
i 4.4306601683650863E-4 1.3093333199837622 5.801210987965273E-4
e 4.4306601683650863E-4 0.7765287894989963 3.4405351772219593E-4
test 0.0017722640673460345 1.1394342831883648 0.0020193784371969246
true 4.4306601683650863E-4 1.1086626245216111 4.912107330623E-4
were 0.01993797075764289 0.18632957819149354 0.0037150336812659325
false 4.4306601683650863E-4 1.1394342831883648 5.048446092992311E-4
Copyright 8.861320336730173E-4 0.06187540371808745 5.482977733104781E-5
All 0.001329198050509526 0.05129329438755048 6.817894690414331E-5
rights 8.861320336730173E-4 0.06187540371808745 5.482977733104781E-5
reserved 8.861320336730173E-4 0.06187540371808745 5.482977733104781E-5
lass 4.4306601683650863E-4 4.605170185988092 0.0020403944111599876
navList 4.4306601683650863E-4 4.605170185988092 0.0020403944111599876
id 4.4306601683650863E-4 2.120263536200091 9.394167196278649E-4
allclasses 4.4306601683650863E-4 4.605170185988092 0.0020403944111599876
navbar 4.4306601683650863E-4 4.605170185988092 0.0020403944111599876
bottom 4.4306601683650863E-4 3.2188758248682006 0.0014261744904156847
Classes 0.002658396101019052 0.06187540371808745 1.6448933199314343E-4
Submit 4.4306601683650863E-4 1.07880966137193 4.779838995888037E-4
bug 4.4306601683650863E-4 1.1086626245216111 4.912107330623E-4
feature 4.4306601683650863E-4 1.1394342831883648 5.048446092992311E-4
further 4.4306601683650863E-4 0.9416085398584451 4.171947451743221E-4
reference 4.4306601683650863E-4 0.843970070294529 3.739344573746251E-4
developer 8.861320336730173E-4 1.07880966137193 9.559677991776074E-4
documentation 0.0017722640673460345 0.9416085398584451 0.0016687789806972885
see 0.005316792202038104 0.3566749439387324 0.0018963665605958302
SE 4.4306601683650863E-4 1.1086626245216111 4.912107330623E-4
Documentation 0.0017722640673460345 0.9416085398584451 0.0016687789806972885
That 0.003987594151528578 0.22314355131420976 8.898059201718598E-4
more 4.4306601683650863E-4 0.7339691750802005 3.251967988835625E-4
detailed 4.4306601683650863E-4 1.0498221244986776 4.6514050708847034E-4
targeted 4.4306601683650863E-4 1.171182981502945 5.189113786012163E-4
descriptions 8.861320336730173E-4 0.18632957819149354 1.6511260805626365E-4
conceptual 4.4306601683650863E-4 1.171182981502945 5.189113786012163E-4
overviews 4.4306601683650863E-4 1.171182981502945 5.189113786012163E-4
definitions 4.4306601683650863E-4 0.7765287894989963 3.4405351772219593E-4
terms 8.861320336730173E-4 1.0216512475319812 9.053178976800897E-4
workarounds 4.4306601683650863E-4 1.171182981502945 5.189113786012163E-4
working 4.4306601683650863E-4 0.9942522733438669 4.405193944811107E-4
code 4.4306601683650863E-4 0.5108256237659907 2.2632947442002247E-4
Oracle 4.4306601683650863E-4 0.8915981192837835 3.9503682732998824E-4
its 4.4306601683650863E-4 0.8675005677047231 3.8436002113634163E-4
affiliates 4.4306601683650863E-4 1.171182981502945 5.189113786012163E-4
subject 4.4306601683650863E-4 1.1394342831883648 5.048446092992311E-4
license 4.4306601683650863E-4 1.1086626245216111 4.912107330623E-4
redistribution 4.4306601683650863E-4 1.171182981502945 5.189113786012163E-4
policy 4.4306601683650863E-4 1.0216512475319812 4.526589488400448E-4
Scripting 4.4306601683650863E-4 1.0216512475319812 4.526589488400448E-4
tracks 4.4306601683650863E-4 1.07880966137193 4.779838995888037E-4
web 4.4306601683650863E-4 0.8209805520698303 3.637485831058176E-4
traffic 4.4306601683650863E-4 1.1086626245216111 4.912107330623E-4
change 4.4306601683650863E-4 0.9162907318741551 4.0597728483569124E-4
way 4.4306601683650863E-4 1.1086626245216111 4.912107330623E-4
890547263 1.1086626245216111 0.002757867225178137
change 0.0024875621890547263 0.9162907318741551 0.0022793301787914304
way 0.0024875621890547263 1.1086626245216111 0.002757867225178137
