Uses 0.012528107934468359 0.010050335853501506 1.2591169235032405E-4
of 0.03180212014134275 0.1165338162559516 0.0037060224251009343
Class 0.011885640860905879 0.06187540371808745 7.354288267167478E-4
org 9.637006103437199E-4 0.05129329438755048 4.94313791078225E-5
jsoup 0.0028911018310311598 0.0 0.0
Jsoup 0.0028911018310311598 0.0 0.0
Java 0.0038548024413748794 0.010050335853501506 3.874205918471509E-5
HTML 3.2123353678124E-4 0.0 0.0
Parser 3.2123353678124E-4 0.0 0.0
API 0.0016061676839061998 0.0 0.0
Skip 6.4246707356248E-4 0.06187540371808745 3.975290955225664E-5
navigation 9.637006103437199E-4 0.06187540371808745 5.962936432838495E-5
links 6.4246707356248E-4 0.0408219945202552 2.622678735641195E-5
Overview 9.637006103437199E-4 0.06187540371808745 5.962936432838495E-5
Package 0.0019274012206874397 0.06187540371808745 1.192587286567699E-4
Use 0.012528107934468359 0.010050335853501506 1.2591169235032405E-4
Tree 0.0019274012206874397 0.0408219945202552 7.868036206923585E-5
Deprecated 9.637006103437199E-4 0.06187540371808745 5.962936432838495E-5
Index 9.637006103437199E-4 0.06187540371808745 5.962936432838495E-5
Help 0.00128493414712496 0.05129329438755048 6.590850547709667E-5
No 0.00128493414712496 0.5798184952529422 7.450285836851169E-4
usage 3.2123353678124E-4 2.0402208285265546 6.553873525623369E-4
Copyright 6.4246707356248E-4 0.06187540371808745 3.975290955225664E-5
Jonathan 3.2123353678124E-4 0.0 0.0
Hedley 3.2123353678124E-4 0.0 0.0
All 0.004497269514937359 0.05129329438755048 2.3067976916983833E-4
rights 6.4246707356248E-4 0.06187540371808745 3.975290955225664E-5
reserved 6.4246707356248E-4 0.06187540371808745 3.975290955225664E-5
Action 0.0022486347574686796 2.0402208285265546 0.004587711467936358
The 0.05107613234821715 0.10536051565782635 0.005381407642015544
interface 0.004497269514937359 0.653926467406664 0.0029408835668786686
provides 0.007067137809187279 0.6348782724359695 0.004486772243363742
a 0.07805974943784132 0.16251892949777494 0.01268618691550251
useful 6.4246707356248E-4 1.9661128563728327 0.0012631627731274223
extension 3.2123353678124E-4 2.120263536200091 6.810997546418539E-4
to 0.023128814648249278 0.17435338714477774 0.0040325871745660125
the 0.05107613234821715 0.10536051565782635 0.005381407642015544
ActionListener 3.2123353678124E-4 2.0402208285265546 6.553873525623369E-4
in 0.01060070671378092 0.1508228897345837 0.0015988292198012405
cases 3.2123353678124E-4 1.6607312068216509 5.334825592102959E-4
where 0.00128493414712496 1.4271163556401458 0.0018337505372825519
same 6.4246707356248E-4 0.9942522733438669 6.38774348438077E-4
functionality 3.2123353678124E-4 1.0498221244986776 3.3723807404390546E-4
may 3.2123353678124E-4 1.07880966137193 3.4654984303627694E-4
be 0.029232251847092838 0.18632957819149354 0.005446833156256316
accessed 6.4246707356248E-4 2.995732273553991 0.0019246593469669073
by 0.006745904272406039 0.27443684570176036 0.001851324689925142
several 3.2123353678124E-4 2.995732273553991 9.623296734834536E-4
controls 0.0028911018310311598 1.2039728043259361 0.003480807979098434
BoundedRangeModel 6.4246707356248E-4 2.302585092994046 0.0014793351063244755
Defines 0.0022486347574686796 1.07880966137193 0.002425848901253938
data 0.0032123353678123997 0.5978370007556204 0.0019204529417141678
model 0.0057822036620623195 1.6094379124341003 0.00930609779113839
used 0.012528107934468359 0.010050335853501506 1.2591169235032405E-4
components 0.017989078059749437 1.4696759700589417 0.026438115747928276
like 9.637006103437199E-4 1.171182981502945 0.0011286697540985658
Sliders 3.2123353678124E-4 3.506557897319982 0.0011264239952842859
and 0.017346610986186957 0.09431067947124142 0.001635970668630593
ProgressBars 3.2123353678124E-4 3.506557897319982 0.0011264239952842859
ButtonModel 3.2123353678124E-4 2.302585092994046 7.396675531622378E-4
State 0.0019274012206874397 1.6607312068216509 0.003200895355261775
for 0.02120141342756184 0.083381608939051 0.0017678079633721062
buttons 0.0028911018310311598 2.302585092994046 0.00665700797846014
CellEditor 6.4246707356248E-4 2.302585092994046 0.0014793351063244755
This 0.008030838419530999 0.3424903089467759 0.002750484331406809
defines 0.0022486347574686796 1.07880966137193 0.002425848901253938
methods 0.0038548024413748794 0.18632957819149354 7.182637129129208E-4
any 0.0019274012206874397 0.5978370007556204 0.0011522717650285007
general 9.637006103437199E-4 2.5257286443082556 0.002434046236082482
editor 0.0022486347574686796 2.407945608651872 0.005414590189708674
should 0.0019274012206874397 1.0498221244986776 0.0020234284442634328
able 3.2123353678124E-4 2.8134107167600364 9.037618749630699E-4
implement 0.0028911018310311598 0.5447271754416719 0.0015748617343318496
ComboBoxEditor 3.2123353678124E-4 2.302585092994046 7.396675531622378E-4
component 0.017989078059749437 1.4696759700589417 0.026438115747928276
JComboBox 9.637006103437199E-4 2.302585092994046 0.002219002659486713
ComboBoxModel 6.4246707356248E-4 2.5257286443082556 0.001622697490721655
E 0.0028911018310311598 0.7765287894989963 0.002245023805168958
A 0.07805974943784132 0.16251892949777494 0.01268618691550251
combo 6.4246707356248E-4 2.995732273553991 0.0019246593469669073
box 0.0019274012206874397 2.5257286443082556 0.004868092472164964
DesktopManager 9.637006103437199E-4 2.302585092994046 0.002219002659486713
objects 0.00546097012528108 0.38566248081198473 0.0021060912861560364
are 0.029232251847092838 0.18632957819149354 0.005446833156256316
owned 6.4246707356248E-4 2.407945608651872 0.0015470257684881928
JDesktopPane 6.4246707356248E-4 2.5257286443082556 0.001622697490721655
object 0.00546097012528108 0.38566248081198473 0.0021060912861560364
Icon 0.0016061676839061998 2.0402208285265546 0.0032769367628116843
small 6.4246707356248E-4 1.9661128563728327 0.0012631627731274223
fixed 3.2123353678124E-4 2.995732273553991 9.623296734834536E-4
size 0.0016061676839061998 1.3470736479666094 0.0021636261612056045
picture 3.2123353678124E-4 3.506557897319982 0.0011264239952842859
typically 6.4246707356248E-4 1.8971199848858813 0.0012188371248865284
decorate 3.2123353678124E-4 3.506557897319982 0.0011264239952842859
KeySelectionManager 6.4246707356248E-4 2.5257286443082556 0.001622697490721655
that 0.017989078059749437 0.22314355131420976 0.0040141467631210235
ListCellRenderer 3.2123353678124E-4 2.5257286443082556 8.113487453608275E-4
Identifies 3.2123353678124E-4 2.5257286443082556 8.113487453608275E-4
can 0.004176035978156119 0.7339691750802005 0.0030650816819924854
as 0.004818503051718599 0.32850406697203605 0.0015828978492067266
rubber 3.2123353678124E-4 3.506557897319982 0.0011264239952842859
stamps 3.2123353678124E-4 3.506557897319982 0.0011264239952842859
paint 6.4246707356248E-4 2.5257286443082556 0.001622697490721655
cells 0.0016061676839061998 2.659260036932778 0.0042712175344246355
JList 0.0016061676839061998 2.120263536200091 0.003405498773209269
ListModel 3.2123353678124E-4 2.302585092994046 7.396675531622378E-4
use 0.012528107934468359 0.010050335853501506 1.2591169235032405E-4
get 9.637006103437199E-4 0.653926467406664 6.301893357597148E-4
value 0.00513973658849984 0.4620354595965586 0.0023747405568727716
each 0.0016061676839061998 1.5606477482646683 0.0025066619792236886
cell 0.0016061676839061998 2.659260036932778 0.0042712175344246355
list 0.0032123353678123997 0.653926467406664 0.0021006311191990494
length 3.2123353678124E-4 2.995732273553991 9.623296734834536E-4
ListSelectionModel 3.2123353678124E-4 2.302585092994046 7.396675531622378E-4
represents 0.00256986829424992 1.8971199848858813 0.0048753484995461135
current 9.637006103437199E-4 1.5606477482646683 0.001503997187534213
state 0.0019274012206874397 1.6607312068216509 0.003200895355261775
selection 0.00128493414712496 2.8134107167600364 0.0036150474998522795
display 0.006103437198843559 2.120263536200091 0.012940895338195223
values 0.00513973658849984 0.4620354595965586 0.0023747405568727716
with 0.004497269514937359 0.23572233352106994 0.0010601068645342045
stable 3.2123353678124E-4 3.506557897319982 0.0011264239952842859
indices 6.4246707356248E-4 2.995732273553991 0.0019246593469669073
MenuElement 3.2123353678124E-4 2.5257286443082556 8.113487453608275E-4
Any 0.0019274012206874397 0.5978370007556204 0.0011522717650285007
placed 6.4246707356248E-4 2.995732273553991 0.0019246593469669073
into 0.00128493414712496 0.8915981192837835 0.0011456448689801267
menu 0.004176035978156119 2.120263536200091 0.0088542968103441
this 0.008030838419530999 0.3424903089467759 0.002750484331406809
MutableComboBoxModel 3.2123353678124E-4 2.302585092994046 7.396675531622378E-4
mutable 3.2123353678124E-4 3.506557897319982 0.0011264239952842859
version 0.0019274012206874397 1.9661128563728327 0.0037894883193822664
Painter 3.2123353678124E-4 2.302585092994046 7.396675531622378E-4
T 9.637006103437199E-4 1.2729656758128876 0.0012267577987274856
painting 6.4246707356248E-4 2.659260036932778 0.0017084870137698543
delegate 3.2123353678124E-4 2.5257286443082556 8.113487453608275E-4
Renderer 3.2123353678124E-4 2.5257286443082556 8.113487453608275E-4
requirements 3.2123353678124E-4 2.207274913189721 7.090507270124386E-4
an 0.07805974943784132 0.16251892949777494 0.01268618691550251
responsible 6.4246707356248E-4 2.659260036932778 0.0017084870137698543
rendering 6.4246707356248E-4 2.407945608651872 0.0015470257684881928
displaying 0.006103437198843559 2.120263536200091 0.012940895338195223
RootPaneContainer 3.2123353678124E-4 2.5257286443082556 8.113487453608275E-4
is 0.029232251847092838 0.18632957819149354 0.005446833156256316
implemented 0.0028911018310311598 0.5447271754416719 0.0015748617343318496
have 0.0019274012206874397 0.6931471805599453 0.0013359727219272957
single 0.0016061676839061998 1.4696759700589417 0.002360546048922168
JRootPane 6.4246707356248E-4 2.207274913189721 0.0014181014540248771
child 0.00128493414712496 2.0402208285265546 0.0026215494102493474
JDialog 9.637006103437199E-4 2.407945608651872 0.002320538652732289
JFrame 9.637006103437199E-4 2.407945608651872 0.002320538652732289
JWindow 0.00128493414712496 2.407945608651872 0.0030940515369763857
JApplet 9.637006103437199E-4 2.407945608651872 0.002320538652732289
JInternalFrame 0.0019274012206874397 2.302585092994046 0.004438005318973426
Scrollable 6.4246707356248E-4 2.120263536200091 0.0013621995092837078
An 0.07805974943784132 0.16251892949777494 0.01268618691550251
information 0.0019274012206874397 1.3470736479666094 0.0025963513934467255
scrolling 3.2123353678124E-4 2.995732273553991 9.623296734834536E-4
container 0.0035335689045936395 1.8325814637483102 0.006475552875435725
JScrollPane 0.00128493414712496 2.5257286443082556 0.00324539498144331
ScrollPaneConstants 3.2123353678124E-4 2.5257286443082556 8.113487453608275E-4
Constants 9.637006103437199E-4 2.207274913189721 0.0021271521810373156
SingleSelectionModel 6.4246707356248E-4 2.302585092994046 0.0014793351063244755
supports 0.0028911018310311598 0.7339691750802005 0.0021219796259947976
at 9.637006103437199E-4 1.4271163556401458 0.0013753129029619136
most 0.00128493414712496 1.8325814637483102 0.0023547465001584455
one 0.0022486347574686796 1.07880966137193 0.002425848901253938
indexed 6.4246707356248E-4 2.995732273553991 0.0019246593469669073
SpinnerModel 0.0019274012206874397 2.302585092994046 0.004438005318973426
potentially 3.2123353678124E-4 2.995732273553991 9.623296734834536E-4
unbounded 3.2123353678124E-4 3.506557897319982 0.0011264239952842859
sequence 0.00128493414712496 1.9661128563728327 0.0025263255462548446
SwingConstants 3.2123353678124E-4 2.5257286443082556 8.113487453608275E-4
collection 9.637006103437199E-4 1.4696759700589417 0.0014163276293533006
constants 9.637006103437199E-4 2.207274913189721 0.0021271521810373156
generally 3.2123353678124E-4 1.3470736479666094 4.3272523224112093E-4
positioning 3.2123353678124E-4 3.506557897319982 0.0011264239952842859
orienting 3.2123353678124E-4 3.506557897319982 0.0011264239952842859
on 0.007709604882749759 0.5447271754416719 0.0041996312915515985
screen 3.2123353678124E-4 2.995732273553991 9.623296734834536E-4
UIDefaults 0.0016061676839061998 2.302585092994046 0.0036983377658111887
ActiveValue 3.2123353678124E-4 2.8134107167600364 9.037618749630699E-4
class 0.011885640860905879 0.06187540371808745 7.354288267167478E-4
enables 9.637006103437199E-4 2.207274913189721 0.0021271521810373156
store 6.4246707356248E-4 1.6094379124341003 0.0010340108656820433
entry 0.0022486347574686796 1.4696759700589417 0.0033047644684910346
defaults 0.004176035978156119 1.0216512475319812 0.004266452366821637
table 0.0016061676839061998 1.4696759700589417 0.002360546048922168
s 0.029232251847092838 0.18632957819149354 0.005446833156256316
constructed 0.0016061676839061998 2.659260036932778 0.0042712175344246355
time 6.4246707356248E-4 1.3470736479666094 8.654504644822419E-4
it 0.0016061676839061998 0.47803580094299974 7.678056552248631E-4
looked 0.00256986829424992 1.9661128563728327 0.005052651092509689
up 0.00256986829424992 1.4271163556401458 0.0036675010745651038
getXXX 6.4246707356248E-4 3.506557897319982 0.0022528479905685717
key 0.00128493414712496 0.7985076962177716 0.001026029805612299
LazyValue 6.4246707356248E-4 2.5257286443082556 0.001622697490721655
isn 3.2123353678124E-4 3.506557897319982 0.0011264239952842859
t 9.637006103437199E-4 1.2729656758128876 0.0012267577987274856
until 3.2123353678124E-4 1.7719568419318754 5.69211963357493E-4
first 3.2123353678124E-4 1.6094379124341003 5.170054328410217E-4
WindowConstants 3.2123353678124E-4 2.5257286443082556 8.113487453608275E-4
control 0.0028911018310311598 1.2039728043259361 0.003480807979098434
window 0.00128493414712496 1.9661128563728327 0.0025263255462548446
closing 6.4246707356248E-4 2.659260036932778 0.0017084870137698543
operation 6.4246707356248E-4 1.6094379124341003 0.0010340108656820433
Summary 9.637006103437199E-4 0.6931471805599453 6.679863609636478E-4
Description 0.0016061676839061998 0.18632957819149354 2.9927654704705036E-4
AbstractAction 3.2123353678124E-4 2.5257286443082556 8.113487453608275E-4
default 0.004176035978156119 1.0216512475319812 0.004266452366821637
implementations 0.007067137809187279 1.2378743560016172 0.008748228664322384
JFC 0.0019274012206874397 2.8134107167600364 0.005422571249778419
AbstractButton 3.2123353678124E-4 2.407945608651872 7.735128842440964E-4
common 3.2123353678124E-4 1.7719568419318754 5.69211963357493E-4
behaviors 6.4246707356248E-4 2.302585092994046 0.0014793351063244755
items 0.0032123353678123997 2.207274913189721 0.007090507270124386
AbstractCellEditor 3.2123353678124E-4 2.659260036932778 8.542435068849271E-4
base 0.0019274012206874397 0.6348782724359695 0.0012236651572810205
CellEditors 3.2123353678124E-4 2.995732273553991 9.623296734834536E-4
providing 0.007067137809187279 0.6348782724359695 0.004486772243363742
except 6.4246707356248E-4 2.407945608651872 0.0015470257684881928
getCellEditorValue 3.2123353678124E-4 2.995732273553991 9.623296734834536E-4
AbstractListModel 3.2123353678124E-4 2.659260036932778 8.542435068849271E-4
abstract 6.4246707356248E-4 1.2729656758128876 8.178385324849904E-4
definition 6.4246707356248E-4 0.7765287894989963 4.988941789264351E-4
List 0.0032123353678123997 0.653926467406664 0.0021006311191990494
its 0.0032123353678123997 0.8675005677047231 0.002786702755235217
contents 3.2123353678124E-4 1.1394342831883648 3.660245047183954E-4
AbstractSpinnerModel 3.2123353678124E-4 2.659260036932778 8.542435068849271E-4
ChangeListener 3.2123353678124E-4 2.407945608651872 7.735128842440964E-4
part 3.2123353678124E-4 1.7147984280919266 5.508507639228804E-4
suitable 3.2123353678124E-4 2.659260036932778 8.542435068849271E-4
concrete 3.2123353678124E-4 2.995732273553991 9.623296734834536E-4
ActionMap 6.4246707356248E-4 2.5257286443082556 0.001622697490721655
mappings 3.2123353678124E-4 2.659260036932778 8.542435068849271E-4
from 0.0035335689045936395 0.38566248081198473 0.0013627649498656703
Objects 0.00546097012528108 0.38566248081198473 0.0021060912861560364
called 6.4246707356248E-4 1.7147984280919266 0.0011017015278457609
keys 0.00128493414712496 0.7985076962177716 0.001026029805612299
or 0.008352071956312239 0.2613647641344075 0.002182937316895148
names 9.637006103437199E-4 0.6931471805599453 6.679863609636478E-4
Actions 0.0022486347574686796 2.0402208285265546 0.004587711467936358
BorderFactory 3.2123353678124E-4 3.2188758248682006 0.0010340108656820433
Factory 3.2123353678124E-4 2.207274913189721 7.090507270124386E-4
vending 3.2123353678124E-4 4.605170185988092 0.0014793351063244755
standard 9.637006103437199E-4 1.1394342831883648 0.001098073514155186
Border 3.2123353678124E-4 2.120263536200091 6.810997546418539E-4
Box 0.0016061676839061998 2.5257286443082556 0.004056743726804137
lightweight 0.0028911018310311598 2.407945608651872 0.006961615958196867
uses 0.012528107934468359 0.010050335853501506 1.2591169235032405E-4
BoxLayout 6.4246707356248E-4 2.5257286443082556 0.001622697490721655
layout 0.0022486347574686796 2.659260036932778 0.005979704548194489
manager 0.0019274012206874397 1.9661128563728327 0.0037894883193822664
Filler 3.2123353678124E-4 3.2188758248682006 0.0010340108656820433
implementation 0.007067137809187279 1.2378743560016172 0.008748228664322384
participates 3.2123353678124E-4 4.605170185988092 0.0014793351063244755
but 9.637006103437199E-4 0.8209805520698303 7.911794591100196E-4
has 0.0019274012206874397 0.6931471805599453 0.0013359727219272957
no 0.00128493414712496 0.5798184952529422 7.450285836851169E-4
view 0.0016061676839061998 1.4271163556401458 0.0022921881716031897
allows 0.0032123353678123997 1.2378743560016172 0.003976467574691993
multiple 0.00128493414712496 2.120263536200091 0.0027243990185674156
laid 6.4246707356248E-4 2.995732273553991 0.0019246593469669073
out 9.637006103437199E-4 0.9675840262617057 9.324613166672396E-4
either 3.2123353678124E-4 1.8971199848858813 6.094185624432642E-4
vertically 3.2123353678124E-4 3.506557897319982 0.0011264239952842859
horizontally 3.2123353678124E-4 3.506557897319982 0.0011264239952842859
ButtonGroup 3.2123353678124E-4 2.5257286443082556 8.113487453608275E-4
create 0.00256986829424992 0.7765287894989963 0.0019955767157057405
exclusion 3.2123353678124E-4 3.506557897319982 0.0011264239952842859
scope 3.2123353678124E-4 2.5257286443082556 8.113487453608275E-4
set 0.0019274012206874397 0.4620354595965586 8.905277088272893E-4
CellRendererPane 3.2123353678124E-4 2.5257286443082556 8.113487453608275E-4
inserted 6.4246707356248E-4 3.506557897319982 0.0022528479905685717
between 0.00128493414712496 1.7147984280919266 0.0022034030556915218
renderers 3.2123353678124E-4 3.506557897319982 0.0011264239952842859
them 0.0019274012206874397 0.8209805520698303 0.0015823589182200391
ComponentInputMap 6.4246707356248E-4 2.659260036932778 0.0017084870137698543
InputMap 0.00128493414712496 2.407945608651872 0.0030940515369763857
associated 6.4246707356248E-4 1.4271163556401458 9.168752686412759E-4
particular 0.0019274012206874397 2.0402208285265546 0.003932324115374021
JComponent 6.4246707356248E-4 2.207274913189721 0.0014181014540248771
DebugGraphics 3.2123353678124E-4 2.995732273553991 9.623296734834536E-4
Graphics 6.4246707356248E-4 2.207274913189721 0.0014181014540248771
subclass 0.0016061676839061998 2.302585092994046 0.0036983377658111887
supporting 0.0028911018310311598 0.7339691750802005 0.0021219796259947976
graphics 6.4246707356248E-4 2.207274913189721 0.0014181014540248771
debugging 3.2123353678124E-4 4.605170185988092 0.0014793351063244755
DefaultBoundedRangeModel 3.2123353678124E-4 2.659260036932778 8.542435068849271E-4
generic 9.637006103437199E-4 2.207274913189721 0.0021271521810373156
DefaultButtonModel 3.2123353678124E-4 2.407945608651872 7.735128842440964E-4
Button 0.0019274012206874397 2.5257286443082556 0.004868092472164964
DefaultCellEditor 3.2123353678124E-4 2.407945608651872 7.735128842440964E-4
tree 0.0019274012206874397 0.0408219945202552 7.868036206923585E-5
DefaultComboBoxModel 3.2123353678124E-4 2.8134107167600364 9.037618749630699E-4
boxes 0.0019274012206874397 2.5257286443082556 0.004868092472164964
DefaultDesktopManager 3.2123353678124E-4 2.659260036932778 8.542435068849271E-4
DefaultFocusManager 3.2123353678124E-4 2.8134107167600364 9.037618749630699E-4
been 0.029232251847092838 0.18632957819149354 0.005446833156256316
obsoleted 6.4246707356248E-4 3.506557897319982 0.0022528479905685717
focus 0.00128493414712496 2.659260036932778 0.0034169740275397085
APIs 0.0016061676839061998 0.0 0.0
DefaultListCellRenderer 9.637006103437199E-4 2.8134107167600364 0.0027112856248892093
Renders 6.4246707356248E-4 2.407945608651872 0.0015470257684881928
item 0.0032123353678123997 2.207274913189721 0.007090507270124386
UIResource 9.637006103437199E-4 2.5257286443082556 0.002434046236082482
implements 0.0028911018310311598 0.5447271754416719 0.0015748617343318496
DefaultListModel 3.2123353678124E-4 2.8134107167600364 9.037618749630699E-4
loosely 3.2123353678124E-4 4.605170185988092 0.0014793351063244755
java 0.0038548024413748794 0.010050335853501506 3.874205918471509E-5
util 6.4246707356248E-4 1.2729656758128876 8.178385324849904E-4
Vector 6.4246707356248E-4 2.5257286443082556 0.001622697490721655
x 3.2123353678124E-4 1.5606477482646683 5.013323958447377E-4
support 0.0028911018310311598 0.7339691750802005 0.0021219796259947976
notifies 9.637006103437199E-4 3.506557897319982 0.0033792719858528573
ListDataListeners 3.2123353678124E-4 4.605170185988092 0.0014793351063244755
when 0.0019274012206874397 0.843970070294529 0.0016266689437093394
changes 0.00128493414712496 0.7765287894989963 9.977883578528703E-4
occur 3.2123353678124E-4 2.120263536200091 6.810997546418539E-4
DefaultListSelectionModel 3.2123353678124E-4 2.407945608651872 7.735128842440964E-4
Default 0.004176035978156119 1.0216512475319812 0.004266452366821637
selections 0.00128493414712496 2.8134107167600364 0.0036150474998522795
DefaultRowSorter 0.00128493414712496 2.302585092994046 0.002958670212648951
M 0.0016061676839061998 1.8971199848858813 0.0030470928122163206
I 0.00128493414712496 1.3093333199837622 0.0016824070928156277
RowSorter 0.00128493414712496 2.302585092994046 0.002958670212648951
sorting 0.0022486347574686796 2.407945608651872 0.005414590189708674
filtering 0.0016061676839061998 1.6607312068216509 0.002667412796051479
around 3.2123353678124E-4 2.0402208285265546 6.553873525623369E-4
grid 3.2123353678124E-4 2.995732273553991 9.623296734834536E-4
based 0.0019274012206874397 0.6348782724359695 0.0012236651572810205
ModelWrapper 6.4246707356248E-4 2.659260036932778 0.0017084870137698543
gets 9.637006103437199E-4 0.653926467406664 6.301893357597148E-4
sorted 0.0022486347574686796 2.407945608651872 0.005414590189708674
DefaultSingleSelectionModel 3.2123353678124E-4 2.659260036932778 8.542435068849271E-4
FocusManager 3.2123353678124E-4 2.302585092994046 7.396675531622378E-4
GrayFilter 3.2123353678124E-4 2.995732273553991 9.623296734834536E-4
image 0.0019274012206874397 1.6607312068216509 0.003200895355261775
filter 0.0016061676839061998 1.6607312068216509 0.002667412796051479
disables 3.2123353678124E-4 3.506557897319982 0.0011264239952842859
turning 6.4246707356248E-4 2.659260036932778 0.0017084870137698543
grayscale 3.2123353678124E-4 4.605170185988092 0.0014793351063244755
brightening 3.2123353678124E-4 4.605170185988092 0.0014793351063244755
pixels 3.2123353678124E-4 3.506557897319982 0.0011264239952842859
GroupLayout 9.637006103437199E-4 2.302585092994046 0.002219002659486713
LayoutManager 3.2123353678124E-4 2.5257286443082556 8.113487453608275E-4
hierarchically 3.2123353678124E-4 4.605170185988092 0.0014793351063244755
groups 6.4246707356248E-4 1.9661128563728327 0.0012631627731274223
order 0.0016061676839061998 1.2378743560016172 0.0019882337873459964
position 0.0019274012206874397 2.120263536200091 0.0040865985278511225
Container 0.0032123353678123997 2.0402208285265546 0.006553873525623369
ImageIcon 3.2123353678124E-4 2.995732273553991 9.623296734834536E-4
paints 6.4246707356248E-4 2.5257286443082556 0.001622697490721655
Icons 0.0016061676839061998 2.0402208285265546 0.0032769367628116843
Images 0.0019274012206874397 1.6607312068216509 0.003200895355261775
binding 3.2123353678124E-4 2.207274913189721 7.090507270124386E-4
input 0.00128493414712496 1.0216512475319812 0.0013127545744066576
event 0.006103437198843559 1.3862943611198906 0.008461160572206207
currently 3.2123353678124E-4 2.407945608651872 7.735128842440964E-4
only 0.00128493414712496 0.843970070294529 0.0010844459624728931
KeyStrokes 3.2123353678124E-4 2.995732273553991 9.623296734834536E-4
Object 0.00546097012528108 0.38566248081198473 0.0021060912861560364
InputVerifier 3.2123353678124E-4 2.659260036932778 8.542435068849271E-4
purpose 6.4246707356248E-4 2.207274913189721 0.0014181014540248771
help 0.00128493414712496 0.05129329438755048 6.590850547709667E-5
clients 3.2123353678124E-4 2.995732273553991 9.623296734834536E-4
smooth 3.2123353678124E-4 3.506557897319982 0.0011264239952842859
through 6.4246707356248E-4 1.2378743560016172 7.952935149383985E-4
GUIs 3.2123353678124E-4 3.506557897319982 0.0011264239952842859
text 0.00256986829424992 1.1086626245216111 0.002849116927777992
fields 9.637006103437199E-4 0.9162907318741551 8.830299375594171E-4
InternalFrameFocusTraversalPolicy 3.2123353678124E-4 2.659260036932778 8.542435068849271E-4
FocusTraversalPolicy 6.4246707356248E-4 2.407945608651872 0.0015470257684881928
which 0.0028911018310311598 0.7550225842780328 0.0021828471758760988
optionally 3.2123353678124E-4 2.659260036932778 8.542435068849271E-4
provide 0.007067137809187279 0.6348782724359695 0.004486772243363742
algorithm 3.2123353678124E-4 2.407945608651872 7.735128842440964E-4
determining 0.00128493414712496 1.5141277326297755 0.00194555442676489
initial 6.4246707356248E-4 2.407945608651872 0.0015470257684881928
Component 0.008673305493093478 1.4696759700589417 0.012746948664179705
extended 0.00128493414712496 0.653926467406664 8.402524476796198E-4
applet 0.00128493414712496 2.659260036932778 0.0034169740275397085
Applet 0.00128493414712496 2.659260036932778 0.0034169740275397085
adds 0.0016061676839061998 1.07880966137193 0.0017327492151813847
Swing 0.006745904272406039 1.9661128563728327 0.013263209117837934
architecture 6.4246707356248E-4 1.8325814637483102 0.0011773732500792227
JButton 9.637006103437199E-4 2.5257286443082556 0.002434046236082482
push 3.2123353678124E-4 3.506557897319982 0.0011264239952842859
button 0.0028911018310311598 2.302585092994046 0.00665700797846014
JCheckBox 3.2123353678124E-4 2.8134107167600364 9.037618749630699E-4
check 3.2123353678124E-4 1.3093333199837622 4.2060177320390693E-4
selected 0.0028911018310311598 1.3093333199837622 0.0037854159588351626
deselected 9.637006103437199E-4 3.506557897319982 0.0033792719858528573
displays 0.006103437198843559 2.120263536200091 0.012940895338195223
user 0.00546097012528108 1.0216512475319812 0.005579206941228295
JCheckBoxMenuItem 3.2123353678124E-4 3.2188758248682006 0.0010340108656820433
JColorChooser 6.4246707356248E-4 2.302585092994046 0.0014793351063244755
pane 3.2123353678124E-4 2.995732273553991 9.623296734834536E-4
designed 3.2123353678124E-4 1.8971199848858813 6.094185624432642E-4
allow 0.0032123353678123997 1.2378743560016172 0.003976467574691993
manipulate 3.2123353678124E-4 2.302585092994046 7.396675531622378E-4
select 0.0028911018310311598 1.3093333199837622 0.0037854159588351626
color 3.2123353678124E-4 2.120263536200091 6.810997546418539E-4
combines 3.2123353678124E-4 2.995732273553991 9.623296734834536E-4
editable 3.2123353678124E-4 2.659260036932778 8.542435068849271E-4
field 9.637006103437199E-4 0.9162907318741551 8.830299375594171E-4
drop 0.0032123353678123997 1.8971199848858813 0.006094185624432641
down 3.2123353678124E-4 2.995732273553991 9.623296734834536E-4
all 0.004497269514937359 0.05129329438755048 2.3067976916983833E-4
top 9.637006103437199E-4 2.5257286443082556 0.002434046236082482
level 3.2123353678124E-4 1.7147984280919266 5.508507639228804E-4
containers 0.0035335689045936395 1.8325814637483102 0.006475552875435725
document 6.4246707356248E-4 0.40047756659712536 2.572936502390783E-4
virtual 3.2123353678124E-4 1.9661128563728327 6.315813865637111E-4
desktop 6.4246707356248E-4 2.120263536200091 0.0013621995092837078
main 0.00128493414712496 1.2378743560016172 0.001590587029876797
creating 0.00256986829424992 0.7765287894989963 0.0019955767157057405
dialog 6.4246707356248E-4 2.207274913189721 0.0014181014540248771
JEditorPane 3.2123353678124E-4 2.207274913189721 7.090507270124386E-4
edit 9.637006103437199E-4 2.659260036932778 0.002562730520654781
various 9.637006103437199E-4 2.659260036932778 0.002562730520654781
kinds 3.2123353678124E-4 2.995732273553991 9.623296734834536E-4
content 6.4246707356248E-4 0.44628710262841953 2.867247687943589E-4
JFileChooser 6.4246707356248E-4 2.302585092994046 0.0014793351063244755
simple 9.637006103437199E-4 1.4271163556401458 0.0013753129029619136
mechanism 3.2123353678124E-4 2.0402208285265546 6.553873525623369E-4
choose 3.2123353678124E-4 3.506557897319982 0.0011264239952842859
file 3.2123353678124E-4 0.8915981192837835 2.864112172450317E-4
JFormattedTextField 0.0022486347574686796 2.659260036932778 0.005979704548194489
extends 0.00128493414712496 0.653926467406664 8.402524476796198E-4
JTextField 9.637006103437199E-4 2.407945608651872 0.002320538652732289
adding 0.0016061676839061998 1.07880966137193 0.0017327492151813847
formatting 6.4246707356248E-4 1.3862943611198906 8.906484812848639E-4
arbitrary 3.2123353678124E-4 2.407945608651872 7.735128842440964E-4
well 9.637006103437199E-4 1.7719568419318754 0.0017076358900724787
retrieving 3.2123353678124E-4 3.506557897319982 0.0011264239952842859
once 3.2123353678124E-4 2.207274913189721 7.090507270124386E-4
edited 9.637006103437199E-4 2.659260036932778 0.002562730520654781
AbstractFormatter 9.637006103437199E-4 2.659260036932778 0.002562730520654781
Instances 0.0016061676839061998 2.0402208285265546 0.0032769367628116843
handle 6.4246707356248E-4 2.407945608651872 0.0015470257684881928
conversion 3.2123353678124E-4 2.120263536200091 6.810997546418539E-4
both 6.4246707356248E-4 1.6094379124341003 0.0010340108656820433
String 0.0022486347574686796 0.4155154439616658 9.343424695572311E-4
back 3.2123353678124E-4 1.7719568419318754 5.69211963357493E-4
AbstractFormatterFactory 6.4246707356248E-4 2.659260036932778 0.0017084870137698543
obtain 9.637006103437199E-4 1.9661128563728327 0.0018947441596911332
instances 0.0022486347574686796 1.4271163556401458 0.0032090634402444653
turn 6.4246707356248E-4 2.659260036932778 0.0017084870137698543
format 6.4246707356248E-4 1.3862943611198906 8.906484812848639E-4
awt 3.2123353678124E-4 1.9661128563728327 6.315813865637111E-4
Frame 0.00128493414712496 1.3093333199837622 0.0016824070928156277
many 3.2123353678124E-4 1.7147984280919266 5.508507639228804E-4
features 6.4246707356248E-4 0.9942522733438669 6.38774348438077E-4
native 3.2123353678124E-4 2.302585092994046 7.396675531622378E-4
frame 0.00128493414712496 1.3093333199837622 0.0016824070928156277
including 3.2123353678124E-4 1.0498221244986776 3.3723807404390546E-4
dragging 0.00128493414712496 2.659260036932778 0.0034169740275397085
becoming 3.2123353678124E-4 3.506557897319982 0.0011264239952842859
icon 0.0016061676839061998 2.0402208285265546 0.0032769367628116843
resizing 3.2123353678124E-4 2.995732273553991 9.623296734834536E-4
title 6.4246707356248E-4 1.8971199848858813 0.0012188371248865284
bar 6.4246707356248E-4 2.407945608651872 0.0015470257684881928
JDesktopIcon 3.2123353678124E-4 2.8134107167600364 9.037618749630699E-4
iconified 3.2123353678124E-4 3.506557897319982 0.0011264239952842859
JLabel 3.2123353678124E-4 2.5257286443082556 8.113487453608275E-4
area 6.4246707356248E-4 2.302585092994046 0.0014793351063244755
short 3.2123353678124E-4 2.407945608651872 7.735128842440964E-4
string 0.0022486347574686796 0.4155154439616658 9.343424695572311E-4
JLayer 6.4246707356248E-4 2.5257286443082556 0.001622697490721655
V 6.4246707356248E-4 1.3470736479666094 8.654504644822419E-4
universal 3.2123353678124E-4 3.2188758248682006 0.0010340108656820433
decorator 3.2123353678124E-4 3.506557897319982 0.0011264239952842859
you 0.00128493414712496 0.9162907318741551 0.0011773732500792227
advanced 3.2123353678124E-4 2.302585092994046 7.396675531622378E-4
effects 3.2123353678124E-4 2.995732273553991 9.623296734834536E-4
receive 3.2123353678124E-4 2.659260036932778 8.542435068849271E-4
notifications 3.2123353678124E-4 2.120263536200091 6.810997546418539E-4
AWTEvents 3.2123353678124E-4 2.995732273553991 9.623296734834536E-4
generated 9.637006103437199E-4 1.7719568419318754 0.0017076358900724787
within 6.4246707356248E-4 1.8325814637483102 0.0011773732500792227
borders 3.2123353678124E-4 2.995732273553991 9.623296734834536E-4
JLayeredPane 6.4246707356248E-4 2.5257286443082556 0.001622697490721655
depth 3.2123353678124E-4 2.995732273553991 9.623296734834536E-4
allowing 0.0032123353678123997 1.2378743560016172 0.003976467574691993
overlap 3.2123353678124E-4 3.506557897319982 0.0011264239952842859
other 0.0022486347574686796 0.8915981192837835 0.0020048785207152212
needed 3.2123353678124E-4 2.659260036932778 8.542435068849271E-4
more 0.0016061676839061998 0.7339691750802005 0.0011788775699971097
DropLocation 0.0022486347574686796 2.5257286443082556 0.005679441217525791
TransferHandler 0.0019274012206874397 2.5257286443082556 0.004868092472164964
representing 0.00256986829424992 1.8971199848858813 0.0048753484995461135
location 0.0016061676839061998 1.7147984280919266 0.002754253819614402
JMenu 3.2123353678124E-4 2.302585092994046 7.396675531622378E-4
popup 0.0019274012206874397 2.302585092994046 0.004438005318973426
containing 6.4246707356248E-4 0.43078291609245434 2.767638394426305E-4
JMenuItems 3.2123353678124E-4 3.506557897319982 0.0011264239952842859
displayed 0.006103437198843559 2.120263536200091 0.012940895338195223
selects 0.0028911018310311598 1.3093333199837622 0.0037854159588351626
JMenuBar 6.4246707356248E-4 2.302585092994046 0.0014793351063244755
JMenuItem 3.2123353678124E-4 2.5257286443082556 8.113487453608275E-4
JOptionPane 6.4246707356248E-4 2.8134107167600364 0.0018075237499261397
makes 3.2123353678124E-4 1.8971199848858813 6.094185624432642E-4
easy 3.2123353678124E-4 2.8134107167600364 9.037618749630699E-4
pop 6.4246707356248E-4 2.995732273553991 0.0019246593469669073
prompts 3.2123353678124E-4 3.506557897319982 0.0011264239952842859
users 0.00546097012528108 1.0216512475319812 0.005579206941228295
informs 3.2123353678124E-4 2.995732273553991 9.623296734834536E-4
something 6.4246707356248E-4 2.8134107167600364 0.0018075237499261397
JPanel 6.4246707356248E-4 2.8134107167600364 0.0018075237499261397
JPasswordField 6.4246707356248E-4 2.659260036932778 0.0017084870137698543
editing 6.4246707356248E-4 2.8134107167600364 0.0018075237499261397
line 0.0016061676839061998 1.9661128563728327 0.0031579069328185557
indicates 9.637006103437199E-4 2.302585092994046 0.002219002659486713
was 0.029232251847092838 0.18632957819149354 0.005446833156256316
typed 3.2123353678124E-4 2.995732273553991 9.623296734834536E-4
does 0.0019274012206874397 0.43078291609245434 8.302915183278914E-4
not 0.00256986829424992 0.3424903089467759 8.801549860501791E-4
show 0.0032123353678123997 2.0402208285265546 0.006553873525623369
original 3.2123353678124E-4 1.9661128563728327 6.315813865637111E-4
characters 3.2123353678124E-4 1.9661128563728327 6.315813865637111E-4
JPopupMenu 6.4246707356248E-4 2.302585092994046 0.0014793351063244755
pops 6.4246707356248E-4 2.995732273553991 0.0019246593469669073
series 3.2123353678124E-4 2.407945608651872 7.735128842440964E-4
choices 3.2123353678124E-4 2.120263536200091 6.810997546418539E-4
Separator 0.00128493414712496 2.407945608651872 0.0030940515369763857
specific 6.4246707356248E-4 1.9661128563728327 0.0012631627731274223
separator 0.00128493414712496 2.407945608651872 0.0030940515369763857
JProgressBar 3.2123353678124E-4 2.5257286443082556 8.113487453608275E-4
visually 3.2123353678124E-4 3.506557897319982 0.0011264239952842859
progress 9.637006103437199E-4 2.995732273553991 0.0028869890204503606
some 0.00128493414712496 2.0402208285265546 0.0026215494102493474
task 9.637006103437199E-4 2.995732273553991 0.0028869890204503606
JRadioButton 3.2123353678124E-4 3.2188758248682006 0.0010340108656820433
radio 6.4246707356248E-4 4.605170185988092 0.002958670212648951
JRadioButtonMenuItem 3.2123353678124E-4 3.2188758248682006 0.0010340108656820433
behind 3.2123353678124E-4 2.995732273553991 9.623296734834536E-4
scenes 3.2123353678124E-4 3.506557897319982 0.0011264239952842859
JScrollBar 3.2123353678124E-4 2.5257286443082556 8.113487453608275E-4
scrollbar 3.2123353678124E-4 2.302585092994046 7.396675531622378E-4
Provides 0.007067137809187279 0.6348782724359695 0.004486772243363742
scrollable 6.4246707356248E-4 2.120263536200091 0.0013621995092837078
JSeparator 6.4246707356248E-4 2.8134107167600364 0.0018075237499261397
implementing 0.0028911018310311598 0.5447271754416719 0.0015748617343318496
divider 6.4246707356248E-4 2.995732273553991 0.0019246593469669073
lines 0.0016061676839061998 1.9661128563728327 0.0031579069328185557
commonly 6.4246707356248E-4 2.995732273553991 0.0019246593469669073
breaks 3.2123353678124E-4 3.506557897319982 0.0011264239952842859
logical 3.2123353678124E-4 2.659260036932778 8.542435068849271E-4
groupings 3.2123353678124E-4 2.995732273553991 9.623296734834536E-4
JSlider 3.2123353678124E-4 2.407945608651872 7.735128842440964E-4
lets 9.637006103437199E-4 2.8134107167600364 0.0027112856248892093
graphically 6.4246707356248E-4 3.506557897319982 0.0022528479905685717
sliding 3.2123353678124E-4 3.506557897319982 0.0011264239952842859
knob 3.2123353678124E-4 3.506557897319982 0.0011264239952842859
bounded 3.2123353678124E-4 2.659260036932778 8.542435068849271E-4
interval 6.4246707356248E-4 2.995732273553991 0.0019246593469669073
JSpinner 0.00256986829424992 2.407945608651872 0.006188103073952771
number 9.637006103437199E-4 1.2378743560016172 0.0011929402724075978
ordered 0.0016061676839061998 1.2378743560016172 0.0019882337873459964
DateEditor 3.2123353678124E-4 3.2188758248682006 0.0010340108656820433
whose 0.00128493414712496 2.407945608651872 0.0030940515369763857
SpinnerDateModel 6.4246707356248E-4 2.8134107167600364 0.0018075237499261397
DefaultEditor 3.2123353678124E-4 2.5257286443082556 8.113487453608275E-4
specialized 3.2123353678124E-4 2.120263536200091 6.810997546418539E-4
editors 0.0022486347574686796 2.407945608651872 0.005414590189708674
read 6.4246707356248E-4 1.2039728043259361 7.735128842440965E-4
ListEditor 3.2123353678124E-4 3.2188758248682006 0.0010340108656820433
SpinnerListModel 6.4246707356248E-4 2.8134107167600364 0.0018075237499261397
NumberEditor 3.2123353678124E-4 3.2188758248682006 0.0010340108656820433
SpinnerNumberModel 6.4246707356248E-4 2.8134107167600364 0.0018075237499261397
JSplitPane 6.4246707356248E-4 2.407945608651872 0.0015470257684881928
divide 3.2123353678124E-4 3.506557897319982 0.0011264239952842859
two 0.0019274012206874397 1.4271163556401458 0.0027506258059238273
Components 0.017989078059749437 1.4696759700589417 0.026438115747928276
JTabbedPane 3.2123353678124E-4 2.407945608651872 7.735128842440964E-4
switch 3.2123353678124E-4 2.8134107167600364 9.037618749630699E-4
group 6.4246707356248E-4 1.9661128563728327 0.0012631627731274223
clicking 6.4246707356248E-4 2.995732273553991 0.0019246593469669073
tab 3.2123353678124E-4 2.995732273553991 9.623296734834536E-4
given 6.4246707356248E-4 2.120263536200091 0.0013621995092837078
JTable 0.0019274012206874397 1.9661128563728327 0.0037894883193822664
regular 3.2123353678124E-4 2.407945608651872 7.735128842440964E-4
dimensional 3.2123353678124E-4 2.659260036932778 8.542435068849271E-4
tables 0.0016061676839061998 1.4696759700589417 0.002360546048922168
JTextArea 6.4246707356248E-4 2.659260036932778 0.0017084870137698543
multi 3.2123353678124E-4 1.8325814637483102 5.886866250396114E-4
plain 3.2123353678124E-4 2.995732273553991 9.623296734834536E-4
JTextPane 3.2123353678124E-4 2.659260036932778 8.542435068849271E-4
marked 3.2123353678124E-4 3.506557897319982 0.0011264239952842859
attributes 3.2123353678124E-4 0.3566749439387324 1.1457595372268951E-4
represented 0.00256986829424992 1.8971199848858813 0.0048753484995461135
JToggleButton 6.4246707356248E-4 2.659260036932778 0.0017084870137698543
ToggleButtonModel 3.2123353678124E-4 2.995732273553991 9.623296734834536E-4
ToggleButton 3.2123353678124E-4 4.605170185988092 0.0014793351063244755
JToolBar 9.637006103437199E-4 2.407945608651872 0.002320538652732289
toolbar 3.2123353678124E-4 4.605170185988092 0.0014793351063244755
JToolTip 3.2123353678124E-4 2.659260036932778 8.542435068849271E-4
Used 0.012528107934468359 0.010050335853501506 1.2591169235032405E-4
Tip 3.2123353678124E-4 2.995732273553991 9.623296734834536E-4
JTree 0.0016061676839061998 2.120263536200091 0.003405498773209269
hierarchical 3.2123353678124E-4 3.506557897319982 0.0011264239952842859
outline 3.2123353678124E-4 2.407945608651872 7.735128842440964E-4
DynamicUtilTreeNode 6.4246707356248E-4 2.995732273553991 0.0019246593469669073
wrap 3.2123353678124E-4 2.995732273553991 9.623296734834536E-4
vectors 3.2123353678124E-4 3.506557897319982 0.0011264239952842859
hashtables 3.2123353678124E-4 4.605170185988092 0.0014793351063244755
arrays 6.4246707356248E-4 1.7719568419318754 0.001138423926714986
strings 0.0022486347574686796 0.4155154439616658 9.343424695572311E-4
appropriate 3.2123353678124E-4 2.120263536200091 6.810997546418539E-4
children 0.00128493414712496 2.0402208285265546 0.0026215494102493474
nodes 3.2123353678124E-4 0.7550225842780328 2.4253857509734433E-4
necessary 3.2123353678124E-4 2.407945608651872 7.735128842440964E-4
EmptySelectionModel 6.4246707356248E-4 2.407945608651872 0.0015470257684881928
TreeSelectionModel 3.2123353678124E-4 2.407945608651872 7.735128842440964E-4
anything 3.2123353678124E-4 2.659260036932778 8.542435068849271E-4
JViewport 6.4246707356248E-4 2.207274913189721 0.0014181014540248771
viewport 3.2123353678124E-4 2.995732273553991 9.623296734834536E-4
porthole 3.2123353678124E-4 3.506557897319982 0.0011264239952842859
see 0.0019274012206874397 0.3566749439387324 6.87455722336137E-4
underlying 3.2123353678124E-4 2.207274913189721 7.090507270124386E-4
anywhere 3.2123353678124E-4 2.8134107167600364 9.037618749630699E-4
KeyStroke 6.4246707356248E-4 2.302585092994046 0.0014793351063244755
action 0.0022486347574686796 2.0402208285265546 0.004587711467936358
keyboard 3.2123353678124E-4 2.995732273553991 9.623296734834536E-4
equivalent 3.2123353678124E-4 2.659260036932778 8.542435068849271E-4
device 3.2123353678124E-4 2.995732273553991 9.623296734834536E-4
LayoutFocusTraversalPolicy 3.2123353678124E-4 2.659260036932778 8.542435068849271E-4
SortingFocusTraversalPolicy 6.4246707356248E-4 2.407945608651872 0.0015470257684881928
sorts 0.0022486347574686796 2.407945608651872 0.005414590189708674
their 0.0019274012206874397 0.8209805520698303 0.0015823589182200391
orientation 3.2123353678124E-4 4.605170185988092 0.0014793351063244755
LayoutStyle 9.637006103437199E-4 2.302585092994046 0.002219002659486713
about 9.637006103437199E-4 1.4696759700589417 0.0014163276293533006
how 6.4246707356248E-4 1.2039728043259361 7.735128842440965E-4
LookAndFeel 9.637006103437199E-4 2.302585092994046 0.002219002659486713
name 9.637006103437199E-4 0.6931471805599453 6.679863609636478E-4
implies 6.4246707356248E-4 2.995732273553991 0.0019246593469669073
encapsulates 6.4246707356248E-4 2.659260036932778 0.0017084870137698543
look 0.00256986829424992 1.9661128563728327 0.005052651092509689
feel 0.0019274012206874397 2.407945608651872 0.004641077305464578
MenuSelectionManager 6.4246707356248E-4 2.302585092994046 0.0014793351063244755
owns 6.4246707356248E-4 2.407945608651872 0.0015470257684881928
hierarchy 6.4246707356248E-4 1.5606477482646683 0.0010026647916894754
OverlayLayout 3.2123353678124E-4 2.5257286443082556 8.113487453608275E-4
arrange 3.2123353678124E-4 4.605170185988092 0.0014793351063244755
over 3.2123353678124E-4 2.302585092994046 7.396675531622378E-4
Popup 0.0019274012206874397 2.302585092994046 0.004438005318973426
Popups 6.4246707356248E-4 3.506557897319982 0.0022528479905685717
containment 3.2123353678124E-4 3.506557897319982 0.0011264239952842859
PopupFactory 6.4246707356248E-4 2.5257286443082556 0.001622697490721655
ProgressMonitor 3.2123353678124E-4 2.302585092994046 7.396675531622378E-4
monitor 6.4246707356248E-4 2.0402208285265546 0.0013107747051246737
ProgressMonitorInputStream 3.2123353678124E-4 2.995732273553991 9.623296734834536E-4
Monitors 6.4246707356248E-4 2.0402208285265546 0.0013107747051246737
reading 6.4246707356248E-4 1.2039728043259361 7.735128842440965E-4
InputStream 3.2123353678124E-4 1.5141277326297755 4.863886066912225E-4
RepaintManager 3.2123353678124E-4 2.302585092994046 7.396675531622378E-4
manages 9.637006103437199E-4 3.506557897319982 0.0033792719858528573
repaint 9.637006103437199E-4 3.506557897319982 0.0033792719858528573
requests 9.637006103437199E-4 1.5606477482646683 0.001503997187534213
repaints 9.637006103437199E-4 3.506557897319982 0.0033792719858528573
minimized 3.2123353678124E-4 3.506557897319982 0.0011264239952842859
example 0.0019274012206874397 0.616186139423817 0.0011876379172961458
collapsing 3.2123353678124E-4 3.506557897319982 0.0011264239952842859
members 3.2123353678124E-4 2.995732273553991 9.623296734834536E-4
RowFilter 0.0016061676839061998 2.302585092994046 0.0036983377658111887
entries 0.0022486347574686796 1.4696759700589417 0.0033047644684910346
so 3.2123353678124E-4 1.3093333199837622 4.2060177320390693E-4
they 0.0019274012206874397 0.8209805520698303 0.0015823589182200391
shown 0.0032123353678123997 2.0402208285265546 0.006553873525623369
Entry 0.0022486347574686796 1.4696759700589417 0.0033047644684910346
passed 3.2123353678124E-4 2.995732273553991 9.623296734834536E-4
thus 3.2123353678124E-4 2.407945608651872 7.735128842440964E-4
determine 0.00128493414712496 1.5141277326297755 0.00194555442676489
whether 3.2123353678124E-4 1.6607312068216509 5.334825592102959E-4
basis 3.2123353678124E-4 2.407945608651872 7.735128842440964E-4
SortKey 6.4246707356248E-4 2.5257286443082556 0.001622697490721655
describes 3.2123353678124E-4 2.302585092994046 7.396675531622378E-4
sort 0.0022486347574686796 2.407945608651872 0.005414590189708674
column 3.2123353678124E-4 2.207274913189721 7.090507270124386E-4
ScrollPaneLayout 9.637006103437199E-4 2.120263536200091 0.0020432992639255613
UI 6.4246707356248E-4 3.506557897319982 0.0022528479905685717
resource 6.4246707356248E-4 1.5141277326297755 9.72777213382445E-4
SizeRequirements 3.2123353678124E-4 2.302585092994046 7.396675531622378E-4
For 0.02120141342756184 0.083381608939051 0.0017678079633721062
convenience 6.4246707356248E-4 2.659260036932778 0.0017084870137698543
managers 0.0019274012206874397 1.9661128563728327 0.0037894883193822664
calculates 3.2123353678124E-4 2.120263536200091 6.810997546418539E-4
SizeSequence 6.4246707356248E-4 2.8134107167600364 0.0018075237499261397
efficiently 3.2123353678124E-4 4.605170185988092 0.0014793351063244755
maintains 3.2123353678124E-4 2.995732273553991 9.623296734834536E-4
sizes 0.0016061676839061998 1.3470736479666094 0.0021636261612056045
corresponding 3.2123353678124E-4 1.9661128563728327 6.315813865637111E-4
positions 0.0019274012206874397 2.120263536200091 0.0040865985278511225
determines 0.00128493414712496 1.5141277326297755 0.00194555442676489
traversal 6.4246707356248E-4 1.8325814637483102 0.0011773732500792227
cycle 3.2123353678124E-4 3.506557897319982 0.0011264239952842859
Comparator 3.2123353678124E-4 2.8134107167600364 9.037618749630699E-4
sequences 0.00128493414712496 1.9661128563728327 0.0025263255462548446
Dates 3.2123353678124E-4 2.995732273553991 9.623296734834536E-4
defined 0.0022486347574686796 1.07880966137193 0.002425848901253938
array 6.4246707356248E-4 1.7719568419318754 0.001138423926714986
numbers 9.637006103437199E-4 1.2378743560016172 0.0011929402724075978
Spring 6.4246707356248E-4 2.5257286443082556 0.001622697490721655
instance 0.0022486347574686796 1.4271163556401458 0.0032090634402444653
holds 6.4246707356248E-4 2.407945608651872 0.0015470257684881928
three 3.2123353678124E-4 2.407945608651872 7.735128842440964E-4
properties 6.4246707356248E-4 1.6607312068216509 0.0010669651184205917
characterize 3.2123353678124E-4 3.506557897319982 0.0011264239952842859
behavior 6.4246707356248E-4 2.302585092994046 0.0014793351063244755
minimum 3.2123353678124E-4 2.995732273553991 9.623296734834536E-4
preferred 9.637006103437199E-4 2.407945608651872 0.002320538652732289
maximum 6.4246707356248E-4 1.9661128563728327 0.0012631627731274223
SpringLayout 0.00128493414712496 2.302585092994046 0.002958670212648951
lays 6.4246707356248E-4 2.995732273553991 0.0019246593469669073
according 3.2123353678124E-4 2.207274913189721 7.090507270124386E-4
constraints 0.00128493414712496 2.120263536200091 0.0027243990185674156
Constraints 0.00128493414712496 2.120263536200091 0.0027243990185674156
govern 3.2123353678124E-4 3.506557897319982 0.0011264239952842859
way 0.0019274012206874397 1.1086626245216111 0.002136837695833494
change 0.00128493414712496 0.7765287894989963 9.977883578528703E-4
controlled 0.0028911018310311598 1.2039728043259361 0.003480807979098434
SwingUtilities 9.637006103437199E-4 2.5257286443082556 0.002434046236082482
utility 3.2123353678124E-4 2.0402208285265546 6.553873525623369E-4
SwingWorker 9.637006103437199E-4 2.302585092994046 0.002219002659486713
perform 3.2123353678124E-4 2.995732273553991 9.623296734834536E-4
lengthy 3.2123353678124E-4 4.605170185988092 0.0014793351063244755
GUI 0.00128493414712496 2.995732273553991 0.0038493186939338145
interaction 3.2123353678124E-4 3.506557897319982 0.0011264239952842859
tasks 9.637006103437199E-4 2.995732273553991 0.0028869890204503606
background 3.2123353678124E-4 2.407945608651872 7.735128842440964E-4
thread 0.00546097012528108 1.7719568419318754 0.00967660337707738
Timer 3.2123353678124E-4 2.120263536200091 6.810997546418539E-4
Fires 3.2123353678124E-4 2.659260036932778 8.542435068849271E-4
ActionEvents 3.2123353678124E-4 2.995732273553991 9.623296734834536E-4
specified 3.2123353678124E-4 0.9675840262617057 3.1082043888907993E-4
intervals 6.4246707356248E-4 2.995732273553991 0.0019246593469669073
ToolTipManager 3.2123353678124E-4 2.302585092994046 7.396675531622378E-4
Manages 9.637006103437199E-4 3.506557897319982 0.0033792719858528573
ToolTips 3.2123353678124E-4 3.506557897319982 0.0011264239952842859
system 6.4246707356248E-4 1.2378743560016172 7.952935149383985E-4
transfer 0.0016061676839061998 2.302585092994046 0.0036983377658111887
Transferable 3.2123353678124E-4 2.5257286443082556 8.113487453608275E-4
Represents 0.00128493414712496 1.8971199848858813 0.0024376742497730568
dropped 0.0032123353678123997 1.8971199848858813 0.006094185624432641
TransferSupport 3.2123353678124E-4 2.5257286443082556 8.113487453608275E-4
relevant 3.2123353678124E-4 3.506557897319982 0.0011264239952842859
details 3.2123353678124E-4 0.7550225842780328 2.4253857509734433E-4
clipboard 3.2123353678124E-4 2.5257286443082556 8.113487453608275E-4
drag 0.00128493414712496 2.659260036932778 0.0034169740275397085
also 9.637006103437199E-4 0.5108256237659907 4.922829654024967E-4
customizing 3.2123353678124E-4 2.995732273553991 9.623296734834536E-4
aspects 3.2123353678124E-4 3.506557897319982 0.0011264239952842859
experience 3.2123353678124E-4 2.207274913189721 7.090507270124386E-4
LazyInputMap 6.4246707356248E-4 2.8134107167600364 0.0018075237499261397
will 3.2123353678124E-4 0.5447271754416719 1.749846371479833E-4
createValue 3.2123353678124E-4 4.605170185988092 0.0014793351063244755
method 0.0038548024413748794 0.18632957819149354 7.182637129129208E-4
ProxyLazyValue 3.2123353678124E-4 2.8134107167600364 9.037618749630699E-4
delay 3.2123353678124E-4 3.506557897319982 0.0011264239952842859
loading 3.2123353678124E-4 2.407945608651872 7.735128842440964E-4
created 0.00256986829424992 0.7765287894989963 0.0019955767157057405
UIManager 9.637006103437199E-4 2.120263536200091 0.0020432992639255613
available 3.2123353678124E-4 1.6607312068216509 5.334825592102959E-4
feels 0.0019274012206874397 2.407945608651872 0.004641077305464578
PropertyChangeListeners 3.2123353678124E-4 3.912023005428146 0.0012566729860032594
notified 9.637006103437199E-4 3.506557897319982 0.0033792719858528573
obtaining 9.637006103437199E-4 1.9661128563728327 0.0018947441596911332
LookAndFeelInfo 3.2123353678124E-4 2.5257286443082556 8.113487453608275E-4
little 3.2123353678124E-4 3.506557897319982 0.0011264239952842859
installed 3.2123353678124E-4 2.659260036932778 8.542435068849271E-4
sake 3.2123353678124E-4 3.506557897319982 0.0011264239952842859
configuring 3.2123353678124E-4 3.2188758248682006 0.0010340108656820433
application 0.00256986829424992 1.1394342831883648 0.002928196037747163
ViewportLayout 3.2123353678124E-4 2.5257286443082556 8.113487453608275E-4
Enum 6.4246707356248E-4 1.5141277326297755 9.72777213382445E-4
DropMode 3.2123353678124E-4 2.5257286443082556 8.113487453608275E-4
Drop 0.0028911018310311598 1.8971199848858813 0.005484767061989378
modes 6.4246707356248E-4 2.302585092994046 0.0014793351063244755
tracks 6.4246707356248E-4 1.07880966137193 6.930996860725539E-4
during 3.2123353678124E-4 2.120263536200091 6.810997546418539E-4
Alignment 3.2123353678124E-4 2.120263536200091 6.810997546418539E-4
Enumeration 0.00128493414712496 2.302585092994046 0.002958670212648951
possible 0.0019274012206874397 1.7719568419318754 0.0034152717801449574
ways 0.0019274012206874397 1.1086626245216111 0.002136837695833494
ParallelGroup 3.2123353678124E-4 2.5257286443082556 8.113487453608275E-4
align 3.2123353678124E-4 2.995732273553991 9.623296734834536E-4
PrintMode 3.2123353678124E-4 2.5257286443082556 8.113487453608275E-4
Printing 6.4246707356248E-4 1.8325814637483102 0.0011773732500792227
printing 6.4246707356248E-4 1.8325814637483102 0.0011773732500792227
JTables 3.2123353678124E-4 3.506557897319982 0.0011264239952842859
ComponentPlacement 6.4246707356248E-4 2.302585092994046 0.0014793351063244755
enumeration 0.00128493414712496 2.302585092994046 0.002958670212648951
relative 3.2123353678124E-4 1.7719568419318754 5.69211963357493E-4
ComparisonType 3.2123353678124E-4 2.5257286443082556 8.113487453608275E-4
comparison 3.2123353678124E-4 3.506557897319982 0.0011264239952842859
supported 0.0028911018310311598 0.7339691750802005 0.0021219796259947976
RowFilters 3.2123353678124E-4 3.506557897319982 0.0011264239952842859
SortOrder 6.4246707356248E-4 2.5257286443082556 0.001622697490721655
orderings 3.2123353678124E-4 3.506557897319982 0.0011264239952842859
StateValue 3.2123353678124E-4 2.5257286443082556 8.113487453608275E-4
Values 0.00513973658849984 0.4620354595965586 0.0023747405568727716
bound 3.2123353678124E-4 2.5257286443082556 8.113487453608275E-4
property 6.4246707356248E-4 1.6607312068216509 0.0010669651184205917
Exception 9.637006103437199E-4 1.4271163556401458 0.0013753129029619136
UnsupportedLookAndFeelException 3.2123353678124E-4 2.5257286443082556 8.113487453608275E-4
exception 0.00128493414712496 1.2729656758128876 0.0016356770649699809
requested 9.637006103437199E-4 1.5606477482646683 0.001503997187534213
management 3.2123353678124E-4 1.6094379124341003 5.170054328410217E-4
classes 0.011885640860905879 0.06187540371808745 7.354288267167478E-4
present 3.2123353678124E-4 1.7719568419318754 5.69211963357493E-4
javax 3.2123353678124E-4 1.3093333199837622 4.2060177320390693E-4
swing 0.006745904272406039 1.9661128563728327 0.013263209117837934
language 3.2123353678124E-4 1.7719568419318754 5.69211963357493E-4
degree 3.2123353678124E-4 2.659260036932778 8.542435068849271E-4
work 0.0016061676839061998 0.9416085398584451 0.0015123812076107373
platforms 6.4246707356248E-4 1.07880966137193 6.930996860725539E-4
programmer 3.2123353678124E-4 2.995732273553991 9.623296734834536E-4
guide 6.4246707356248E-4 2.407945608651872 0.0015470257684881928
using 0.012528107934468359 0.010050335853501506 1.2591169235032405E-4
these 3.2123353678124E-4 1.5141277326297755 4.863886066912225E-4
Creating 0.00256986829424992 0.7765287894989963 0.0019955767157057405
trail 3.2123353678124E-4 4.605170185988092 0.0014793351063244755
Tutorial 9.637006103437199E-4 2.995732273553991 0.0028869890204503606
resources 6.4246707356248E-4 1.5141277326297755 9.72777213382445E-4
Related 9.637006103437199E-4 1.8971199848858813 0.0018282556873297925
Documentation 0.0022486347574686796 0.9416085398584451 0.002117333690655032
Threading 3.2123353678124E-4 4.605170185988092 0.0014793351063244755
Policy 6.4246707356248E-4 1.0216512475319812 6.563772872033288E-4
In 0.01060070671378092 0.1508228897345837 0.0015988292198012405
safe 3.2123353678124E-4 1.3093333199837622 4.2060177320390693E-4
related 9.637006103437199E-4 1.8971199848858813 0.0018282556873297925
unless 3.2123353678124E-4 2.120263536200091 6.810997546418539E-4
otherwise 3.2123353678124E-4 1.2378743560016172 3.9764675746919927E-4
documented 6.4246707356248E-4 0.40047756659712536 2.572936502390783E-4
must 9.637006103437199E-4 1.1086626245216111 0.001068418847916747
dispatching 0.004818503051718599 3.506557897319982 0.016896359929264287
Typical 3.2123353678124E-4 4.605170185988092 0.0014793351063244755
applications 0.00256986829424992 1.1394342831883648 0.002928196037747163
do 0.0019274012206874397 0.43078291609245434 8.302915183278914E-4
processing 0.00128493414712496 2.120263536200091 0.0027243990185674156
response 3.2123353678124E-4 1.2729656758128876 4.089192662424952E-4
gesture 6.4246707356248E-4 2.995732273553991 0.0019246593469669073
ActionListeners 3.2123353678124E-4 4.605170185988092 0.0014793351063244755
added 0.0016061676839061998 1.07880966137193 0.0017327492151813847
As 0.004818503051718599 0.32850406697203605 0.0015828978492067266
events 0.006103437198843559 1.3862943611198906 0.008461160572206207
dispatched 0.004818503051718599 3.506557897319982 0.016896359929264287
developers 0.00128493414712496 0.9942522733438669 0.001277548696876154
impacted 6.4246707356248E-4 2.5257286443082556 0.001622697490721655
restriction 6.4246707356248E-4 4.605170185988092 0.002958670212648951
Where 0.00128493414712496 1.4271163556401458 0.0018337505372825519
impact 6.4246707356248E-4 2.5257286443082556 0.001622697490721655
lies 3.2123353678124E-4 4.605170185988092 0.0014793351063244755
however 3.2123353678124E-4 2.407945608651872 7.735128842440964E-4
constructing 0.0016061676839061998 2.659260036932778 0.0042712175344246355
showing 0.0032123353678123997 2.0402208285265546 0.006553873525623369
Calls 6.4246707356248E-4 1.7147984280919266 0.0011017015278457609
invoked 9.637006103437199E-4 2.995732273553991 0.0028869890204503606
such 9.637006103437199E-4 1.5141277326297755 0.0014591658200736673
care 6.4246707356248E-4 2.8134107167600364 0.0018075237499261397
taken 6.4246707356248E-4 3.2188758248682006 0.0020680217313640867
begin 3.2123353678124E-4 3.506557897319982 0.0011264239952842859
working 0.0016061676839061998 0.9416085398584451 0.0015123812076107373
invokeLater 0.00128493414712496 4.605170185988092 0.005917340425297902
schedules 6.4246707356248E-4 4.605170185988092 0.002958670212648951
Runnable 9.637006103437199E-4 2.8134107167600364 0.0027112856248892093
processed 3.2123353678124E-4 3.506557897319982 0.0011264239952842859
following 3.2123353678124E-4 1.7147984280919266 5.508507639228804E-4
examples 0.0019274012206874397 0.616186139423817 0.0011876379172961458
equally 3.2123353678124E-4 4.605170185988092 0.0014793351063244755
transferring 0.0016061676839061998 2.302585092994046 0.0036983377658111887
starting 3.2123353678124E-4 1.7147984280919266 5.508507639228804E-4
public 0.0022486347574686796 0.6931471805599453 0.0015586348422485115
MyApp 0.0016061676839061998 4.605170185988092 0.007396675531622377
void 0.0016061676839061998 1.4696759700589417 0.002360546048922168
run 9.637006103437199E-4 1.1086626245216111 0.001068418847916747
Invoked 9.637006103437199E-4 2.995732273553991 0.0028869890204503606
Construct 0.0016061676839061998 2.659260036932778 0.0042712175344246355
static 6.4246707356248E-4 0.5621189181535412 3.6114289634021283E-4
args 0.0016061676839061998 4.605170185988092 0.007396675531622377
new 9.637006103437199E-4 0.616186139423817 5.938189586480729E-4
Or 0.008352071956312239 0.2613647641344075 0.002182937316895148
Do 0.0019274012206874397 0.43078291609245434 8.302915183278914E-4
initialization 3.2123353678124E-4 2.995732273553991 9.623296734834536E-4
here 3.2123353678124E-4 3.506557897319982 0.0011264239952842859
Show 0.0032123353678123997 2.0402208285265546 0.006553873525623369
final 3.2123353678124E-4 1.3093333199837622 4.2060177320390693E-4
Schedule 6.4246707356248E-4 4.605170185988092 0.002958670212648951
job 3.2123353678124E-4 2.995732273553991 9.623296734834536E-4
applies 3.2123353678124E-4 2.659260036932778 8.542435068849271E-4
models 0.0057822036620623195 1.6094379124341003 0.00930609779113839
attached 6.4246707356248E-4 3.506557897319982 0.0022528479905685717
if 6.4246707356248E-4 0.616186139423817 3.9587930576538195E-4
TableModel 6.4246707356248E-4 2.8134107167600364 0.0018075237499261397
modified 6.4246707356248E-4 2.407945608651872 0.0015470257684881928
If 6.4246707356248E-4 0.616186139423817 3.9587930576538195E-4
modify 6.4246707356248E-4 2.407945608651872 0.0015470257684881928
separate 3.2123353678124E-4 3.506557897319982 0.0011264239952842859
risk 3.2123353678124E-4 3.506557897319982 0.0011264239952842859
exceptions 0.00128493414712496 1.2729656758128876 0.0016356770649699809
corruption 3.2123353678124E-4 3.506557897319982 0.0011264239952842859
delivered 3.2123353678124E-4 4.605170185988092 0.0014793351063244755
long 3.2123353678124E-4 1.9661128563728327 6.315813865637111E-4
running 3.2123353678124E-4 1.9661128563728327 6.315813865637111E-4
network 3.2123353678124E-4 2.120263536200091 6.810997546418539E-4
io 3.2123353678124E-4 1.5606477482646683 5.013323958447377E-4
computational 3.2123353678124E-4 4.605170185988092 0.0014793351063244755
intensive 3.2123353678124E-4 4.605170185988092 0.0014793351063244755
executed 3.2123353678124E-4 2.995732273553991 9.623296734834536E-4
blocks 6.4246707356248E-4 3.506557897319982 0.0022528479905685717
While 3.2123353678124E-4 1.9661128563728327 6.315813865637111E-4
blocked 6.4246707356248E-4 3.506557897319982 0.0022528479905685717
completely 3.2123353678124E-4 2.995732273553991 9.623296734834536E-4
unresponsive 3.2123353678124E-4 4.605170185988092 0.0014793351063244755
Refer 3.2123353678124E-4 2.659260036932778 8.542435068849271E-4
More 0.0016061676839061998 0.7339691750802005 0.0011788775699971097
topic 3.2123353678124E-4 4.605170185988092 0.0014793351063244755
found 3.2123353678124E-4 1.5141277326297755 4.863886066912225E-4
tutorial 0.00128493414712496 2.5257286443082556 0.00324539498144331
section 3.2123353678124E-4 2.207274913189721 7.090507270124386E-4
How 6.4246707356248E-4 1.2039728043259361 7.735128842440965E-4
Threads 0.00546097012528108 1.7719568419318754 0.00967660337707738
overviews 0.0016061676839061998 0.06187540371808745 9.938227388064159E-5
tutorials 0.00128493414712496 2.5257286443082556 0.00324539498144331
guides 6.4246707356248E-4 2.407945608651872 0.0015470257684881928
documentation 0.0022486347574686796 0.9416085398584451 0.002117333690655032
please 3.2123353678124E-4 1.8971199848858813 6.094185624432642E-4
Connection 3.2123353678124E-4 1.2039728043259361 3.8675644212204826E-4
Online 3.2123353678124E-4 3.506557897319982 0.0011264239952842859
Training 3.2123353678124E-4 2.659260036932778 8.542435068849271E-4
Developer 0.00128493414712496 0.9942522733438669 0.001277548696876154
ConnectionSM 3.2123353678124E-4 4.605170185988092 0.0014793351063244755
Foundation 3.2123353678124E-4 4.605170185988092 0.0014793351063244755
Classes 0.011885640860905879 0.06187540371808745 7.354288267167478E-4
home 3.2123353678124E-4 3.506557897319982 0.0011264239952842859
page 9.637006103437199E-4 0.843970070294529 8.133344718546697E-4
Platform 6.4246707356248E-4 1.07880966137193 6.930996860725539E-4
Standard 9.637006103437199E-4 1.1394342831883648 0.001098073514155186
Ed 3.2123353678124E-4 1.2729656758128876 4.089192662424952E-4
Prev 3.2123353678124E-4 1.2729656758128876 4.089192662424952E-4
Next 3.2123353678124E-4 1.171182981502945 3.762232513661886E-4
Frames 6.4246707356248E-4 1.3470736479666094 8.654504644822419E-4
Submit 3.2123353678124E-4 1.07880966137193 3.4654984303627694E-4
bug 3.2123353678124E-4 1.1086626245216111 3.56139615972249E-4
feature 6.4246707356248E-4 0.9942522733438669 6.38774348438077E-4
further 3.2123353678124E-4 0.9416085398584451 3.024762415221475E-4
reference 3.2123353678124E-4 0.843970070294529 2.711114906182233E-4
developer 0.00128493414712496 0.9942522733438669 0.001277548696876154
SE 3.2123353678124E-4 1.1086626245216111 3.56139615972249E-4
That 0.017989078059749437 0.22314355131420976 0.0040141467631210235
contains 6.4246707356248E-4 0.43078291609245434 2.767638394426305E-4
detailed 3.2123353678124E-4 1.0498221244986776 3.3723807404390546E-4
targeted 3.2123353678124E-4 1.171182981502945 3.762232513661886E-4
descriptions 0.0016061676839061998 0.18632957819149354 2.9927654704705036E-4
conceptual 3.2123353678124E-4 1.171182981502945 3.762232513661886E-4
definitions 6.4246707356248E-4 0.7765287894989963 4.988941789264351E-4
terms 6.4246707356248E-4 1.0216512475319812 6.563772872033288E-4
workarounds 3.2123353678124E-4 1.171182981502945 3.762232513661886E-4
code 3.2123353678124E-4 0.5108256237659907 1.6409432180083223E-4
Oracle 3.2123353678124E-4 0.8915981192837835 2.864112172450317E-4
affiliates 3.2123353678124E-4 1.171182981502945 3.762232513661886E-4
subject 3.2123353678124E-4 1.1394342831883648 3.660245047183954E-4
license 3.2123353678124E-4 1.1086626245216111 3.56139615972249E-4
Also 9.637006103437199E-4 0.5108256237659907 4.922829654024967E-4
redistribution 3.2123353678124E-4 1.171182981502945 3.762232513661886E-4
policy 6.4246707356248E-4 1.0216512475319812 6.563772872033288E-4
Scripting 3.2123353678124E-4 1.0216512475319812 3.281886436016644E-4
web 3.2123353678124E-4 0.8209805520698303 2.6372648637000654E-4
traffic 3.2123353678124E-4 1.1086626245216111 3.56139615972249E-4
5829
bug 0.0010298661174047373 1.1086626245216111 0.0011417740726278177
feature 0.0020597322348094747 0.9942522733438669 0.0020478934569389635
further 0.0010298661174047373 0.9416085398584451 9.697307310591607E-4
reference 0.0010298661174047373 0.843970070294529 8.691761795000298E-4
developer 0.003089598352214212 0.9942522733438669 0.0030718401854084457
SE 0.0010298661174047373 1.1086626245216111 0.0011417740726278177
That 0.0020597322348094747 0.22314355131420976 4.5961596563173996E-4
contains 0.0020597322348094747 0.43078291609245434 8.872974584808534E-4
detailed 0.0010298661174047373 1.0498221244986776 0.0010811762353230459
targeted 0.0010298661174047373 1.171182981502945 0.0012061616699309424
descriptions 0.0020597322348094747 0.18632957819149354 3.837890384994717E-4
conceptual 0.0010298661174047373 1.171182981502945 0.0012061616699309424
definitions 0.0020597322348094747 0.7765287894989963 0.0015994413789886639
terms 0.0010298661174047373 1.0216512475319812 0.0010521640036374677
workarounds 0.0010298661174047373 1.171182981502945 0.0012061616699309424
code 0.0010298661174047373 0.5108256237659907 5.26082001818734E-4
Oracle 0.0010298661174047373 0.8915981192837835 9.18226693392156E-4
affiliates 0.0010298661174047373 1.171182981502945 0.0012061616699309424
subject 0.0010298661174047373 1.1394342831883648 0.0011734647612650514
license 0.0010298661174047373 1.1086626245216111 0.0011417740726278177
Also 0.0020597322348094747 0.5108256237659907 0.001052164003637468
redistribution 0.0010298661174047373 1.171182981502945 0.0012061616699309424
policy 0.0020597322348094747 1.0216512475319812 0.0021043280072749354
Scripting 0.0010298661174047373 1.0216512475319812 0.0010521640036374677
web 0.0010298661174047373 0.8209805520698303 8.45500053624954E-4
traffic 0.0010298661174047373 1.1086626245216111 0.0011417740726278177
