Jsoup 0.0038461538461538464 0.0 0.0
jsoup 0.0038461538461538464 0.0 0.0
Java 0.0038461538461538464 0.010050335853501506 3.865513789808272E-5
HTML 0.0038461538461538464 0.0 0.0
Parser 0.0038461538461538464 0.0 0.0
API 0.0019230769230769232 0.0 0.0
Skip 0.0019230769230769232 0.06187540371808745 1.1899116099632203E-4
navigation 0.0019230769230769232 0.06187540371808745 1.1899116099632203E-4
links 0.0019230769230769232 0.0408219945202552 7.85038356158754E-5
Overview 0.0019230769230769232 0.06187540371808745 1.1899116099632203E-4
Package 0.0019230769230769232 0.06187540371808745 1.1899116099632203E-4
Class 0.0038461538461538464 0.06187540371808745 2.3798232199264405E-4
Use 0.009615384615384616 0.010050335853501506 9.66378447452068E-5
Tree 0.0038461538461538464 0.0408219945202552 1.570076712317508E-4
Deprecated 0.0019230769230769232 0.06187540371808745 1.1899116099632203E-4
Index 0.0019230769230769232 0.06187540371808745 1.1899116099632203E-4
Help 0.0019230769230769232 0.05129329438755048 9.864095074528939E-5
org 0.0019230769230769232 0.05129329438755048 9.864095074528939E-5
java 0.0038461538461538464 0.010050335853501506 3.865513789808272E-5
lang 0.0019230769230769232 0.653926467406664 0.0012575508988589693
Object 0.0019230769230769232 0.43078291609245434 8.284286847931814E-4
public 0.0019230769230769232 0.6931471805599453 0.001332975347230664
class 0.0057692307692307696 0.06187540371808745 3.569734829889661E-4
extends 0.0019230769230769232 0.653926467406664 0.0012575508988589693
The 0.0038461538461538464 0.10536051565782635 4.052327525301014E-4
core 0.0019230769230769232 1.171182981502945 0.0022522749644287407
access 0.0019230769230769232 0.8675005677047231 0.001668270322509083
point 0.0019230769230769232 1.7719568419318754 0.003407609311407453
to 0.0019230769230769232 0.17435338714477774 3.3529497527841877E-4
the 0.0038461538461538464 0.10536051565782635 4.052327525301014E-4
functionality 0.0019230769230769232 1.0498221244986776 0.0020188887009589956
Author 0.0019230769230769232 2.120263536200091 0.0040774298773078674
Jonathan 0.0019230769230769232 0.0 0.0
Hedley 0.0019230769230769232 0.0 0.0
Method 0.0057692307692307696 0.18632957819149354 0.001074978335720155
Summary 0.0019230769230769232 0.6931471805599453 0.001332975347230664
Modifier 0.0019230769230769232 0.653926467406664 0.0012575508988589693
and 0.0019230769230769232 0.09431067947124142 1.813666912908489E-4
Type 0.0038461538461538464 0.44628710262841953 0.0017164888562631521
Description 0.0038461538461538464 0.18632957819149354 7.166522238134368E-4
static 0.0019230769230769232 0.5621189181535412 0.0010809979195260408
String 0.0019230769230769232 0.4155154439616658 7.99068161464742E-4
clean 0.0038461538461538464 1.4271163556401458 0.005488909060154408
bodyHtml 0.0019230769230769232 2.0402208285265546 0.003923501593320298
baseUri 0.0019230769230769232 1.9661128563728327 0.003780986262255448
Safelist 0.0038461538461538464 0.9162907318741551 0.0035241951225929045
safelist 0.0038461538461538464 0.9162907318741551 0.0035241951225929045
Get 0.0057692307692307696 0.6733445532637655 0.0038846801149832627
safe 0.0019230769230769232 1.3093333199837622 0.002517948692276466
from 0.0019230769230769232 0.38566248081198473 7.416586169461246E-4
untrusted 0.0019230769230769232 2.0402208285265546 0.003923501593320298
input 0.0019230769230769232 1.0216512475319812 0.0019647139375615023
by 0.0019230769230769232 0.27443684570176036 5.277631648110776E-4
parsing 0.0057692307692307696 0.9675840262617057 0.0055822155361252256
filtering 0.0019230769230769232 2.120263536200091 0.0040774298773078674
it 0.0019230769230769232 0.47803580094299974 9.192996171980764E-4
through 0.0019230769230769232 1.2378743560016172 0.0023805276076954178
an 0.0038461538461538464 0.16251892949777494 6.250728057606729E-4
allow 0.0038461538461538464 1.0216512475319812 0.0039294278751230045
list 0.0019230769230769232 0.653926467406664 0.0012575508988589693
of 0.0019230769230769232 0.1165338162559516 2.2410349279990694E-4
tags 0.0038461538461538464 0.7550225842780328 0.0029039330164539723
attributes 0.0019230769230769232 0.3566749439387324 6.859133537283316E-4
Document 0.0057692307692307696 0.38566248081198473 0.0022249758508383734
OutputSettings 0.0038461538461538464 1.1394342831883648 0.00438243955072448
outputSettings 0.0038461538461538464 1.1394342831883648 0.00438243955072448
a 0.0038461538461538464 0.16251892949777494 6.250728057606729E-4
permitted 0.0019230769230769232 2.659260036932778 0.005113961609486112
Whitelist 0.0019230769230769232 1.1086626245216111 0.0021320435086954062
as 0.0038461538461538464 0.32850406697203605 0.001263477180661677
Connection 0.0038461538461538464 1.2039728043259361 0.004630664632022831
connect 0.0019230769230769232 1.7719568419318754 0.003407609311407453
url 0.0057692307692307696 1.1086626245216111 0.006396130526086219
Creates 0.0019230769230769232 1.7147984280919266 0.0032976892847921668
new 0.0019230769230769232 0.616186139423817 0.0011849733450458018
session 0.0019230769230769232 1.9661128563728327 0.003780986262255448
with 0.0019230769230769232 0.23572233352106994 4.5331217984821145E-4
defined 0.0019230769230769232 1.1394342831883648 0.00219121977536224
request 0.0038461538461538464 1.07880966137193 0.004149267928353577
URL 0.0057692307692307696 1.1086626245216111 0.006396130526086219
boolean 0.0019230769230769232 0.653926467406664 0.0012575508988589693
isValid 0.0019230769230769232 1.7719568419318754 0.003407609311407453
Test 0.0038461538461538464 1.1394342831883648 0.00438243955072448
if 0.0038461538461538464 0.616186139423817 0.0023699466900916036
body 0.0019230769230769232 1.6607312068216509 0.0031937138592724058
has 0.0019230769230769232 0.7550225842780328 0.0014519665082269862
only 0.0019230769230769232 0.843970070294529 0.0016230193659510174
allowed 0.0038461538461538464 1.0216512475319812 0.0039294278751230045
newSession 0.0019230769230769232 2.659260036932778 0.005113961609486112
use 0.009615384615384616 0.010050335853501506 9.66378447452068E-5
parse 0.0057692307692307696 0.9675840262617057 0.0055822155361252256
File 0.0057692307692307696 0.8915981192837835 0.00514383530356029
file 0.0057692307692307696 0.8915981192837835 0.00514383530356029
charsetName 0.0019230769230769232 2.995732273553991 0.005761023602988444
Parse 0.0057692307692307696 0.9675840262617057 0.0055822155361252256
contents 0.0019230769230769232 1.1394342831883648 0.00219121977536224
parser 0.0038461538461538464 0.0 0.0
InputStream 0.0019230769230769232 1.5141277326297755 0.002911784101211107
in 0.0019230769230769232 0.1508228897345837 2.900440187203533E-4
Read 0.0038461538461538464 1.2729656758128876 0.004896021830049568
stream 0.0019230769230769232 1.3862943611198906 0.002665950694461328
html 0.0038461538461538464 0.0 0.0
into 0.0019230769230769232 0.8915981192837835 0.00171461176785343
using 0.009615384615384616 0.010050335853501506 9.66378447452068E-5
provided 0.0057692307692307696 1.1086626245216111 0.006396130526086219
int 0.0019230769230769232 1.07880966137193 0.0020746339641767885
timeoutMillis 0.0019230769230769232 2.995732273553991 0.005761023602988444
Fetch 0.0038461538461538464 1.8971199848858813 0.007296615326484159
parseBodyFragment 0.0019230769230769232 2.659260036932778 0.005113961609486112
fragment 0.0019230769230769232 1.7719568419318754 0.003407609311407453
assumption 0.0019230769230769232 2.659260036932778 0.005113961609486112
that 0.0038461538461538464 0.22314355131420976 8.582444281315761E-4
forms 0.0038461538461538464 0.9675840262617057 0.003721477024083484
Methods 0.0057692307692307696 0.18632957819149354 0.001074978335720155
inherited 0.0019230769230769232 0.9942522733438669 0.0019120236025843595
clone 0.0019230769230769232 0.8209805520698303 0.001578808753980443
equals 0.0019230769230769232 0.9942522733438669 0.0019120236025843595
finalize 0.0019230769230769232 1.07880966137193 0.0020746339641767885
getClass 0.0019230769230769232 1.07880966137193 0.0020746339641767885
hashCode 0.0019230769230769232 0.9942522733438669 0.0019120236025843595
notify 0.0019230769230769232 1.0498221244986776 0.0020188887009589956
notifyAll 0.0019230769230769232 1.07880966137193 0.0020746339641767885
toString 0.0019230769230769232 0.9675840262617057 0.001860738512041742
wait 0.0019230769230769232 0.9942522733438669 0.0019120236025843595
Details 0.0019230769230769232 0.7550225842780328 0.0014519665082269862
will 0.0019230769230769232 0.5447271754416719 0.0010475522604647537
make 0.0038461538461538464 1.5606477482646683 0.0060024913394794936
sensible 0.0019230769230769232 2.302585092994046 0.004428048255757781
balanced 0.0019230769230769232 2.659260036932778 0.005113961609486112
document 0.0057692307692307696 0.38566248081198473 0.0022249758508383734
tree 0.0038461538461538464 0.0408219945202552 1.570076712317508E-4
out 0.0019230769230769232 0.9675840262617057 0.001860738512041742
any 0.0019230769230769232 0.5978370007556204 0.0011496865399146547
Parameters 0.0019230769230769232 0.5978370007556204 0.0011496865399146547
where 0.0019230769230769232 1.4271163556401458 0.002744454530077204
was 0.011538461538461539 0.18632957819149354 0.00214995667144031
retrieved 0.0019230769230769232 2.407945608651872 0.00463066463202283
Used 0.009615384615384616 0.010050335853501506 9.66378447452068E-5
resolve 0.0019230769230769232 2.0402208285265546 0.003923501593320298
relative 0.0019230769230769232 1.7719568419318754 0.003407609311407453
URLs 0.0057692307692307696 1.1086626245216111 0.006396130526086219
absolute 0.0019230769230769232 1.9661128563728327 0.003780986262255448
occur 0.0038461538461538464 1.5141277326297755 0.005823568202422214
before 0.0019230769230769232 1.8325814637483102 0.0035241951225929045
declares 0.0019230769230769232 2.995732273553991 0.005761023602988444
base 0.0019230769230769232 0.9162907318741551 0.0017620975612964523
href 0.0019230769230769232 1.5606477482646683 0.0030012456697397468
tag 0.0038461538461538464 0.7550225842780328 0.0029039330164539723
Returns 0.0019230769230769232 0.9942522733438669 0.0019120236025843595
sane 0.0019230769230769232 2.995732273553991 0.005761023602988444
You 0.0038461538461538464 0.9162907318741551 0.0035241951225929045
can 0.0019230769230769232 0.7339691750802005 0.0014114791828465395
provide 0.0057692307692307696 1.1086626245216111 0.006396130526086219
alternate 0.0019230769230769232 1.9661128563728327 0.003780986262255448
such 0.0019230769230769232 1.5141277326297755 0.002911784101211107
simple 0.0019230769230769232 1.4271163556401458 0.002744454530077204
XML 0.0019230769230769232 1.2039728043259361 0.0023153323160114156
non 0.0019230769230769232 1.8971199848858813 0.0036483076632420797
As 0.0038461538461538464 0.32850406697203605 0.001263477180661677
no 0.0038461538461538464 0.5798184952529422 0.002230071135588239
URI 0.0019230769230769232 1.5606477482646683 0.0030012456697397468
is 0.011538461538461539 0.18632957819149354 0.00214995667144031
specified 0.0019230769230769232 0.9675840262617057 0.001860738512041742
resolution 0.0019230769230769232 2.659260036932778 0.005113961609486112
required 0.0019230769230769232 1.3093333199837622 0.002517948692276466
relies 0.0019230769230769232 2.659260036932778 0.005113961609486112
on 0.0019230769230769232 0.5447271754416719 0.0010475522604647537
including 0.0019230769230769232 1.0498221244986776 0.0020188887009589956
See 0.0038461538461538464 0.3566749439387324 0.0013718267074566632
Also 0.0019230769230769232 0.5108256237659907 9.823569687807514E-4
fetch 0.0038461538461538464 1.8971199848858813 0.007296615326484159
page 0.0038461538461538464 0.843970070294529 0.0032460387319020348
examples 0.0038461538461538464 0.616186139423817 0.0023699466900916036
doc 0.0019230769230769232 1.8325814637483102 0.0035241951225929045
http 0.007692307692307693 1.0216512475319812 0.007858855750246009
example 0.0038461538461538464 0.616186139423817 0.0023699466900916036
com 0.0019230769230769232 1.8325814637483102 0.0035241951225929045
userAgent 0.0019230769230769232 2.407945608651872 0.00463066463202283
Mozilla 0.0019230769230769232 2.5257286443082556 0.004857170469823569
data 0.0019230769230769232 0.5978370007556204 0.0011496865399146547
name 0.0019230769230769232 0.6931471805599453 0.001332975347230664
get 0.0057692307692307696 0.6733445532637655 0.0038846801149832627
cookie 0.0038461538461538464 2.207274913189721 0.008489518896883543
auth 0.0019230769230769232 2.0402208285265546 0.003923501593320298
token 0.0019230769230769232 2.407945608651872 0.00463066463202283
post 0.0019230769230769232 1.7719568419318754 0.003407609311407453
protocol 0.0019230769230769232 2.0402208285265546 0.003923501593320298
must 0.0019230769230769232 1.1086626245216111 0.0021320435086954062
be 0.011538461538461539 0.18632957819149354 0.00214995667144031
or 0.0019230769230769232 0.2613647641344075 5.026245464123222E-4
https 0.0038461538461538464 1.6607312068216509 0.0063874277185448115
connection 0.0038461538461538464 1.2039728043259361 0.004630664632022831
add 0.0019230769230769232 1.171182981502945 0.0022522749644287407
cookies 0.0038461538461538464 2.207274913189721 0.008489518896883543
headers 0.0038461538461538464 2.0402208285265546 0.007847003186640595
set 0.0038461538461538464 0.4620354595965586 0.001777059459986764
user 0.0019230769230769232 1.0216512475319812 0.0019647139375615023
agent 0.0019230769230769232 2.407945608651872 0.00463066463202283
referrer 0.0019230769230769232 2.407945608651872 0.00463066463202283
method 0.0057692307692307696 0.18632957819149354 0.001074978335720155
then 0.0019230769230769232 1.2378743560016172 0.0023805276076954178
execute 0.0038461538461538464 1.9661128563728327 0.007561972524510896
newRequest 0.0019230769230769232 2.407945608651872 0.00463066463202283
settings 0.0019230769230769232 1.171182981502945 0.0022522749644287407
timeouts 0.0038461538461538464 1.8971199848858813 0.007296615326484159
etc 0.0019230769230769232 1.8971199848858813 0.0036483076632420797
maintained 0.0019230769230769232 2.407945608651872 0.00463066463202283
for 0.0038461538461538464 0.083381608939051 3.2069849591942695E-4
timeout 0.0038461538461538464 1.8971199848858813 0.007296615326484159
FooBar 0.0019230769230769232 2.995732273553991 0.005761023602988444
ref 0.0019230769230769232 2.120263536200091 0.0040774298773078674
en 0.0019230769230769232 2.5257286443082556 0.004857170469823569
wikipedia 0.0019230769230769232 2.302585092994046 0.004428048255757781
wiki 0.0019230769230769232 2.995732273553991 0.005761023602988444
Main 0.0019230769230769232 1.2378743560016172 0.0023805276076954178
Page 0.0038461538461538464 0.843970070294529 0.0032460387319020348
con 0.0019230769230769232 2.995732273553991 0.005761023602988444
For 0.0038461538461538464 0.083381608939051 3.2069849591942695E-4
multi 0.0019230769230769232 1.8325814637483102 0.0035241951225929045
threaded 0.0019230769230769232 2.995732273553991 0.005761023602988444
requests 0.0038461538461538464 1.07880966137193 0.004149267928353577
this 0.0019230769230769232 0.3424903089467759 6.586352095130306E-4
between 0.0019230769230769232 1.7147984280919266 0.0032976892847921668
threads 0.0019230769230769232 2.302585092994046 0.004428048255757781
but 0.0019230769230769232 0.8209805520698303 0.001578808753980443
take 0.0019230769230769232 2.120263536200091 0.0040774298773078674
care 0.0019230769230769232 2.8134107167600364 0.005410405224538532
call 0.0019230769230769232 2.120263536200091 0.0040774298773078674
per 0.0019230769230769232 1.7147984280919266 0.0032976892847921668
not 0.0019230769230769232 0.3424903089467759 6.586352095130306E-4
share 0.0019230769230769232 2.207274913189721 0.004244759448441771
instance 0.0019230769230769232 1.7719568419318754 0.003407609311407453
when 0.0019230769230769232 0.843970070294529 0.0016230193659510174
executing 0.0038461538461538464 1.9661128563728327 0.007561972524510896
Since 0.0019230769230769232 1.8971199848858813 0.0036483076632420797
Nullable 0.0019230769230769232 1.6607312068216509 0.0031937138592724058
throws 0.0057692307692307696 1.4271163556401458 0.00823336359023161
IOException 0.0019230769230769232 1.4696759700589417 0.002826299942421042
load 0.0019230769230769232 1.8971199848858813 0.0036483076632420797
Supports 0.0019230769230769232 1.5606477482646683 0.0030012456697397468
gzipped 0.0019230769230769232 2.995732273553991 0.005761023602988444
files 0.0057692307692307696 0.8915981192837835 0.00514383530356029
ending 0.0019230769230769232 2.659260036932778 0.005113961609486112
z 0.0019230769230769232 2.302585092994046 0.004428048255757781
gz 0.0019230769230769232 2.995732273553991 0.005761023602988444
optional 0.0019230769230769232 2.120263536200091 0.0040774298773078674
character 0.0019230769230769232 1.3093333199837622 0.002517948692276466
Set 0.0038461538461538464 0.4620354595965586 0.001777059459986764
null 0.0019230769230769232 1.2039728043259361 0.0023153323160114156
determine 0.0038461538461538464 1.8325814637483102 0.007048390245185809
equiv 0.0019230769230769232 2.995732273553991 0.005761023602988444
meta 0.0019230769230769232 2.407945608651872 0.00463066463202283
present 0.0019230769230769232 1.7719568419318754 0.003407609311407453
fall 0.0038461538461538464 2.995732273553991 0.011522047205976889
back 0.0019230769230769232 1.7719568419318754 0.003407609311407453
UTF 0.0019230769230769232 2.407945608651872 0.00463066463202283
which 0.0019230769230769232 0.7550225842780328 0.0014519665082269862
often 0.0019230769230769232 2.8134107167600364 0.005410405224538532
do 0.0038461538461538464 0.43078291609245434 0.001656857369586363
against 0.0019230769230769232 1.4271163556401458 0.002744454530077204
Throws 0.0057692307692307696 1.4271163556401458 0.00823336359023161
could 0.0019230769230769232 2.407945608651872 0.00463066463202283
found 0.0019230769230769232 1.5141277326297755 0.002911784101211107
read 0.0038461538461538464 1.2729656758128876 0.004896021830049568
invalid 0.0019230769230769232 1.3862943611198906 0.002665950694461328
location 0.0019230769230769232 1.7147984280919266 0.0032976892847921668
used 0.009615384615384616 0.010050335853501506 9.66378447452068E-5
qualify 0.0019230769230769232 2.995732273553991 0.005761023602988444
Make 0.0038461538461538464 1.5606477482646683 0.0060024913394794936
sure 0.0019230769230769232 2.207274913189721 0.004244759448441771
close 0.0019230769230769232 1.9661128563728327 0.003780986262255448
after 0.0019230769230769232 1.5606477482646683 0.0030012456697397468
Provided 0.0057692307692307696 1.1086626245216111 0.006396130526086219
compatibility 0.0019230769230769232 1.6607312068216509 0.0031937138592724058
most 0.0019230769230769232 1.8325814637483102 0.0035241951225929045
cases 0.0019230769230769232 1.6607312068216509 0.0031937138592724058
instead 0.0019230769230769232 1.6607312068216509 0.0031937138592724058
encoding 0.0019230769230769232 1.6607312068216509 0.0031937138592724058
determined 0.0038461538461538464 1.8325814637483102 0.007048390245185809
content 0.0019230769230769232 0.44628710262841953 8.582444281315761E-4
type 0.0038461538461538464 0.44628710262841953 0.0017164888562631521
header 0.0038461538461538464 2.0402208285265546 0.007847003186640595
falls 0.0038461538461538464 2.995732273553991 0.011522047205976889
GET 0.0057692307692307696 0.6733445532637655 0.0038846801149832627
milliseconds 0.0019230769230769232 2.207274913189721 0.004244759448441771
If 0.0038461538461538464 0.616186139423817 0.0023699466900916036
exceeded 0.0019230769230769232 2.995732273553991 0.005761023602988444
thrown 0.0057692307692307696 1.4271163556401458 0.00823336359023161
parsed 0.0019230769230769232 2.407945608651872 0.00463066463202283
MalformedURLException 0.0019230769230769232 2.302585092994046 0.004428048255757781
HTTP 0.007692307692307693 1.0216512475319812 0.007858855750246009
HTTPS 0.0038461538461538464 1.6607312068216509 0.0063874277185448115
otherwise 0.0019230769230769232 1.2378743560016172 0.0023805276076954178
malformed 0.0019230769230769232 2.407945608651872 0.00463066463202283
HttpStatusException 0.0019230769230769232 1.6607312068216509 0.0031937138592724058
response 0.0019230769230769232 1.2729656758128876 0.002448010915024784
OK 0.0019230769230769232 2.0402208285265546 0.003923501593320298
errors 0.0038461538461538464 1.3862943611198906 0.005331901388922656
are 0.011538461538461539 0.18632957819149354 0.00214995667144031
ignored 0.0019230769230769232 2.5257286443082556 0.004857170469823569
UnsupportedMimeTypeException 0.0019230769230769232 1.7719568419318754 0.003407609311407453
mime 0.0019230769230769232 1.9661128563728327 0.003780986262255448
supported 0.0019230769230769232 1.6607312068216509 0.0031937138592724058
those 0.0019230769230769232 1.6607312068216509 0.0031937138592724058
SocketTimeoutException 0.0019230769230769232 2.302585092994046 0.004428048255757781
times 0.0019230769230769232 2.407945608651872 0.00463066463202283
error 0.0038461538461538464 1.3862943611198906 0.005331901388922656
occurs 0.0038461538461538464 1.5141277326297755 0.005823568202422214
elements 0.0019230769230769232 0.8675005677047231 0.001668270322509083
Cleaner 0.0038461538461538464 0.9162907318741551 0.0035241951225929045
Note 0.0019230769230769232 1.3093333199837622 0.002517948692276466
does 0.0038461538461538464 0.43078291609245434 0.001656857369586363
removed 0.0019230769230769232 1.2378743560016172 0.0023805276076954178
unless 0.0019230769230769232 2.120263536200091 0.0040774298773078674
contains 0.0019230769230769232 0.5798184952529422 0.0011150355677941196
you 0.0038461538461538464 0.9162907318741551 0.0035241951225929045
wish 0.0019230769230769232 2.659260036932778 0.005113961609486112
preserve 0.0019230769230769232 1.7719568419318754 0.003407609311407453
baseHref 0.0019230769230769232 2.995732273553991 0.005761023602988444
enable 0.0019230769230769232 1.6094379124341003 0.0030950729085271163
preserveRelativeLinks 0.0019230769230769232 1.8971199848858813 0.0036483076632420797
treated 0.0019230769230769232 1.8325814637483102 0.0035241951225929045
s 0.011538461538461539 0.18632957819149354 0.00214995667144031
expected 0.0019230769230769232 2.207274913189721 0.004244759448441771
cleaned 0.0038461538461538464 1.4271163556401458 0.005488909060154408
within 0.0019230769230769232 1.8325814637483102 0.0035241951225929045
existing 0.0019230769230769232 1.2729656758128876 0.002448010915024784
want 0.0019230769230769232 1.7719568419318754 0.003407609311407453
full 0.0019230769230769232 1.3862943611198906 0.002665950694461328
documents 0.0057692307692307696 0.38566248081198473 0.0022249758508383734
structural 0.0019230769230769232 2.407945608651872 0.00463066463202283
head 0.0019230769230769232 1.8971199848858813 0.0036483076632420797
output 0.0019230769230769232 0.9675840262617057 0.001860738512041742
control 0.0019230769230769232 1.3470736479666094 0.0025905262460896336
pretty 0.0019230769230769232 2.407945608651872 0.00463066463202283
printing 0.0019230769230769232 1.8325814637483102 0.0035241951225929045
entity 0.0019230769230769232 2.120263536200091 0.0040774298773078674
escape 0.0019230769230769232 2.0402208285265546 0.003923501593320298
modes 0.0019230769230769232 2.302585092994046 0.004428048255757781
Useful 0.0019230769230769232 1.9661128563728327 0.003780986262255448
form 0.0038461538461538464 0.9675840262617057 0.003721477024083484
validation 0.0019230769230769232 1.7719568419318754 0.003407609311407453
should 0.0019230769230769232 1.0498221244986776 0.0020188887009589956
still 0.0019230769230769232 2.302585092994046 0.004428048255757781
run 0.0019230769230769232 1.1086626245216111 0.0021320435086954062
cleaner 0.0038461538461538464 0.9162907318741551 0.0035241951225929045
up 0.0019230769230769232 1.4271163556401458 0.002744454530077204
enforced 0.0019230769230769232 1.8971199848858813 0.0036483076632420797
tidy 0.0019230769230769232 2.302585092994046 0.004428048255757781
Assumes 0.0019230769230769232 2.207274913189721 0.004244759448441771
i 0.0038461538461538464 1.3093333199837622 0.005035897384552932
e 0.0038461538461538464 0.7765287894989963 0.002986649190380755
test 0.0038461538461538464 1.1394342831883648 0.00438243955072448
true 0.0019230769230769232 1.1086626245216111 0.0021320435086954062
were 0.011538461538461539 0.18632957819149354 0.00214995667144031
false 0.0019230769230769232 1.1394342831883648 0.00219121977536224
Copyright 0.0019230769230769232 0.06187540371808745 1.1899116099632203E-4
All 0.0019230769230769232 0.05129329438755048 9.864095074528939E-5
rights 0.0019230769230769232 0.06187540371808745 1.1899116099632203E-4
reserved 0.0019230769230769232 0.06187540371808745 1.1899116099632203E-4
ml 0.0019230769230769232 3.2188758248682006 0.006190145817054233
title 0.0019230769230769232 1.8971199848858813 0.0036483076632420797
awt 0.0019230769230769232 1.9661128563728327 0.003780986262255448
DefaultKeyboardFocusManager 0.0019230769230769232 2.995732273553991 0.005761023602988444
javax 0.0019230769230769232 1.3093333199837622 0.002517948692276466
swing 0.0019230769230769232 1.9661128563728327 0.003780986262255448
FocusManager 0.0019230769230769232 2.302585092994046 0.004428048255757781
DefaultFocusManager 0.0019230769230769232 2.8134107167600364 0.005410405224538532
LayoutStyle 0.0019230769230769232 2.302585092994046 0.004428048255757781
LookAndFeel 0.0019230769230769232 2.302585092994046 0.004428048255757781
MenuSelectionManager 0.0019230769230769232 2.302585092994046 0.004428048255757781
event 0.0019230769230769232 1.6094379124341003 0.0030950729085271163
MouseAdapter 0.0019230769230769232 2.995732273553991 0.005761023602988444
implements 0.0019230769230769232 0.6931471805599453 0.001332975347230664
MouseListener 0.0019230769230769232 2.659260036932778 0.005113961609486112
MouseMotionListener 0.0019230769230769232 2.659260036932778 0.005113961609486112
MouseWheelListener 0.0019230769230769232 2.659260036932778 0.005113961609486112
ToolTipManager 0.0019230769230769232 2.302585092994046 0.004428048255757781
OverlayLayout 0.0019230769230769232 2.5257286443082556 0.004857170469823569
LayoutManager 0.0019230769230769232 2.5257286443082556 0.004857170469823569
io 0.0019230769230769232 1.5606477482646683 0.0030012456697397468
Serializable 0.0019230769230769232 1.4271163556401458 0.002744454530077204
Popup 0.0019230769230769232 2.302585092994046 0.004428048255757781
PopupFactory 0.0019230769230769232 2.5257286443082556 0.004857170469823569
ProgressMonitor 0.0019230769230769232 2.302585092994046 0.004428048255757781
accessibility 0.0019230769230769232 1.9661128563728327 0.003780986262255448
Accessible 0.0019230769230769232 2.407945608651872 0.00463066463202283
RepaintManager 0.0019230769230769232 2.302585092994046 0.004428048255757781
RowFilter 0.0019230769230769232 2.302585092994046 0.004428048255757781
M 0.0019230769230769232 1.8971199848858813 0.0036483076632420797
I 0.0038461538461538464 1.3093333199837622 0.005035897384552932
Entry 0.0019230769230769232 1.6607312068216509 0.0031937138592724058
RowSorter 0.0019230769230769232 2.302585092994046 0.004428048255757781
DefaultRowSorter 0.0019230769230769232 2.302585092994046 0.004428048255757781
SortKey 0.0019230769230769232 2.5257286443082556 0.004857170469823569
ScrollPaneLayout 0.0019230769230769232 2.120263536200091 0.0040774298773078674
ScrollPaneConstants 0.0019230769230769232 2.5257286443082556 0.004857170469823569
UIResource 0.0019230769230769232 2.5257286443082556 0.004857170469823569
plaf 0.0019230769230769232 2.0402208285265546 0.003923501593320298
SizeRequirements 0.0019230769230769232 2.302585092994046 0.004428048255757781
SizeSequence 0.0019230769230769232 2.8134107167600364 0.005410405224538532
Spring 0.0019230769230769232 2.5257286443082556 0.004857170469823569
SpringLayout 0.0019230769230769232 2.302585092994046 0.004428048255757781
Constraints 0.0019230769230769232 2.120263536200091 0.0040774298773078674
SwingUtilities 0.0019230769230769232 2.5257286443082556 0.004857170469823569
SwingConstants 0.0019230769230769232 2.5257286443082556 0.004857170469823569
SwingWorker 0.0019230769230769232 2.302585092994046 0.004428048255757781
T 0.0019230769230769232 1.2729656758128876 0.002448010915024784
V 0.0019230769230769232 1.3470736479666094 0.0025905262460896336
util 0.0019230769230769232 1.2729656758128876 0.002448010915024784
concurrent 0.0019230769230769232 2.5257286443082556 0.004857170469823569
RunnableFuture 0.0019230769230769232 2.995732273553991 0.005761023602988444
Throwable 0.0019230769230769232 1.9661128563728327 0.003780986262255448
Exception 0.0019230769230769232 1.4271163556401458 0.002744454530077204
UnsupportedLookAndFeelException 0.0019230769230769232 2.5257286443082556 0.004857170469823569
Timer 0.0019230769230769232 2.120263536200091 0.0040774298773078674
insideTimerAction 0.0019230769230769232 2.8134107167600364 0.005410405224538532
ActionListener 0.0019230769230769232 2.0402208285265546 0.003923501593320298
outsideTimerAction 0.0019230769230769232 2.8134107167600364 0.005410405224538532
stillInsideTimerAction 0.0019230769230769232 2.8134107167600364 0.005410405224538532
TransferHandler 0.0019230769230769232 2.5257286443082556 0.004857170469823569
DropLocation 0.0019230769230769232 2.5257286443082556 0.004857170469823569
JList 0.0019230769230769232 2.120263536200091 0.0040774298773078674
JTable 0.0019230769230769232 1.9661128563728327 0.003780986262255448
JTree 0.0019230769230769232 2.120263536200091 0.0040774298773078674
TransferSupport 0.0019230769230769232 2.5257286443082556 0.004857170469823569
UIDefaults 0.0019230769230769232 2.302585092994046 0.004428048255757781
LazyInputMap 0.0019230769230769232 2.8134107167600364 0.005410405224538532
LazyValue 0.0019230769230769232 2.5257286443082556 0.004857170469823569
ProxyLazyValue 0.0019230769230769232 2.8134107167600364 0.005410405224538532
UIManager 0.0019230769230769232 2.120263536200091 0.0040774298773078674
LookAndFeelInfo 0.0019230769230769232 2.5257286443082556 0.004857170469823569
ViewportLayout 0.0019230769230769232 2.5257286443082556 0.004857170469823569
WindowAdapter 0.0019230769230769232 2.995732273553991 0.005761023602988444
WindowFocusListener 0.0019230769230769232 2.659260036932778 0.005113961609486112
WindowListener 0.0019230769230769232 2.659260036932778 0.005113961609486112
WindowStateListener 0.0019230769230769232 2.659260036932778 0.005113961609486112
JMenu 0.0019230769230769232 2.302585092994046 0.004428048255757781
WinListener 0.0019230769230769232 2.8134107167600364 0.005410405224538532
Interface 0.0019230769230769232 0.653926467406664 0.0012575508988589693
Hierarchy 0.0019230769230769232 1.5606477482646683 0.0030012456697397468
BoundedRangeModel 0.0019230769230769232 2.302585092994046 0.004428048255757781
CellEditor 0.0019230769230769232 2.302585092994046 0.004428048255757781
ComboBoxEditor 0.0019230769230769232 2.302585092994046 0.004428048255757781
DesktopManager 0.0019230769230769232 2.302585092994046 0.004428048255757781
EventListener 0.0019230769230769232 2.659260036932778 0.005113961609486112
Action 0.0019230769230769232 2.0402208285265546 0.003923501593320298
Icon 0.0019230769230769232 2.0402208285265546 0.003923501593320298
ItemSelectable 0.0019230769230769232 2.659260036932778 0.005113961609486112
ButtonModel 0.0019230769230769232 2.302585092994046 0.004428048255757781
JComboBox 0.0019230769230769232 2.302585092994046 0.004428048255757781
KeySelectionManager 0.0019230769230769232 2.5257286443082556 0.004857170469823569
ListCellRenderer 0.0019230769230769232 2.5257286443082556 0.004857170469823569
E 0.0038461538461538464 0.7765287894989963 0.002986649190380755
ListModel 0.0019230769230769232 2.302585092994046 0.004428048255757781
ComboBoxModel 0.0019230769230769232 2.5257286443082556 0.004857170469823569
MutableComboBoxModel 0.0019230769230769232 2.302585092994046 0.004428048255757781
ListSelectionModel 0.0019230769230769232 2.302585092994046 0.004428048255757781
MenuElement 0.0019230769230769232 2.5257286443082556 0.004857170469823569
Painter 0.0019230769230769232 2.302585092994046 0.004428048255757781
Renderer 0.0019230769230769232 2.5257286443082556 0.004857170469823569
RootPaneContainer 0.0019230769230769232 2.5257286443082556 0.004857170469823569
Scrollable 0.0019230769230769232 2.120263536200091 0.0040774298773078674
SingleSelectionModel 0.0019230769230769232 2.302585092994046 0.004428048255757781
SpinnerModel 0.0019230769230769232 2.302585092994046 0.004428048255757781
ActiveValue 0.0019230769230769232 2.8134107167600364 0.005410405224538532
WindowConstants 0.0019230769230769232 2.5257286443082556 0.004857170469823569
Enum 0.0019230769230769232 1.5141277326297755 0.002911784101211107
Comparable 0.0019230769230769232 2.120263536200091 0.0040774298773078674
GroupLayout 0.0019230769230769232 2.302585092994046 0.004428048255757781
Alignment 0.0019230769230769232 2.120263536200091 0.0040774298773078674
SortOrder 0.0019230769230769232 2.5257286443082556 0.004857170469823569
StateValue 0.0019230769230769232 2.5257286443082556 0.004857170469823569
DropMode 0.0019230769230769232 2.5257286443082556 0.004857170469823569
ComponentPlacement 0.0019230769230769232 2.302585092994046 0.004428048255757781
ComparisonType 0.0019230769230769232 2.5257286443082556 0.004857170469823569
PrintMode 0.0019230769230769232 2.5257286443082556 0.004857170469823569
Platform 0.0019230769230769232 1.07880966137193 0.0020746339641767885
Standard 0.0019230769230769232 1.1394342831883648 0.00219121977536224
Ed 0.0019230769230769232 1.2729656758128876 0.002448010915024784
Prev 0.0019230769230769232 1.2729656758128876 0.002448010915024784
Next 0.0019230769230769232 1.171182981502945 0.0022522749644287407
Frames 0.0019230769230769232 1.3470736479666094 0.0025905262460896336
No 0.0038461538461538464 0.5798184952529422 0.002230071135588239
Classes 0.0057692307692307696 0.06187540371808745 3.569734829889661E-4
Submit 0.0019230769230769232 1.07880966137193 0.0020746339641767885
bug 0.0019230769230769232 1.1086626245216111 0.0021320435086954062
feature 0.0019230769230769232 1.1394342831883648 0.00219121977536224
further 0.0019230769230769232 0.9416085398584451 0.001810785653573933
reference 0.0019230769230769232 0.843970070294529 0.0016230193659510174
developer 0.0019230769230769232 1.07880966137193 0.0020746339641767885
documentation 0.0038461538461538464 0.9416085398584451 0.003621571307147866
see 0.0038461538461538464 0.3566749439387324 0.0013718267074566632
SE 0.0019230769230769232 1.1086626245216111 0.0021320435086954062
Documentation 0.0038461538461538464 0.9416085398584451 0.003621571307147866
That 0.0038461538461538464 0.22314355131420976 8.582444281315761E-4
more 0.0019230769230769232 0.7339691750802005 0.0014114791828465395
detailed 0.0019230769230769232 1.0498221244986776 0.0020188887009589956
targeted 0.0019230769230769232 1.171182981502945 0.0022522749644287407
descriptions 0.0038461538461538464 0.18632957819149354 7.166522238134368E-4
conceptual 0.0019230769230769232 1.171182981502945 0.0022522749644287407
overviews 0.0019230769230769232 1.171182981502945 0.0022522749644287407
definitions 0.0019230769230769232 0.7765287894989963 0.0014933245951903775
terms 0.0019230769230769232 1.0216512475319812 0.0019647139375615023
workarounds 0.0019230769230769232 1.171182981502945 0.0022522749644287407
working 0.0019230769230769232 0.9942522733438669 0.0019120236025843595
code 0.0019230769230769232 0.5108256237659907 9.823569687807514E-4
Oracle 0.0019230769230769232 0.8915981192837835 0.00171461176785343
its 0.0019230769230769232 0.8675005677047231 0.001668270322509083
affiliates 0.0019230769230769232 1.171182981502945 0.0022522749644287407
subject 0.0019230769230769232 1.1394342831883648 0.00219121977536224
license 0.0019230769230769232 1.1086626245216111 0.0021320435086954062
redistribution 0.0019230769230769232 1.171182981502945 0.0022522749644287407
policy 0.0019230769230769232 1.0216512475319812 0.0019647139375615023
Scripting 0.0019230769230769232 1.0216512475319812 0.0019647139375615023
tracks 0.0019230769230769232 1.07880966137193 0.0020746339641767885
web 0.0019230769230769232 0.8209805520698303 0.001578808753980443
traffic 0.0019230769230769232 1.1086626245216111 0.0021320435086954062
change 0.0019230769230769232 0.9162907318741551 0.0017620975612964523
way 0.0019230769230769232 1.1086626245216111 0.0021320435086954062
