Safelist 0.028800583302952973 0.9162907318741551 0.026389707553065352
jsoup 0.002187386073641998 0.0 0.0
Java 0.034633612832664966 0.010050335853501506 3.480794407884226E-4
HTML 0.005833029529711994 0.0 0.0
Parser 3.645643456069996E-4 0.0 0.0
API 7.291286912139992E-4 0.0 0.0
Skip 7.291286912139992E-4 0.06187540371808745 4.5115132131306924E-5
navigation 7.291286912139992E-4 0.06187540371808745 4.5115132131306924E-5
links 0.005103900838497995 0.0408219945202552 2.0835141206109107E-4
Overview 0.001093693036820999 0.06187540371808745 6.76726981969604E-5
Package 0.0014582573824279985 0.06187540371808745 9.023026426261385E-5
Class 0.004739336492890996 0.06187540371808745 2.9324835885349506E-4
Use 0.002187386073641998 0.010050335853501506 2.1983964681374055E-5
Tree 0.0025519504192489974 0.0408219945202552 1.0417570603054554E-4
Deprecated 0.001093693036820999 0.06187540371808745 6.76726981969604E-5
Index 0.001093693036820999 0.06187540371808745 6.76726981969604E-5
Help 0.001093693036820999 0.05129329438755048 5.609911890727359E-5
org 7.291286912139992E-4 0.05129329438755048 3.7399412604849056E-5
safety 7.291286912139992E-4 0.9162907318741551 6.680938621029202E-4
java 0.034633612832664966 0.010050335853501506 3.480794407884226E-4
lang 0.005468465184104995 0.653926467406664 0.003575974119978112
Object 0.0014582573824279985 0.43078291609245434 6.281923676156825E-4
Direct 3.645643456069996E-4 2.302585092994046 8.394404276318067E-4
Known 3.645643456069996E-4 2.120263536200091 7.729724885891691E-4
Subclasses 3.645643456069996E-4 2.659260036932778 9.694713951632438E-4
Whitelist 3.645643456069996E-4 1.1086626245216111 4.041788642076599E-4
public 0.006197593875318994 0.6931471805599453 0.004295844720932945
class 0.005103900838497995 0.06187540371808745 3.158059249191485E-4
extends 7.291286912139992E-4 0.616186139423817 4.492789933822945E-4
Safe 3.645643456069996E-4 1.3093333199837622 4.773362449813205E-4
lists 0.005468465184104995 0.5798184952529422 0.0031707172543908612
define 7.291286912139992E-4 0.9942522733438669 7.24937858799757E-4
what 7.291286912139992E-4 1.5141277326297755 0.0011039939720231683
elements 0.007291286912139993 0.4620354595965586 0.003368833099500974
and 0.007291286912139993 0.09431067947124142 6.876462229036924E-4
attributes 0.02807145461173897 0.3147107448397002 0.008834388389594208
to 0.014582573824279986 0.17435338714477774 0.0025425211395519905
allow 0.017499088589135983 0.9942522733438669 0.01739850861119417
through 7.291286912139992E-4 1.2378743560016172 9.025697090788313E-4
the 0.02005103900838498 0.10536051565782635 0.0021125878093986327
cleaner 0.001093693036820999 0.9162907318741551 0.0010021407931543804
Everything 3.645643456069996E-4 3.912023005428146 0.00142618410697344
else 3.645643456069996E-4 3.2188758248682006 0.0011734873586832666
is 0.013853445133065986 0.18632957819149354 0.002581306588143184
removed 0.006197593875318994 0.9675840262617057 0.0059966928350160395
Start 0.001093693036820999 2.0402208285265546 0.002231375313736662
with 0.004374772147283996 0.23572233352106994 0.0010312314991807654
one 3.645643456069996E-4 1.07880966137193 3.9329553823256653E-4
of 0.008020415603353991 0.1165338162559516 9.346496382176213E-4
defaults 0.0018228217280349982 1.0216512475319812 0.0018622880924753578
none 0.0014582573824279985 1.7719568419318754 0.0025839691460909594
simpleText 0.0018228217280349982 2.302585092994046 0.004197202138159034
basic 0.0025519504192489974 1.4696759700589417 0.003750540207952093
basicWithImages 0.0018228217280349982 2.302585092994046 0.004197202138159034
relaxed 0.0018228217280349982 2.302585092994046 0.004197202138159034
If 0.006562158220925993 0.616186139423817 0.004043510940440651
you 0.0025519504192489974 0.9162907318741551 0.002338328517360221
need 3.645643456069996E-4 1.7147984280919266 6.251543667852448E-4
more 7.291286912139992E-4 0.7339691750802005 5.351579840176453E-4
please 7.291286912139992E-4 1.8971199848858813 0.0013832446116557647
be 0.013853445133065986 0.18632957819149354 0.002581306588143184
careful 0.001093693036820999 3.912023005428146 0.00427855232092032
tweak 3.645643456069996E-4 3.912023005428146 0.00142618410697344
a 0.03025884068538097 0.16251892949777494 0.004917634396031834
base 0.001093693036820999 0.9162907318741551 0.0010021407931543804
safelist 0.029165147648559972 0.9162907318741551 0.02672375448411681
addTags 0.0014582573824279985 2.302585092994046 0.003357761710527227
String 0.021144732045205977 0.4155154439616658 0.008785962723214222
tagNames 7.291286912139992E-4 3.912023005428146 0.00285236821394688
addAttributes 0.002187386073641998 2.120263536200091 0.004637834931535015
tagName 0.0032810791104629965 2.302585092994046 0.007554963848686261
addEnforcedAttribute 0.0018228217280349982 2.302585092994046 0.004197202138159034
attribute 0.02807145461173897 0.3147107448397002 0.008834388389594208
value 0.0025519504192489974 0.4620354595965586 0.0011790915848253409
addProtocols 0.0025519504192489974 2.302585092994046 0.0058760829934226474
protocols 0.006926722566532993 1.6607312068216509 0.0115034243272371
You 0.0025519504192489974 0.9162907318741551 0.002338328517360221
can 0.0014582573824279985 0.7339691750802005 0.0010703159680352907
remove 0.006197593875318994 0.9675840262617057 0.0059966928350160395
any 0.001093693036820999 0.5978370007556204 6.538501648803723E-4
setting 7.291286912139992E-4 1.6607312068216509 0.0012108867712881158
from 0.0036456434560699965 0.38566248081198473 0.0014059878994239327
an 0.03025884068538097 0.16251892949777494 0.004917634396031834
existing 0.001093693036820999 1.2729656758128876 0.0013922336957486923
removeTags 0.0014582573824279985 2.302585092994046 0.003357761710527227
removeAttributes 0.002187386073641998 2.302585092994046 0.00503664256579084
removeEnforcedAttribute 0.0014582573824279985 2.302585092994046 0.003357761710527227
removeProtocols 0.0032810791104629965 2.302585092994046 0.007554963848686261
The 0.02005103900838498 0.10536051565782635 0.0021125878093986327
these 3.645643456069996E-4 1.5141277326297755 5.519969860115841E-4
safelists 0.029165147648559972 0.9162907318741551 0.02672375448411681
assume 3.645643456069996E-4 3.2188758248682006 0.0011734873586832666
that 0.002916514764855997 0.22314355131420976 6.508014620902945E-4
want 3.645643456069996E-4 1.7719568419318754 6.459922865227399E-4
clean 0.001093693036820999 1.4271163556401458 0.0015608272208969879
body 0.0014582573824279985 1.6607312068216509 0.0024217735425762317
fragment 3.645643456069996E-4 1.7719568419318754 6.459922865227399E-4
add 0.005103900838497995 0.8675005677047231 0.004427636874905622
user 3.645643456069996E-4 1.0216512475319812 3.7245761849507154E-4
supplied 0.0018228217280349982 1.5141277326297755 0.0027599849300579214
into 3.645643456069996E-4 0.8915981192837835 3.2504488490112414E-4
templated 3.645643456069996E-4 3.912023005428146 0.00142618410697344
page 0.0014582573824279985 0.843970070294529 0.0012307255855552738
not 0.002916514764855997 0.3424903089467759 9.988780428633638E-4
full 0.001093693036820999 1.3862943611198906 0.0015161804897410396
document 0.001093693036820999 0.40047756659712536 4.3799952599029386E-4
latter 3.645643456069996E-4 3.912023005428146 0.00142618410697344
case 3.645643456069996E-4 1.3470736479666094 4.910950229553807E-4
either 3.645643456069996E-4 1.8971199848858813 6.916223058278824E-4
wrap 3.645643456069996E-4 2.995732273553991 0.0010921371759219799
around 3.645643456069996E-4 2.0402208285265546 7.43791771245554E-4
cleaned 0.001093693036820999 1.4271163556401458 0.0015608272208969879
or 0.0025519504192489974 0.2613647641344075 6.669899194097165E-4
create 0.001093693036820999 0.8915981192837835 9.751346547033725E-4
allows 0.017499088589135983 0.9942522733438669 0.01739850861119417
html 0.005833029529711994 0.0 0.0
head 3.645643456069996E-4 1.8971199848858813 6.916223058278824E-4
as 0.0014582573824279985 0.32850406697203605 4.790434808195932E-4
appropriate 0.002187386073641998 2.120263536200091 0.004637834931535015
are 0.013853445133065986 0.18632957819149354 0.002581306588143184
going 3.645643456069996E-4 2.8134107167600364 0.0010256692368793424
extend 7.291286912139992E-4 0.616186139423817 4.492789933822945E-4
very 3.645643456069996E-4 2.207274913189721 8.046937343017576E-4
Make 0.0018228217280349982 1.3093333199837622 0.0023866812249066028
sure 3.645643456069996E-4 2.207274913189721 8.046937343017576E-4
understand 3.645643456069996E-4 3.2188758248682006 0.0011734873586832666
may 3.645643456069996E-4 1.07880966137193 3.9329553823256653E-4
lead 3.645643456069996E-4 3.912023005428146 0.00142618410697344
XSS 0.001093693036820999 2.5257286443082556 0.002762371831179281
attack 7.291286912139992E-4 3.2188758248682006 0.0023469747173665333
vectors 3.645643456069996E-4 3.506557897319982 0.0012783659851695157
URL 0.005833029529711994 1.1086626245216111 0.0064668618273225585
particularly 3.645643456069996E-4 3.912023005428146 0.00142618410697344
vulnerable 3.645643456069996E-4 3.912023005428146 0.00142618410697344
require 3.645643456069996E-4 3.2188758248682006 0.0011734873586832666
validation 3.645643456069996E-4 1.7719568419318754 6.459922865227399E-4
See 0.0018228217280349982 0.3566749439387324 6.501548376571864E-4
Filter 3.645643456069996E-4 1.9661128563728327 7.167746468730706E-4
Evasion 3.645643456069996E-4 3.912023005428146 0.00142618410697344
Cheat 3.645643456069996E-4 3.912023005428146 0.00142618410697344
Sheet 3.645643456069996E-4 3.2188758248682006 0.0011734873586832666
for 0.01020780167699599 0.083381608939051 8.511429275586686E-4
some 3.645643456069996E-4 2.0402208285265546 7.43791771245554E-4
examples 7.291286912139992E-4 0.7985076962177716 5.822148714675695E-4
will 0.006197593875318994 0.5447271754416719 0.003375997806237121
safegaurd 3.645643456069996E-4 3.912023005428146 0.00142618410697344
against 7.291286912139992E-4 1.4271163556401458 0.0010405514805979918
default 0.0018228217280349982 1.0216512475319812 0.0018622880924753578
Cleaner 0.001093693036820999 0.9162907318741551 0.0010021407931543804
configuration 3.645643456069996E-4 2.207274913189721 8.046937343017576E-4
Constructor 0.001093693036820999 0.6733445532637655 7.364322492859266E-4
Summary 7.291286912139992E-4 0.6931471805599453 5.053934965803465E-4
Constructors 3.645643456069996E-4 0.8915981192837835 3.2504488490112414E-4
Description 0.001093693036820999 0.18632957819149354 2.0378736222183034E-4
Create 0.001093693036820999 0.8915981192837835 9.751346547033725E-4
new 0.0014582573824279985 0.616186139423817 8.98557986764589E-4
empty 7.291286912139992E-4 1.4696759700589417 0.001071582916557741
copy 0.002187386073641998 2.207274913189721 0.004828162405810545
Deep 7.291286912139992E-4 2.995732273553991 0.0021842743518439597
Method 0.0014582573824279985 0.18632957819149354 2.717164829624404E-4
Modifier 3.645643456069996E-4 0.653926467406664 2.3839827466520745E-4
Type 3.645643456069996E-4 0.44628710262841953 1.6270036552257363E-4
tag 0.025154939846882975 0.7550225842780328 0.018992547690552048
Add 0.005103900838497995 0.8675005677047231 0.004427636874905622
list 0.005468465184104995 0.5798184952529422 0.0031707172543908612
allowed 0.017499088589135983 0.9942522733438669 0.01739850861119417
enforced 0.0036456434560699965 1.8971199848858813 0.006916223058278824
element 0.007291286912139993 0.4620354595965586 0.003368833099500974
s 0.0025519504192489974 0.5447271754416719 0.0013901167437446967
tags 0.025154939846882975 0.7550225842780328 0.018992547690552048
static 0.0036456434560699965 0.5621189181535412 0.0020492851554996033
This 0.011301494713816989 0.3424903089467759 0.0038706524160955352
fuller 7.291286912139992E-4 3.2188758248682006 0.0023469747173665333
range 0.0014582573824279985 2.0402208285265546 0.002975167084982216
text 0.004010207801676996 1.1086626245216111 0.004445967506284259
nodes 0.0014582573824279985 0.7550225842780328 0.001101017257423307
b 0.002187386073641998 2.407945608651872 0.005267106690452508
blockquote 0.0014582573824279985 3.2188758248682006 0.004693949434733067
br 0.0014582573824279985 2.8134107167600364 0.00410267694751737
cite 0.0014582573824279985 3.2188758248682006 0.004693949434733067
code 0.0018228217280349982 0.5108256237659907 9.311440462376791E-4
dd 0.0014582573824279985 2.8134107167600364 0.00410267694751737
dl 0.0014582573824279985 3.2188758248682006 0.004693949434733067
dt 0.0014582573824279985 3.2188758248682006 0.004693949434733067
em 0.002187386073641998 2.8134107167600364 0.0061540154212760545
i 0.004010207801676996 1.3093333199837622 0.0052506986947945256
li 0.0014582573824279985 3.2188758248682006 0.004693949434733067
ol 0.0014582573824279985 2.659260036932778 0.003877885580652975
p 0.0014582573824279985 2.120263536200091 0.0030918899543566766
pre 0.0014582573824279985 2.5257286443082556 0.003683162441572374
q 0.0014582573824279985 2.8134107167600364 0.00410267694751737
small 0.0014582573824279985 1.9661128563728327 0.0028670985874922825
span 0.0014582573824279985 2.8134107167600364 0.00410267694751737
strike 0.0014582573824279985 3.2188758248682006 0.004693949434733067
strong 0.002187386073641998 2.659260036932778 0.005816828370979463
sub 0.0014582573824279985 2.659260036932778 0.003877885580652975
sup 0.0014582573824279985 3.2188758248682006 0.004693949434733067
u 0.002187386073641998 2.120263536200091 0.004637834931535015
ul 0.0014582573824279985 3.2188758248682006 0.004693949434733067
same 7.291286912139992E-4 0.9942522733438669 7.24937858799757E-4
also 0.0018228217280349982 0.5108256237659907 9.311440462376791E-4
img 0.0014582573824279985 2.8134107167600364 0.00410267694751737
src 7.291286912139992E-4 2.8134107167600364 0.002051338473758685
pointing 0.001093693036820999 1.7719568419318754 0.0019379768595682197
http 0.0032810791104629965 1.0216512475319812 0.0033521185664556435
https 0.0014582573824279985 1.6607312068216509 0.0024217735425762317
protected 0.0014582573824279985 1.1394342831883648 0.0016615884552509876
boolean 0.002187386073641998 0.653926467406664 0.0014303896479912447
isSafeAttribute 0.001093693036820999 2.302585092994046 0.00251832128289542
Element 0.007291286912139993 0.4620354595965586 0.003368833099500974
el 0.001093693036820999 2.5257286443082556 0.002762371831179281
Attribute 0.02807145461173897 0.3147107448397002 0.008834388389594208
attr 0.001093693036820999 1.7719568419318754 0.0019379768595682197
Test 0.0025519504192489974 1.1394342831883648 0.0029077797966892286
if 0.006562158220925993 0.616186139423817 0.004043510940440651
by 0.0018228217280349982 0.27443684570176036 5.00249445318557E-4
this 0.011301494713816989 0.3424903089467759 0.0038706524160955352
isSafeTag 0.001093693036820999 2.8134107167600364 0.0030770077106380272
only 0.0014582573824279985 0.843970070294529 0.0012307255855552738
all 0.005103900838497995 0.05129329438755048 2.6179588823394337E-4
stripped 7.291286912139992E-4 3.2188758248682006 0.0023469747173665333
preserveRelativeLinks 0.001093693036820999 1.8971199848858813 0.002074866917483647
preserve 0.002187386073641998 1.7719568419318754 0.0038759537191364393
Configure 0.0014582573824279985 2.120263536200091 0.0030918899543566766
relative 0.0018228217280349982 1.7719568419318754 0.0032299614326136996
in 0.002187386073641998 0.1508228897345837 3.29907888591871E-4
convert 7.291286912139992E-4 2.5257286443082556 0.001841581220786187
them 7.291286912139992E-4 1.7719568419318754 0.0012919845730454797
absolute 0.001093693036820999 1.9661128563728327 0.002150323940619212
structural 7.291286912139992E-4 2.407945608651872 0.0017557022301508361
caption 7.291286912139992E-4 2.8134107167600364 0.002051338473758685
col 7.291286912139992E-4 3.2188758248682006 0.0023469747173665333
colgroup 7.291286912139992E-4 3.2188758248682006 0.0023469747173665333
div 7.291286912139992E-4 2.8134107167600364 0.002051338473758685
h 0.004374772147283996 2.5257286443082556 0.011049487324717123
table 7.291286912139992E-4 1.5606477482646683 0.0011379130501382926
tbody 7.291286912139992E-4 3.2188758248682006 0.0023469747173665333
td 7.291286912139992E-4 3.2188758248682006 0.0023469747173665333
tfoot 7.291286912139992E-4 3.2188758248682006 0.0023469747173665333
th 7.291286912139992E-4 2.8134107167600364 0.002051338473758685
thead 7.291286912139992E-4 3.2188758248682006 0.0023469747173665333
tr 7.291286912139992E-4 2.8134107167600364 0.002051338473758685
Remove 0.006197593875318994 0.9675840262617057 0.0059966928350160395
previously 7.291286912139992E-4 2.120263536200091 0.0015459449771783383
configured 0.0014582573824279985 2.120263536200091 0.0030918899543566766
simple 7.291286912139992E-4 1.4271163556401458 0.0010405514805979918
formatting 7.291286912139992E-4 2.659260036932778 0.0019389427903264876
Methods 0.0014582573824279985 0.18632957819149354 2.717164829624404E-4
inherited 3.645643456069996E-4 0.9942522733438669 3.624689293998785E-4
clone 3.645643456069996E-4 0.8209805520698303 2.99300237721411E-4
equals 3.645643456069996E-4 0.9942522733438669 3.624689293998785E-4
finalize 3.645643456069996E-4 1.07880966137193 3.9329553823256653E-4
getClass 3.645643456069996E-4 1.07880966137193 3.9329553823256653E-4
hashCode 3.645643456069996E-4 0.9942522733438669 3.624689293998785E-4
notify 3.645643456069996E-4 1.0498221244986776 3.827277158216105E-4
notifyAll 3.645643456069996E-4 1.07880966137193 3.9329553823256653E-4
toString 3.645643456069996E-4 0.9675840262617057 3.5274663735388465E-4
wait 0.001093693036820999 0.9942522733438669 0.0010874067881996357
Details 7.291286912139992E-4 0.7550225842780328 5.505086287116535E-4
Generally 3.645643456069996E-4 1.3470736479666094 4.910950229553807E-4
it 0.002187386073641998 0.47803580094299974 0.0010456488536850158
better 3.645643456069996E-4 2.407945608651872 8.778511150754181E-4
start 0.001093693036820999 2.0402208285265546 0.002231375313736662
prepared 3.645643456069996E-4 3.912023005428146 0.00142618410697344
instead 3.645643456069996E-4 1.6607312068216509 6.054433856440579E-4
Also 0.0018228217280349982 0.5108256237659907 9.311440462376791E-4
Parameters 0.004374772147283996 0.5978370007556204 0.002615400659521489
Returns 0.005833029529711994 0.9942522733438669 0.005799502870398056
All 0.005103900838497995 0.05129329438755048 2.6179588823394337E-4
other 3.645643456069996E-4 0.8915981192837835 3.2504488490112414E-4
Links 0.004010207801676996 0.0408219945202552 1.6370468090514298E-4
point 0.001093693036820999 1.7719568419318754 0.0019379768595682197
ftp 0.001093693036820999 3.2188758248682006 0.0035204620760498
mailto 3.645643456069996E-4 3.912023005428146 0.00142618410697344
have 0.0014582573824279985 0.6931471805599453 0.001010786993160693
rel 0.0014582573824279985 3.2188758248682006 0.004693949434733067
nofollow 0.0014582573824279985 3.2188758248682006 0.004693949434733067
Does 0.001093693036820999 0.43078291609245434 4.7114427571176196E-4
images 0.0014582573824279985 1.6607312068216509 0.0024217735425762317
do 0.001093693036820999 0.43078291609245434 4.7114427571176196E-4
but 7.291286912139992E-4 0.8209805520698303 5.98600475442822E-4
desired 3.645643456069996E-4 3.2188758248682006 0.0011734873586832666
names 0.002187386073641998 0.6931471805599453 0.0015161804897410396
chaining 0.0032810791104629965 1.7719568419318754 0.005813930578704658
disallow 7.291286912139992E-4 3.2188758248682006 0.0023469747173665333
on 0.0018228217280349982 0.5447271754416719 9.92940531246212E-4
E 0.005833029529711994 0.7765287894989963 0.004529515359819154
g 0.0036456434560699965 1.5606477482646683 0.005689565250691463
href 0.0036456434560699965 1.5606477482646683 0.005689565250691463
To 0.014582573824279986 0.17435338714477774 0.0025425211395519905
make 0.0018228217280349982 1.3093333199837622 0.0023866812249066028
valid 0.001093693036820999 2.302585092994046 0.00251832128289542
use 0.002187386073641998 0.010050335853501506 2.1983964681374055E-5
pseudo 7.291286912139992E-4 2.8134107167600364 0.002051338473758685
e 0.005833029529711994 0.7765287894989963 0.004529515359819154
added 0.005103900838497995 0.8675005677047231 0.004427636874905622
necessary 7.291286912139992E-4 2.407945608651872 0.0017557022301508361
List 0.005468465184104995 0.5798184952529422 0.0031707172543908612
disallows 7.291286912139992E-4 3.2188758248682006 0.0023469747173665333
invalid 0.001093693036820999 1.3862943611198906 0.0015161804897410396
An 0.03025884068538097 0.16251892949777494 0.004917634396031834
always 3.645643456069996E-4 2.0402208285265546 7.43791771245554E-4
already 3.645643456069996E-4 1.8971199848858813 6.916223058278824E-4
has 0.0014582573824279985 0.6931471805599453 0.001010786993160693
set 7.291286912139992E-4 0.4620354595965586 3.368833099500974E-4
overridden 3.645643456069996E-4 2.8134107167600364 0.0010256692368793424
output 3.645643456069996E-4 0.9675840262617057 3.5274663735388465E-4
name 0.002187386073641998 0.6931471805599453 0.0015161804897410396
By 0.0018228217280349982 0.27443684570176036 5.00249445318557E-4
false 7.291286912139992E-4 1.1394342831883648 8.307942276254938E-4
URLs 0.005833029529711994 1.1086626245216111 0.0064668618273225585
made 0.0018228217280349982 1.3093333199837622 0.0023866812249066028
protocol 0.006926722566532993 1.6607312068216509 0.0115034243272371
like 3.645643456069996E-4 1.171182981502945 4.269715572376759E-4
Note 3.645643456069996E-4 1.3093333199837622 4.773362449813205E-4
when 7.291286912139992E-4 0.843970070294529 6.153627927776369E-4
handling 3.645643456069996E-4 2.120263536200091 7.729724885891691E-4
input 3.645643456069996E-4 1.0216512475319812 3.7245761849507154E-4
must 7.291286912139992E-4 1.1086626245216111 8.083577284153198E-4
URI 7.291286912139992E-4 1.5606477482646683 0.0011379130501382926
parsing 3.645643456069996E-4 1.2729656758128876 4.6407789858289735E-4
so 3.645643456069996E-4 1.3093333199837622 4.773362449813205E-4
link 0.005103900838497995 0.0408219945202552 2.0835141206109107E-4
confirmed 7.291286912139992E-4 3.2188758248682006 0.0023469747173665333
Regardless 3.645643456069996E-4 2.302585092994046 8.394404276318067E-4
option 3.645643456069996E-4 2.407945608651872 8.778511150754181E-4
resolvable 3.645643456069996E-4 3.2188758248682006 0.0011734873586832666
otherwise 3.645643456069996E-4 1.2378743560016172 4.5128485453941567E-4
true 0.001093693036820999 1.1086626245216111 0.0012125365926229797
deny 3.645643456069996E-4 3.2188758248682006 0.0011734873586832666
restricts 3.645643456069996E-4 3.2188758248682006 0.0011734873586832666
possible 3.645643456069996E-4 1.7719568419318754 6.459922865227399E-4
values 0.0025519504192489974 0.4620354595965586 0.0011790915848253409
defined 7.291286912139992E-4 0.9942522733438669 7.24937858799757E-4
anchor 7.291286912139992E-4 2.8134107167600364 0.002051338473758685
Tag 0.01932191031717098 0.843970070294529 0.016307114008607376
test 0.0025519504192489974 1.1394342831883648 0.0029077797966892286
consider 3.645643456069996E-4 2.5257286443082556 9.207906103930935E-4
allowing 0.017499088589135983 0.9942522733438669 0.01739850861119417
under 7.291286912139992E-4 2.407945608651872 0.0017557022301508361
confirm 7.291286912139992E-4 3.2188758248682006 0.0023469747173665333
Copyright 7.291286912139992E-4 0.06187540371808745 4.5115132131306924E-5
Jonathan 3.645643456069996E-4 0.0 0.0
Hedley 3.645643456069996E-4 0.0 0.0
rights 7.291286912139992E-4 0.06187540371808745 4.5115132131306924E-5
reserved 7.291286912139992E-4 0.06187540371808745 4.5115132131306924E-5
javax 0.06780896828290194 1.3093333199837622 0.08878454156652563
swing 0.06088224571636894 1.9661128563728327 0.11970136602780279
JToolBar 0.001093693036820999 2.407945608651872 0.002633553345226254
Separator 7.291286912139992E-4 2.407945608651872 0.0017557022301508361
title 3.645643456069996E-4 1.8971199848858813 6.916223058278824E-4
JSlider 3.645643456069996E-4 2.407945608651872 8.778511150754181E-4
implements 0.024425811155668976 0.6931471805599453 0.01693068213544161
accessibility 0.006926722566532993 1.9661128563728327 0.013618718290588342
Accessible 0.006562158220925993 2.407945608651872 0.015801320071357525
SwingConstants 0.002187386073641998 2.5257286443082556 0.005524743662358562
JSpinner 3.645643456069996E-4 2.407945608651872 8.778511150754181E-4
JSplitPane 3.645643456069996E-4 2.407945608651872 8.778511150754181E-4
JTabbedPane 7.291286912139992E-4 2.407945608651872 0.0017557022301508361
io 0.011301494713816989 1.5606477482646683 0.017637652277143534
Serializable 0.01020780167699599 1.4271163556401458 0.014567720728371886
JTable 0.0014582573824279985 1.9661128563728327 0.0028670985874922825
event 0.00984323733138899 1.6094379124341003 0.0158420793422241
CellEditorListener 3.645643456069996E-4 2.8134107167600364 0.0010256692368793424
ListSelectionListener 3.645643456069996E-4 2.8134107167600364 0.0010256692368793424
RowSorterListener 3.645643456069996E-4 2.8134107167600364 0.0010256692368793424
Scrollable 0.0014582573824279985 2.120263536200091 0.0030918899543566766
TableColumnModelListener 3.645643456069996E-4 2.8134107167600364 0.0010256692368793424
TableModelListener 3.645643456069996E-4 2.8134107167600364 0.0010256692368793424
JTextComponent 3.645643456069996E-4 2.8134107167600364 0.0010256692368793424
JEditorPane 3.645643456069996E-4 2.207274913189721 8.046937343017576E-4
JTextPane 3.645643456069996E-4 2.659260036932778 9.694713951632438E-4
JTextArea 3.645643456069996E-4 2.659260036932778 9.694713951632438E-4
JTextField 3.645643456069996E-4 2.407945608651872 8.778511150754181E-4
JFormattedTextField 0.001093693036820999 2.659260036932778 0.0029084141854897314
JPasswordField 3.645643456069996E-4 2.659260036932778 9.694713951632438E-4
JToolTip 3.645643456069996E-4 2.659260036932778 9.694713951632438E-4
JTree 0.002187386073641998 2.120263536200091 0.004637834931535015
JViewport 7.291286912139992E-4 2.207274913189721 0.0016093874686035152
awt 0.014582573824279986 1.9661128563728327 0.028670985874922825
Panel 3.645643456069996E-4 2.5257286443082556 9.207906103930935E-4
applet 7.291286912139992E-4 2.659260036932778 0.0019389427903264876
Applet 7.291286912139992E-4 2.659260036932778 0.0019389427903264876
JApplet 3.645643456069996E-4 2.407945608651872 8.778511150754181E-4
RootPaneContainer 0.0018228217280349982 2.5257286443082556 0.0046039530519654676
Window 3.645643456069996E-4 1.9661128563728327 7.167746468730706E-4
Dialog 3.645643456069996E-4 2.207274913189721 8.046937343017576E-4
JDialog 3.645643456069996E-4 2.407945608651872 8.778511150754181E-4
WindowConstants 0.001093693036820999 2.5257286443082556 0.002762371831179281
Frame 0.001093693036820999 1.3093333199837622 0.0014320087349439616
MenuContainer 3.645643456069996E-4 2.8134107167600364 0.0010256692368793424
JFrame 3.645643456069996E-4 2.407945608651872 8.778511150754181E-4
JWindow 3.645643456069996E-4 2.407945608651872 8.778511150754181E-4
ComponentAdapter 3.645643456069996E-4 3.2188758248682006 0.0011734873586832666
ComponentListener 3.645643456069996E-4 2.8134107167600364 0.0010256692368793424
ViewListener 3.645643456069996E-4 2.995732273553991 0.0010921371759219799
DefaultBoundedRangeModel 3.645643456069996E-4 2.659260036932778 9.694713951632438E-4
BoundedRangeModel 7.291286912139992E-4 2.302585092994046 0.0016788808552636134
DefaultButtonModel 3.645643456069996E-4 2.407945608651872 8.778511150754181E-4
ButtonModel 7.291286912139992E-4 2.302585092994046 0.0016788808552636134
JToggleButton 3.645643456069996E-4 2.659260036932778 9.694713951632438E-4
ToggleButtonModel 3.645643456069996E-4 2.995732273553991 0.0010921371759219799
DefaultCellEditor 3.645643456069996E-4 2.407945608651872 8.778511150754181E-4
EditorDelegate 3.645643456069996E-4 2.659260036932778 9.694713951632438E-4
ActionListener 0.0018228217280349982 2.0402208285265546 0.00371895885622777
ItemListener 3.645643456069996E-4 2.8134107167600364 0.0010256692368793424
DefaultDesktopManager 3.645643456069996E-4 2.659260036932778 9.694713951632438E-4
DesktopManager 7.291286912139992E-4 2.302585092994046 0.0016788808552636134
DefaultListSelectionModel 3.645643456069996E-4 2.407945608651872 8.778511150754181E-4
Cloneable 0.0018228217280349982 1.3093333199837622 0.0023866812249066028
ListSelectionModel 7.291286912139992E-4 2.302585092994046 0.0016788808552636134
tree 0.0025519504192489974 0.0408219945202552 1.0417570603054554E-4
DefaultMutableTreeNode 3.645643456069996E-4 2.8134107167600364 0.0010256692368793424
MutableTreeNode 3.645643456069996E-4 2.8134107167600364 0.0010256692368793424
DynamicUtilTreeNode 3.645643456069996E-4 2.995732273553991 0.0010921371759219799
DefaultRowSorter 7.291286912139992E-4 2.302585092994046 0.0016788808552636134
ModelWrapper 3.645643456069996E-4 2.659260036932778 9.694713951632438E-4
M 0.0018228217280349982 1.8971199848858813 0.003458111529139412
I 0.004010207801676996 1.3093333199837622 0.0052506986947945256
DefaultSingleSelectionModel 3.645643456069996E-4 2.659260036932778 9.694713951632438E-4
SingleSelectionModel 7.291286912139992E-4 2.302585092994046 0.0016788808552636134
DefaultTreeSelectionModel 3.645643456069996E-4 2.5257286443082556 9.207906103930935E-4
TreeSelectionModel 3.645643456069996E-4 2.407945608651872 8.778511150754181E-4
EmptySelectionModel 3.645643456069996E-4 2.407945608651872 8.778511150754181E-4
util 0.0018228217280349982 1.2729656758128876 0.002320389492914487
Dictionary 3.645643456069996E-4 3.2188758248682006 0.0011734873586832666
K 0.001093693036820999 1.9661128563728327 0.002150323940619212
V 0.0018228217280349982 1.3470736479666094 0.002455475114776904
Hashtable 3.645643456069996E-4 3.2188758248682006 0.0011734873586832666
Map 3.645643456069996E-4 1.2378743560016172 4.5128485453941567E-4
UIDefaults 0.0025519504192489974 2.302585092994046 0.0058760829934226474
FocusTraversalPolicy 3.645643456069996E-4 2.407945608651872 8.778511150754181E-4
InternalFrameFocusTraversalPolicy 3.645643456069996E-4 2.659260036932778 9.694713951632438E-4
SortingFocusTraversalPolicy 3.645643456069996E-4 2.407945608651872 8.778511150754181E-4
LayoutFocusTraversalPolicy 3.645643456069996E-4 2.659260036932778 9.694713951632438E-4
Graphics 3.645643456069996E-4 2.207274913189721 8.046937343017576E-4
DebugGraphics 3.645643456069996E-4 2.995732273553991 0.0010921371759219799
GroupLayout 0.0018228217280349982 2.302585092994046 0.004197202138159034
LayoutManager 0.002187386073641998 2.5257286443082556 0.005524743662358562
Group 3.645643456069996E-4 2.120263536200091 7.729724885891691E-4
ParallelGroup 3.645643456069996E-4 2.5257286443082556 9.207906103930935E-4
SequentialGroup 3.645643456069996E-4 2.659260036932778 9.694713951632438E-4
image 0.0014582573824279985 1.6607312068216509 0.0024217735425762317
ImageFilter 3.645643456069996E-4 2.8134107167600364 0.0010256692368793424
ImageConsumer 3.645643456069996E-4 2.8134107167600364 0.0010256692368793424
RGBImageFilter 3.645643456069996E-4 3.2188758248682006 0.0011734873586832666
GrayFilter 3.645643456069996E-4 2.995732273553991 0.0010921371759219799
ImageIcon 3.645643456069996E-4 2.995732273553991 0.0010921371759219799
Icon 7.291286912139992E-4 2.0402208285265546 0.001487583542491108
InputMap 3.645643456069996E-4 2.407945608651872 8.778511150754181E-4
ComponentInputMap 3.645643456069996E-4 2.659260036932778 9.694713951632438E-4
InputStream 3.645643456069996E-4 1.5141277326297755 5.519969860115841E-4
Closeable 3.645643456069996E-4 2.8134107167600364 0.0010256692368793424
FilterInputStream 3.645643456069996E-4 2.5257286443082556 9.207906103930935E-4
ProgressMonitorInputStream 3.645643456069996E-4 2.995732273553991 0.0010921371759219799
InputVerifier 3.645643456069996E-4 2.659260036932778 9.694713951632438E-4
JComponent 7.291286912139992E-4 2.207274913189721 0.0016093874686035152
AccessibleJComponent 7.291286912139992E-4 2.659260036932778 0.0019389427903264876
AccessibleContainerHandler 3.645643456069996E-4 2.995732273553991 0.0010921371759219799
ContainerListener 3.645643456069996E-4 2.8134107167600364 0.0010256692368793424
AccessibleFocusHandler 3.645643456069996E-4 2.995732273553991 0.0010921371759219799
FocusListener 3.645643456069996E-4 2.8134107167600364 0.0010256692368793424
AbstractFormatter 3.645643456069996E-4 2.659260036932778 9.694713951632438E-4
AbstractFormatterFactory 3.645643456069996E-4 2.659260036932778 9.694713951632438E-4
JRootPane 3.645643456069996E-4 2.207274913189721 8.046937343017576E-4
RootLayout 3.645643456069996E-4 2.995732273553991 0.0010921371759219799
ModelListener 3.645643456069996E-4 3.506557897319982 0.0012783659851695157
ChangeListener 3.645643456069996E-4 2.407945608651872 8.778511150754181E-4
AccessibleJTable 3.645643456069996E-4 2.995732273553991 0.0010921371759219799
AccessibleJTableModelChange 3.645643456069996E-4 3.506557897319982 0.0012783659851695157
AccessibleTableModelChange 3.645643456069996E-4 2.8134107167600364 0.0010256692368793424
TreeModelHandler 3.645643456069996E-4 3.506557897319982 0.0012783659851695157
TreeModelListener 3.645643456069996E-4 2.8134107167600364 0.0010256692368793424
TreeSelectionRedirector 3.645643456069996E-4 2.995732273553991 0.0010921371759219799
TreeSelectionListener 3.645643456069996E-4 2.8134107167600364 0.0010256692368793424
KeyboardFocusManager 3.645643456069996E-4 2.5257286443082556 9.207906103930935E-4
KeyEventDispatcher 3.645643456069996E-4 2.8134107167600364 0.0010256692368793424
KeyEventPostProcessor 3.645643456069996E-4 2.8134107167600364 0.0010256692368793424
DefaultKeyboardFocusManager 3.645643456069996E-4 2.995732273553991 0.0010921371759219799
FocusManager 3.645643456069996E-4 2.302585092994046 8.394404276318067E-4
DefaultFocusManager 3.645643456069996E-4 2.8134107167600364 0.0010256692368793424
LayoutStyle 7.291286912139992E-4 2.302585092994046 0.0016788808552636134
LookAndFeel 3.645643456069996E-4 2.302585092994046 8.394404276318067E-4
MenuSelectionManager 3.645643456069996E-4 2.302585092994046 8.394404276318067E-4
MouseAdapter 3.645643456069996E-4 2.995732273553991 0.0010921371759219799
MouseListener 3.645643456069996E-4 2.659260036932778 9.694713951632438E-4
MouseMotionListener 7.291286912139992E-4 2.659260036932778 0.0019389427903264876
MouseWheelListener 3.645643456069996E-4 2.659260036932778 9.694713951632438E-4
ToolTipManager 0.0014582573824279985 2.302585092994046 0.003357761710527227
OverlayLayout 3.645643456069996E-4 2.5257286443082556 9.207906103930935E-4
Popup 3.645643456069996E-4 2.302585092994046 8.394404276318067E-4
PopupFactory 3.645643456069996E-4 2.5257286443082556 9.207906103930935E-4
ProgressMonitor 3.645643456069996E-4 2.302585092994046 8.394404276318067E-4
RepaintManager 3.645643456069996E-4 2.302585092994046 8.394404276318067E-4
RowFilter 0.001093693036820999 2.302585092994046 0.00251832128289542
Entry 3.645643456069996E-4 1.6607312068216509 6.054433856440579E-4
RowSorter 7.291286912139992E-4 2.302585092994046 0.0016788808552636134
SortKey 3.645643456069996E-4 2.5257286443082556 9.207906103930935E-4
ScrollPaneLayout 7.291286912139992E-4 2.120263536200091 0.0015459449771783383
ScrollPaneConstants 7.291286912139992E-4 2.5257286443082556 0.001841581220786187
UIResource 7.291286912139992E-4 2.5257286443082556 0.001841581220786187
plaf 3.645643456069996E-4 2.0402208285265546 7.43791771245554E-4
SizeRequirements 3.645643456069996E-4 2.302585092994046 8.394404276318067E-4
SizeSequence 3.645643456069996E-4 2.8134107167600364 0.0010256692368793424
Spring 3.645643456069996E-4 2.5257286443082556 9.207906103930935E-4
SpringLayout 7.291286912139992E-4 2.302585092994046 0.0016788808552636134
Constraints 3.645643456069996E-4 2.120263536200091 7.729724885891691E-4
SwingUtilities 3.645643456069996E-4 2.5257286443082556 9.207906103930935E-4
SwingWorker 7.291286912139992E-4 2.302585092994046 0.0016788808552636134
T 0.001093693036820999 1.2729656758128876 0.0013922336957486923
concurrent 3.645643456069996E-4 2.5257286443082556 9.207906103930935E-4
RunnableFuture 3.645643456069996E-4 2.995732273553991 0.0010921371759219799
Throwable 3.645643456069996E-4 1.9661128563728327 7.167746468730706E-4
Exception 3.645643456069996E-4 1.4271163556401458 5.202757402989959E-4
UnsupportedLookAndFeelException 3.645643456069996E-4 2.5257286443082556 9.207906103930935E-4
Timer 3.645643456069996E-4 2.120263536200091 7.729724885891691E-4
insideTimerAction 3.645643456069996E-4 2.8134107167600364 0.0010256692368793424
outsideTimerAction 3.645643456069996E-4 2.8134107167600364 0.0010256692368793424
stillInsideTimerAction 3.645643456069996E-4 2.8134107167600364 0.0010256692368793424
TransferHandler 0.001093693036820999 2.5257286443082556 0.002762371831179281
DropLocation 0.0014582573824279985 2.5257286443082556 0.003683162441572374
JList 3.645643456069996E-4 2.120263536200091 7.729724885891691E-4
TransferSupport 3.645643456069996E-4 2.5257286443082556 9.207906103930935E-4
LazyInputMap 3.645643456069996E-4 2.8134107167600364 0.0010256692368793424
LazyValue 0.001093693036820999 2.5257286443082556 0.002762371831179281
ProxyLazyValue 3.645643456069996E-4 2.8134107167600364 0.0010256692368793424
UIManager 7.291286912139992E-4 2.120263536200091 0.0015459449771783383
LookAndFeelInfo 3.645643456069996E-4 2.5257286443082556 9.207906103930935E-4
ViewportLayout 3.645643456069996E-4 2.5257286443082556 9.207906103930935E-4
WindowAdapter 3.645643456069996E-4 2.995732273553991 0.0010921371759219799
WindowFocusListener 3.645643456069996E-4 2.659260036932778 9.694713951632438E-4
WindowListener 3.645643456069996E-4 2.659260036932778 9.694713951632438E-4
WindowStateListener 3.645643456069996E-4 2.659260036932778 9.694713951632438E-4
JMenu 3.645643456069996E-4 2.302585092994046 8.394404276318067E-4
WinListener 3.645643456069996E-4 2.8134107167600364 0.0010256692368793424
Interface 3.645643456069996E-4 0.653926467406664 2.3839827466520745E-4
Hierarchy 7.291286912139992E-4 1.5606477482646683 0.0011379130501382926
CellEditor 3.645643456069996E-4 2.302585092994046 8.394404276318067E-4
ComboBoxEditor 3.645643456069996E-4 2.302585092994046 8.394404276318067E-4
EventListener 3.645643456069996E-4 2.659260036932778 9.694713951632438E-4
Action 3.645643456069996E-4 2.0402208285265546 7.43791771245554E-4
ItemSelectable 3.645643456069996E-4 2.659260036932778 9.694713951632438E-4
JComboBox 3.645643456069996E-4 2.302585092994046 8.394404276318067E-4
KeySelectionManager 3.645643456069996E-4 2.5257286443082556 9.207906103930935E-4
ListCellRenderer 3.645643456069996E-4 2.5257286443082556 9.207906103930935E-4
ListModel 3.645643456069996E-4 2.302585092994046 8.394404276318067E-4
ComboBoxModel 3.645643456069996E-4 2.5257286443082556 9.207906103930935E-4
MutableComboBoxModel 3.645643456069996E-4 2.302585092994046 8.394404276318067E-4
MenuElement 3.645643456069996E-4 2.5257286443082556 9.207906103930935E-4
Painter 3.645643456069996E-4 2.302585092994046 8.394404276318067E-4
Renderer 3.645643456069996E-4 2.5257286443082556 9.207906103930935E-4
SpinnerModel 3.645643456069996E-4 2.302585092994046 8.394404276318067E-4
ActiveValue 3.645643456069996E-4 2.8134107167600364 0.0010256692368793424
Enum 7.291286912139992E-4 1.5141277326297755 0.0011039939720231683
Comparable 3.645643456069996E-4 2.120263536200091 7.729724885891691E-4
Alignment 3.645643456069996E-4 2.120263536200091 7.729724885891691E-4
SortOrder 3.645643456069996E-4 2.5257286443082556 9.207906103930935E-4
StateValue 3.645643456069996E-4 2.5257286443082556 9.207906103930935E-4
DropMode 3.645643456069996E-4 2.5257286443082556 9.207906103930935E-4
ComponentPlacement 3.645643456069996E-4 2.302585092994046 8.394404276318067E-4
ComparisonType 3.645643456069996E-4 2.5257286443082556 9.207906103930935E-4
PrintMode 3.645643456069996E-4 2.5257286443082556 9.207906103930935E-4
Platform 3.645643456069996E-4 1.07880966137193 3.9329553823256653E-4
Standard 3.645643456069996E-4 1.1394342831883648 4.153971138127469E-4
Ed 3.645643456069996E-4 1.2729656758128876 4.6407789858289735E-4
Prev 3.645643456069996E-4 1.2729656758128876 4.6407789858289735E-4
Next 3.645643456069996E-4 1.171182981502945 4.269715572376759E-4
Frames 7.291286912139992E-4 1.3470736479666094 9.821900459107615E-4
No 3.645643456069996E-4 0.5798184952529422 2.1138115029272408E-4
Classes 0.005103900838497995 0.06187540371808745 3.158059249191485E-4
Submit 3.645643456069996E-4 1.07880966137193 3.9329553823256653E-4
bug 3.645643456069996E-4 1.1086626245216111 4.041788642076599E-4
feature 3.645643456069996E-4 1.1394342831883648 4.153971138127469E-4
For 0.01020780167699599 0.083381608939051 8.511429275586686E-4
further 3.645643456069996E-4 0.9416085398584451 3.4327690115145646E-4
reference 3.645643456069996E-4 0.843970070294529 3.0768139638881844E-4
developer 7.291286912139992E-4 1.07880966137193 7.865910764651331E-4
documentation 0.0014582573824279985 0.9416085398584451 0.0013731076046058258
see 0.0018228217280349982 0.3566749439387324 6.501548376571864E-4
SE 3.645643456069996E-4 1.1086626245216111 4.041788642076599E-4
Documentation 0.0014582573824279985 0.9416085398584451 0.0013731076046058258
That 0.002916514764855997 0.22314355131420976 6.508014620902945E-4
contains 3.645643456069996E-4 0.5798184952529422 2.1138115029272408E-4
detailed 3.645643456069996E-4 1.0498221244986776 3.827277158216105E-4
targeted 3.645643456069996E-4 1.171182981502945 4.269715572376759E-4
descriptions 0.001093693036820999 0.18632957819149354 2.0378736222183034E-4
conceptual 3.645643456069996E-4 1.171182981502945 4.269715572376759E-4
overviews 3.645643456069996E-4 1.171182981502945 4.269715572376759E-4
definitions 3.645643456069996E-4 0.7765287894989963 2.8309470998869713E-4
terms 7.291286912139992E-4 1.0216512475319812 7.449152369901431E-4
workarounds 3.645643456069996E-4 1.171182981502945 4.269715572376759E-4
working 3.645643456069996E-4 0.9942522733438669 3.624689293998785E-4
Oracle 3.645643456069996E-4 0.8915981192837835 3.2504488490112414E-4
its 3.645643456069996E-4 0.8675005677047231 3.16259776778973E-4
affiliates 3.645643456069996E-4 1.171182981502945 4.269715572376759E-4
subject 3.645643456069996E-4 1.1394342831883648 4.153971138127469E-4
license 3.645643456069996E-4 1.1086626245216111 4.041788642076599E-4
redistribution 3.645643456069996E-4 1.171182981502945 4.269715572376759E-4
policy 3.645643456069996E-4 1.0216512475319812 3.7245761849507154E-4
Scripting 3.645643456069996E-4 1.0216512475319812 3.7245761849507154E-4
tracks 3.645643456069996E-4 1.07880966137193 3.9329553823256653E-4
web 3.645643456069996E-4 0.8209805520698303 2.99300237721411E-4
traffic 3.645643456069996E-4 1.1086626245216111 4.041788642076599E-4
does 0.001093693036820999 0.43078291609245434 4.7114427571176196E-4
change 3.645643456069996E-4 0.9162907318741551 3.340469310514601E-4
content 3.645643456069996E-4 0.44628710262841953 1.6270036552257363E-4
way 3.645643456069996E-4 1.1086626245216111 4.041788642076599E-4
51
Scripting 0.0016474464579901153 1.0216512475319812 0.0016831157290477451
tracks 0.0016474464579901153 1.07880966137193 0.001777281155472702
web 0.0016474464579901153 0.8209805520698303 0.0013525215025862116
traffic 0.0016474464579901153 1.1086626245216111 0.0018264623138741535
does 0.004942339373970346 0.43078291609245434 0.0021290753678375007
change 0.0016474464579901153 0.9162907318741551 0.0015095399207152474
content 0.0016474464579901153 0.44628710262841953 7.352341064718608E-4
way 0.0016474464579901153 1.1086626245216111 0.0018264623138741535
