Safelist 0.005780346820809248 0.9162907318741551 0.005296478218925752
jsoup 0.002890173410404624 0.0 0.0
Java 0.005780346820809248 0.010050335853501506 5.8094426898852636E-5
HTML 0.005780346820809248 0.0 0.0
Parser 0.002890173410404624 0.0 0.0
API 0.002890173410404624 0.0 0.0
Skip 0.002890173410404624 0.06187540371808745 1.7883064658406778E-4
navigation 0.002890173410404624 0.06187540371808745 1.7883064658406778E-4
links 0.008670520231213872 0.0408219945202552 3.539479293663745E-4
Overview 0.002890173410404624 0.06187540371808745 1.7883064658406778E-4
Package 0.002890173410404624 0.06187540371808745 1.7883064658406778E-4
Class 0.005780346820809248 0.06187540371808745 3.5766129316813555E-4
Use 0.005780346820809248 0.010050335853501506 5.8094426898852636E-5
Tree 0.002890173410404624 0.0408219945202552 1.1798264312212485E-4
Deprecated 0.002890173410404624 0.06187540371808745 1.7883064658406778E-4
Index 0.002890173410404624 0.06187540371808745 1.7883064658406778E-4
Help 0.002890173410404624 0.05129329438755048 1.4824651557095514E-4
org 0.002890173410404624 0.05129329438755048 1.4824651557095514E-4
safety 0.002890173410404624 0.9162907318741551 0.002648239109462876
java 0.005780346820809248 0.010050335853501506 5.8094426898852636E-5
lang 0.002890173410404624 0.653926467406664 0.0018899608884585665
Object 0.002890173410404624 0.43078291609245434 0.0012450373297469778
Direct 0.002890173410404624 2.302585092994046 0.00665487021096545
Known 0.002890173410404624 2.120263536200091 0.006127929295375986
Subclasses 0.002890173410404624 2.659260036932778 0.007685722650094733
Whitelist 0.002890173410404624 1.1086626245216111 0.003204227238501766
public 0.002890173410404624 0.6931471805599453 0.002003315550751287
class 0.005780346820809248 0.06187540371808745 3.5766129316813555E-4
extends 0.005780346820809248 0.616186139423817 0.0035617695920451844
Safe 0.002890173410404624 1.3093333199837622 0.0037842003467738793
lists 0.008670520231213872 0.5798184952529422 0.005027327993522619
define 0.005780346820809248 0.9942522733438669 0.005747122967305588
what 0.002890173410404624 1.5141277326297755 0.004376091712802819
elements 0.008670520231213872 0.4620354595965586 0.004006087799970161
and 0.002890173410404624 0.09431067947124142 2.7257421812497515E-4
attributes 0.008670520231213872 0.3147107448397002 0.0027287058801130073
to 0.005780346820809248 0.17435338714477774 0.00100782304707964
allow 0.011560693641618497 0.9942522733438669 0.011494245934611177
through 0.002890173410404624 1.2378743560016172 0.003577671549137622
the 0.005780346820809248 0.10536051565782635 6.090203217215395E-4
cleaner 0.005780346820809248 0.9162907318741551 0.005296478218925752
Everything 0.002890173410404624 3.912023005428146 0.011306424871179612
else 0.002890173410404624 3.2188758248682006 0.009303109320428325
is 0.008670520231213872 0.18632957819149354 0.0016155743773828917
removed 0.008670520231213872 0.9675840262617057 0.008389456875101493
Start 0.005780346820809248 2.0402208285265546 0.011793183979922281
with 0.002890173410404624 0.23572233352106994 6.81278420581127E-4
one 0.002890173410404624 1.07880966137193 0.0031179469981847687
of 0.002890173410404624 0.1165338162559516 3.368029371559295E-4
defaults 0.005780346820809248 1.0216512475319812 0.00590549854064729
none 0.002890173410404624 1.7719568419318754 0.005121262548936056
simpleText 0.002890173410404624 2.302585092994046 0.00665487021096545
basic 0.002890173410404624 1.4696759700589417 0.004247618410574976
basicWithImages 0.002890173410404624 2.302585092994046 0.00665487021096545
relaxed 0.002890173410404624 2.302585092994046 0.00665487021096545
If 0.005780346820809248 0.616186139423817 0.0035617695920451844
you 0.005780346820809248 0.9162907318741551 0.005296478218925752
need 0.002890173410404624 1.7147984280919266 0.0049560648210749325
more 0.002890173410404624 0.7339691750802005 0.002121298193873412
please 0.002890173410404624 1.8971199848858813 0.005483005736664396
be 0.008670520231213872 0.18632957819149354 0.0016155743773828917
careful 0.002890173410404624 3.912023005428146 0.011306424871179612
tweak 0.002890173410404624 3.912023005428146 0.011306424871179612
a 0.008670520231213872 0.16251892949777494 0.0014091236661656786
base 0.002890173410404624 0.9162907318741551 0.002648239109462876
safelist 0.008670520231213872 0.9162907318741551 0.007944717328388628
addTags 0.002890173410404624 2.302585092994046 0.00665487021096545
String 0.002890173410404624 0.4155154439616658 0.001200911687750479
tagNames 0.002890173410404624 3.912023005428146 0.011306424871179612
addAttributes 0.002890173410404624 2.120263536200091 0.006127929295375986
tagName 0.002890173410404624 2.302585092994046 0.00665487021096545
addEnforcedAttribute 0.002890173410404624 2.302585092994046 0.00665487021096545
attribute 0.008670520231213872 0.3147107448397002 0.0027287058801130073
value 0.005780346820809248 0.4620354595965586 0.0026707251999801077
addProtocols 0.002890173410404624 2.302585092994046 0.00665487021096545
protocols 0.005780346820809248 1.6607312068216509 0.009599602351570235
You 0.005780346820809248 0.9162907318741551 0.005296478218925752
can 0.002890173410404624 0.7339691750802005 0.002121298193873412
remove 0.008670520231213872 0.9675840262617057 0.008389456875101493
any 0.002890173410404624 0.5978370007556204 0.0017278526033399433
setting 0.002890173410404624 1.6607312068216509 0.004799801175785118
from 0.002890173410404624 0.38566248081198473 0.0011146314474334818
an 0.008670520231213872 0.16251892949777494 0.0014091236661656786
existing 0.002890173410404624 1.2729656758128876 0.00367909154859216
removeTags 0.002890173410404624 2.302585092994046 0.00665487021096545
removeAttributes 0.002890173410404624 2.302585092994046 0.00665487021096545
removeEnforcedAttribute 0.002890173410404624 2.302585092994046 0.00665487021096545
removeProtocols 0.002890173410404624 2.302585092994046 0.00665487021096545
The 0.005780346820809248 0.10536051565782635 6.090203217215395E-4
these 0.002890173410404624 1.5141277326297755 0.004376091712802819
safelists 0.008670520231213872 0.9162907318741551 0.007944717328388628
assume 0.002890173410404624 3.2188758248682006 0.009303109320428325
that 0.002890173410404624 0.22314355131420976 6.449235587115889E-4
want 0.002890173410404624 1.7719568419318754 0.005121262548936056
clean 0.005780346820809248 1.4271163556401458 0.008249227489249398
body 0.002890173410404624 1.6607312068216509 0.004799801175785118
fragment 0.002890173410404624 1.7719568419318754 0.005121262548936056
add 0.008670520231213872 0.8675005677047231 0.00752168122287332
user 0.002890173410404624 1.0216512475319812 0.002952749270323645
supplied 0.002890173410404624 1.5141277326297755 0.004376091712802819
into 0.002890173410404624 0.8915981192837835 0.0025768731771207616
templated 0.002890173410404624 3.912023005428146 0.011306424871179612
page 0.002890173410404624 0.843970070294529 0.002439219856342569
not 0.002890173410404624 0.3424903089467759 9.898563842392367E-4
full 0.002890173410404624 1.3862943611198906 0.004006631101502574
document 0.002890173410404624 0.40047756659712536 0.0011574496144425587
latter 0.002890173410404624 3.912023005428146 0.011306424871179612
case 0.002890173410404624 1.3470736479666094 0.0038932764392098536
either 0.002890173410404624 1.8971199848858813 0.005483005736664396
wrap 0.002890173410404624 2.995732273553991 0.008658185761716735
around 0.002890173410404624 2.0402208285265546 0.0058965919899611405
cleaned 0.005780346820809248 1.4271163556401458 0.008249227489249398
or 0.002890173410404624 0.2613647641344075 7.553894917179408E-4
create 0.005780346820809248 0.8915981192837835 0.005153746354241523
allows 0.011560693641618497 0.9942522733438669 0.011494245934611177
html 0.005780346820809248 0.0 0.0
head 0.002890173410404624 1.8971199848858813 0.005483005736664396
as 0.002890173410404624 0.32850406697203605 9.494337195723585E-4
appropriate 0.002890173410404624 2.120263536200091 0.006127929295375986
are 0.008670520231213872 0.18632957819149354 0.0016155743773828917
going 0.002890173410404624 2.8134107167600364 0.008131244846127272
extend 0.005780346820809248 0.616186139423817 0.0035617695920451844
very 0.002890173410404624 2.207274913189721 0.006379407263554107
Make 0.008670520231213872 1.3093333199837622 0.011352601040321637
sure 0.002890173410404624 2.207274913189721 0.006379407263554107
understand 0.002890173410404624 3.2188758248682006 0.009303109320428325
may 0.002890173410404624 1.07880966137193 0.0031179469981847687
lead 0.002890173410404624 3.912023005428146 0.011306424871179612
XSS 0.002890173410404624 2.5257286443082556 0.007299793769677039
attack 0.002890173410404624 3.2188758248682006 0.009303109320428325
vectors 0.002890173410404624 3.506557897319982 0.01013456039687856
URL 0.005780346820809248 1.1086626245216111 0.006408454477003532
particularly 0.002890173410404624 3.912023005428146 0.011306424871179612
vulnerable 0.002890173410404624 3.912023005428146 0.011306424871179612
require 0.002890173410404624 3.2188758248682006 0.009303109320428325
validation 0.002890173410404624 1.7719568419318754 0.005121262548936056
See 0.002890173410404624 0.3566749439387324 0.0010308524391292842
Filter 0.002890173410404624 1.9661128563728327 0.005682407099343447
Evasion 0.002890173410404624 3.912023005428146 0.011306424871179612
Cheat 0.002890173410404624 3.912023005428146 0.011306424871179612
Sheet 0.002890173410404624 3.2188758248682006 0.009303109320428325
for 0.002890173410404624 0.083381608939051 2.4098730907240172E-4
some 0.002890173410404624 2.0402208285265546 0.0058965919899611405
examples 0.002890173410404624 0.7985076962177716 0.0023078257116120565
will 0.002890173410404624 0.5447271754416719 0.001574355998386335
safegaurd 0.002890173410404624 3.912023005428146 0.011306424871179612
against 0.002890173410404624 1.4271163556401458 0.004124613744624699
default 0.005780346820809248 1.0216512475319812 0.00590549854064729
Cleaner 0.005780346820809248 0.9162907318741551 0.005296478218925752
configuration 0.002890173410404624 2.207274913189721 0.006379407263554107
Constructor 0.002890173410404624 0.6733445532637655 0.0019460825238837153
Summary 0.002890173410404624 0.6931471805599453 0.002003315550751287
Constructors 0.002890173410404624 0.8915981192837835 0.0025768731771207616
Description 0.002890173410404624 0.24846135929849972 7.180964141575136E-4
Create 0.005780346820809248 0.8915981192837835 0.005153746354241523
new 0.002890173410404624 0.616186139423817 0.0017808847960225922
empty 0.002890173410404624 1.4696759700589417 0.004247618410574976
copy 0.002890173410404624 2.207274913189721 0.006379407263554107
Deep 0.002890173410404624 2.995732273553991 0.008658185761716735
Method 0.005780346820809248 0.18632957819149354 0.001077049584921928
Modifier 0.002890173410404624 0.653926467406664 0.0018899608884585665
Type 0.002890173410404624 0.44628710262841953 0.0012898471174231777
tag 0.008670520231213872 0.7550225842780328 0.006546438592006064
Add 0.008670520231213872 0.8675005677047231 0.00752168122287332
list 0.008670520231213872 0.5798184952529422 0.005027327993522619
allowed 0.011560693641618497 0.9942522733438669 0.011494245934611177
enforced 0.002890173410404624 1.8971199848858813 0.005483005736664396
element 0.008670520231213872 0.4620354595965586 0.004006087799970161
s 0.002890173410404624 0.5447271754416719 0.001574355998386335
tags 0.008670520231213872 0.7550225842780328 0.006546438592006064
static 0.002890173410404624 0.5621189181535412 0.001624621150732778
This 0.005780346820809248 0.3424903089467759 0.0019797127684784734
fuller 0.002890173410404624 3.2188758248682006 0.009303109320428325
range 0.002890173410404624 2.0402208285265546 0.0058965919899611405
text 0.002890173410404624 1.1086626245216111 0.003204227238501766
nodes 0.002890173410404624 0.7550225842780328 0.002182146197335355
b 0.002890173410404624 2.407945608651872 0.0069593803718262185
blockquote 0.002890173410404624 3.2188758248682006 0.009303109320428325
br 0.002890173410404624 2.8134107167600364 0.008131244846127272
cite 0.002890173410404624 3.2188758248682006 0.009303109320428325
code 0.002890173410404624 0.5108256237659907 0.0014763746351618228
dd 0.002890173410404624 2.8134107167600364 0.008131244846127272
dl 0.002890173410404624 3.2188758248682006 0.009303109320428325
dt 0.002890173410404624 3.2188758248682006 0.009303109320428325
em 0.002890173410404624 2.8134107167600364 0.008131244846127272
i 0.002890173410404624 1.3093333199837622 0.0037842003467738793
li 0.002890173410404624 3.2188758248682006 0.009303109320428325
ol 0.002890173410404624 2.659260036932778 0.007685722650094733
p 0.002890173410404624 2.120263536200091 0.006127929295375986
pre 0.002890173410404624 2.5257286443082556 0.007299793769677039
q 0.002890173410404624 2.8134107167600364 0.008131244846127272
small 0.002890173410404624 1.9661128563728327 0.005682407099343447
span 0.002890173410404624 2.8134107167600364 0.008131244846127272
strike 0.002890173410404624 3.2188758248682006 0.009303109320428325
strong 0.002890173410404624 2.659260036932778 0.007685722650094733
sub 0.002890173410404624 2.659260036932778 0.007685722650094733
sup 0.002890173410404624 3.2188758248682006 0.009303109320428325
u 0.002890173410404624 2.120263536200091 0.006127929295375986
ul 0.002890173410404624 3.2188758248682006 0.009303109320428325
same 0.002890173410404624 0.9942522733438669 0.002873561483652794
also 0.005780346820809248 0.5108256237659907 0.0029527492703236456
img 0.002890173410404624 2.8134107167600364 0.008131244846127272
src 0.002890173410404624 2.8134107167600364 0.008131244846127272
pointing 0.005780346820809248 1.7719568419318754 0.010242525097872112
http 0.005780346820809248 1.0216512475319812 0.00590549854064729
https 0.002890173410404624 1.6607312068216509 0.004799801175785118
protected 0.002890173410404624 1.1394342831883648 0.0032931626681744646
boolean 0.002890173410404624 0.653926467406664 0.0018899608884585665
isSafeAttribute 0.002890173410404624 2.302585092994046 0.00665487021096545
Element 0.008670520231213872 0.4620354595965586 0.004006087799970161
el 0.002890173410404624 2.5257286443082556 0.007299793769677039
Attribute 0.008670520231213872 0.3147107448397002 0.0027287058801130073
attr 0.002890173410404624 1.7719568419318754 0.005121262548936056
Test 0.005780346820809248 1.1394342831883648 0.006586325336348929
if 0.005780346820809248 0.616186139423817 0.0035617695920451844
by 0.005780346820809248 0.27443684570176036 0.0015863401485650887
this 0.005780346820809248 0.3424903089467759 0.0019797127684784734
isSafeTag 0.002890173410404624 2.8134107167600364 0.008131244846127272
only 0.002890173410404624 0.843970070294529 0.002439219856342569
all 0.005780346820809248 0.05129329438755048 2.964930311419103E-4
stripped 0.002890173410404624 3.2188758248682006 0.009303109320428325
preserveRelativeLinks 0.002890173410404624 1.8971199848858813 0.005483005736664396
preserve 0.002890173410404624 1.7719568419318754 0.005121262548936056
Configure 0.005780346820809248 2.120263536200091 0.012255858590751971
relative 0.002890173410404624 1.7719568419318754 0.005121262548936056
in 0.002890173410404624 0.1508228897345837 4.359043055912823E-4
convert 0.002890173410404624 2.5257286443082556 0.007299793769677039
them 0.002890173410404624 1.7719568419318754 0.005121262548936056
absolute 0.002890173410404624 1.9661128563728327 0.005682407099343447
structural 0.002890173410404624 2.407945608651872 0.0069593803718262185
caption 0.002890173410404624 2.8134107167600364 0.008131244846127272
col 0.002890173410404624 3.2188758248682006 0.009303109320428325
colgroup 0.002890173410404624 3.2188758248682006 0.009303109320428325
div 0.002890173410404624 2.8134107167600364 0.008131244846127272
h 0.002890173410404624 2.5257286443082556 0.007299793769677039
table 0.002890173410404624 1.5606477482646683 0.004510542625042394
tbody 0.002890173410404624 3.2188758248682006 0.009303109320428325
td 0.002890173410404624 3.2188758248682006 0.009303109320428325
tfoot 0.002890173410404624 3.2188758248682006 0.009303109320428325
th 0.002890173410404624 2.8134107167600364 0.008131244846127272
thead 0.002890173410404624 3.2188758248682006 0.009303109320428325
tr 0.002890173410404624 2.8134107167600364 0.008131244846127272
Remove 0.008670520231213872 0.9675840262617057 0.008389456875101493
previously 0.002890173410404624 2.120263536200091 0.006127929295375986
configured 0.005780346820809248 2.120263536200091 0.012255858590751971
simple 0.002890173410404624 1.4271163556401458 0.004124613744624699
formatting 0.002890173410404624 2.659260036932778 0.007685722650094733
Methods 0.005780346820809248 0.18632957819149354 0.001077049584921928
inherited 0.002890173410404624 0.9942522733438669 0.002873561483652794
clone 0.002890173410404624 0.8209805520698303 0.002372776162051533
equals 0.002890173410404624 0.9942522733438669 0.002873561483652794
finalize 0.002890173410404624 1.07880966137193 0.0031179469981847687
getClass 0.002890173410404624 1.07880966137193 0.0031179469981847687
hashCode 0.002890173410404624 0.9942522733438669 0.002873561483652794
notify 0.002890173410404624 1.0498221244986776 0.003034167989880571
notifyAll 0.002890173410404624 1.07880966137193 0.0031179469981847687
toString 0.002890173410404624 0.9675840262617057 0.002796485625033831
wait 0.002890173410404624 0.9942522733438669 0.002873561483652794
Details 0.002890173410404624 0.7550225842780328 0.002182146197335355
Generally 0.002890173410404624 1.3470736479666094 0.0038932764392098536
it 0.002890173410404624 0.47803580094299974 0.0013816063611069357
better 0.002890173410404624 2.407945608651872 0.0069593803718262185
start 0.005780346820809248 2.0402208285265546 0.011793183979922281
prepared 0.002890173410404624 3.912023005428146 0.011306424871179612
instead 0.002890173410404624 1.6607312068216509 0.004799801175785118
Also 0.005780346820809248 0.5108256237659907 0.0029527492703236456
Parameters 0.002890173410404624 0.5978370007556204 0.0017278526033399433
Returns 0.002890173410404624 0.9942522733438669 0.002873561483652794
All 0.005780346820809248 0.05129329438755048 2.964930311419103E-4
other 0.002890173410404624 0.8915981192837835 0.0025768731771207616
Links 0.005780346820809248 0.0408219945202552 2.359652862442497E-4
point 0.005780346820809248 1.7719568419318754 0.010242525097872112
ftp 0.002890173410404624 3.2188758248682006 0.009303109320428325
mailto 0.002890173410404624 3.912023005428146 0.011306424871179612
have 0.005780346820809248 0.6931471805599453 0.004006631101502574
rel 0.002890173410404624 3.2188758248682006 0.009303109320428325
nofollow 0.002890173410404624 3.2188758248682006 0.009303109320428325
Does 0.005780346820809248 0.43078291609245434 0.0024900746594939556
images 0.002890173410404624 2.5257286443082556 0.007299793769677039
do 0.005780346820809248 0.43078291609245434 0.0024900746594939556
but 0.002890173410404624 0.8209805520698303 0.002372776162051533
desired 0.002890173410404624 3.2188758248682006 0.009303109320428325
names 0.005780346820809248 0.6931471805599453 0.004006631101502574
chaining 0.002890173410404624 1.7719568419318754 0.005121262548936056
disallow 0.005780346820809248 3.2188758248682006 0.01860621864085665
on 0.002890173410404624 0.5447271754416719 0.001574355998386335
E 0.005780346820809248 0.7765287894989963 0.004488605719647377
g 0.002890173410404624 1.5606477482646683 0.004510542625042394
href 0.002890173410404624 1.5606477482646683 0.004510542625042394
To 0.005780346820809248 0.17435338714477774 0.00100782304707964
make 0.008670520231213872 1.3093333199837622 0.011352601040321637
valid 0.002890173410404624 2.302585092994046 0.00665487021096545
use 0.005780346820809248 0.010050335853501506 5.8094426898852636E-5
pseudo 0.002890173410404624 2.8134107167600364 0.008131244846127272
e 0.005780346820809248 0.7765287894989963 0.004488605719647377
added 0.008670520231213872 0.8675005677047231 0.00752168122287332
necessary 0.002890173410404624 2.407945608651872 0.0069593803718262185
List 0.008670520231213872 0.5798184952529422 0.005027327993522619
disallows 0.005780346820809248 3.2188758248682006 0.01860621864085665
invalid 0.002890173410404624 1.3862943611198906 0.004006631101502574
An 0.008670520231213872 0.16251892949777494 0.0014091236661656786
always 0.002890173410404624 2.0402208285265546 0.0058965919899611405
already 0.002890173410404624 1.8971199848858813 0.005483005736664396
has 0.005780346820809248 0.6931471805599453 0.004006631101502574
set 0.002890173410404624 0.4620354595965586 0.0013353625999900538
overridden 0.002890173410404624 2.8134107167600364 0.008131244846127272
output 0.002890173410404624 0.9675840262617057 0.002796485625033831
name 0.005780346820809248 0.6931471805599453 0.004006631101502574
By 0.005780346820809248 0.27443684570176036 0.0015863401485650887
false 0.002890173410404624 1.1394342831883648 0.0032931626681744646
URLs 0.005780346820809248 1.1086626245216111 0.006408454477003532
made 0.008670520231213872 1.3093333199837622 0.011352601040321637
protocol 0.005780346820809248 1.6607312068216509 0.009599602351570235
like 0.002890173410404624 1.171182981502945 0.0033849219118582225
Note 0.002890173410404624 1.3093333199837622 0.0037842003467738793
when 0.002890173410404624 0.843970070294529 0.002439219856342569
handling 0.002890173410404624 2.120263536200091 0.006127929295375986
input 0.002890173410404624 1.0216512475319812 0.002952749270323645
must 0.002890173410404624 1.1086626245216111 0.003204227238501766
URI 0.002890173410404624 1.5606477482646683 0.004510542625042394
parsing 0.002890173410404624 1.2729656758128876 0.00367909154859216
so 0.002890173410404624 1.3093333199837622 0.0037842003467738793
link 0.008670520231213872 0.0408219945202552 3.539479293663745E-4
confirmed 0.005780346820809248 3.2188758248682006 0.01860621864085665
Regardless 0.002890173410404624 2.302585092994046 0.00665487021096545
option 0.002890173410404624 2.407945608651872 0.0069593803718262185
resolvable 0.002890173410404624 3.2188758248682006 0.009303109320428325
otherwise 0.002890173410404624 1.2378743560016172 0.003577671549137622
true 0.002890173410404624 1.1086626245216111 0.003204227238501766
deny 0.002890173410404624 3.2188758248682006 0.009303109320428325
restricts 0.002890173410404624 3.2188758248682006 0.009303109320428325
possible 0.002890173410404624 1.7719568419318754 0.005121262548936056
values 0.005780346820809248 0.4620354595965586 0.0026707251999801077
defined 0.005780346820809248 0.9942522733438669 0.005747122967305588
anchor 0.002890173410404624 2.8134107167600364 0.008131244846127272
Tag 0.005780346820809248 0.843970070294529 0.004878439712685138
test 0.005780346820809248 1.1394342831883648 0.006586325336348929
consider 0.002890173410404624 2.5257286443082556 0.007299793769677039
allowing 0.011560693641618497 0.9942522733438669 0.011494245934611177
under 0.002890173410404624 2.407945608651872 0.0069593803718262185
confirm 0.005780346820809248 3.2188758248682006 0.01860621864085665
Copyright 0.002890173410404624 0.06187540371808745 1.7883064658406778E-4
Jonathan 0.002890173410404624 0.0 0.0
Hedley 0.002890173410404624 0.0 0.0
rights 0.002890173410404624 0.06187540371808745 1.7883064658406778E-4
reserved 0.002890173410404624 0.06187540371808745 1.7883064658406778E-4
