org 0.007518796992481203 0.05129329438755048 3.856638675755675E-4
jsoup 0.007518796992481203 0.0 0.0
safety 0.007518796992481203 0.9162907318741551 0.006889403999053798
Java 0.015037593984962405 0.010050335853501506 1.5113286997746624E-4
HTML 0.007518796992481203 0.0 0.0
Parser 0.007518796992481203 0.0 0.0
API 0.007518796992481203 0.0 0.0
Skip 0.007518796992481203 0.06187540371808745 4.6522859938411616E-4
navigation 0.007518796992481203 0.06187540371808745 4.6522859938411616E-4
links 0.007518796992481203 0.0408219945202552 3.0693228962597896E-4
Overview 0.007518796992481203 0.06187540371808745 4.6522859938411616E-4
Package 0.007518796992481203 0.06187540371808745 4.6522859938411616E-4
Class 0.015037593984962405 0.06187540371808745 9.304571987682323E-4
Use 0.007518796992481203 0.010050335853501506 7.556643498873312E-5
Tree 0.007518796992481203 0.0408219945202552 3.0693228962597896E-4
Deprecated 0.015037593984962405 0.06187540371808745 9.304571987682323E-4
Index 0.007518796992481203 0.06187540371808745 4.6522859938411616E-4
Help 0.007518796992481203 0.05129329438755048 3.856638675755675E-4
Contains 0.015037593984962405 0.5798184952529422 0.008719075116585595
the 0.015037593984962405 0.10536051565782635 0.001584368656508667
cleaner 0.015037593984962405 0.9162907318741551 0.013778807998107595
and 0.007518796992481203 0.09431067947124142 7.091028531672287E-4
safelist 0.015037593984962405 0.9162907318741551 0.013778807998107595
definitions 0.007518796992481203 0.7765287894989963 0.005838562327060122
Summary 0.007518796992481203 0.6931471805599453 0.005211632936540942
Description 0.015037593984962405 0.18632957819149354 0.0028019485442329854
Cleaner 0.015037593984962405 0.9162907318741551 0.013778807998107595
The 0.015037593984962405 0.10536051565782635 0.001584368656508667
based 0.007518796992481203 1.2729656758128876 0.00957117049483374
Safelist 0.015037593984962405 0.9162907318741551 0.013778807998107595
Safe 0.007518796992481203 1.3093333199837622 0.00984461142844934
lists 0.007518796992481203 1.7147984280919266 0.012893221263849071
define 0.007518796992481203 1.8325814637483102 0.013778807998107595
what 0.007518796992481203 1.5141277326297755 0.011384419042329138
elements 0.007518796992481203 0.8675005677047231 0.0065225606594340076
attributes 0.007518796992481203 0.3566749439387324 0.0026817664957799426
to 0.007518796992481203 0.17435338714477774 0.0013109277228930656
allow 0.007518796992481203 1.2729656758128876 0.00957117049483374
through 0.007518796992481203 1.2378743560016172 0.009307325984974565
Whitelist 0.007518796992481203 1.1086626245216111 0.008335809206929407
As 0.007518796992481203 0.32850406697203605 0.0024699553907671884
of 0.007518796992481203 0.1165338162559516 8.76194107187606E-4
release 0.007518796992481203 1.6607312068216509 0.012486700803170306
v 0.007518796992481203 1.3470736479666094 0.010128373292982025
this 0.007518796992481203 0.3424903089467759 0.0025751151048629766
class 0.022556390977443608 0.06187540371808745 0.0013956857981523485
is 0.007518796992481203 0.22314355131420976 0.0016777710625128553
deprecated 0.015037593984962405 0.06187540371808745 9.304571987682323E-4
in 0.007518796992481203 0.1508228897345837 0.0011340066897337119
favour 0.007518796992481203 2.302585092994046 0.017312669872135682
Copyright 0.007518796992481203 0.06187540371808745 4.6522859938411616E-4
Jonathan 0.007518796992481203 0.0 0.0
Hedley 0.007518796992481203 0.0 0.0
All 0.007518796992481203 0.05129329438755048 3.856638675755675E-4
rights 0.007518796992481203 0.06187540371808745 4.6522859938411616E-4
reserved 0.007518796992481203 0.06187540371808745 4.6522859938411616E-4
ml 0.007518796992481203 3.2188758248682006 0.024202073871189476
title 0.007518796992481203 1.8971199848858813 0.01426406003673595
interface 0.007518796992481203 0.653926467406664 0.0049167403564410826
java 0.015037593984962405 0.010050335853501506 1.5113286997746624E-4
sql 0.007518796992481203 1.6607312068216509 0.012486700803170306
Wrapper 0.007518796992481203 2.5257286443082556 0.018990440934648536
javax 0.007518796992481203 1.3093333199837622 0.00984461142844934
RowSet 0.015037593984962405 1.6607312068216509 0.024973401606340612
rowset 0.015037593984962405 1.6607312068216509 0.024973401606340612
spi 0.007518796992481203 1.7147984280919266 0.012893221263849071
SyncResolver 0.007518796992481203 2.659260036932778 0.019994436367915622
RowSetReader 0.007518796992481203 2.407945608651872 0.018104854200390014
XmlReader 0.007518796992481203 2.5257286443082556 0.018990440934648536
RowSetWriter 0.007518796992481203 2.407945608651872 0.018104854200390014
TransactionalWriter 0.007518796992481203 2.8134107167600364 0.021153464035789746
XmlWriter 0.007518796992481203 2.5257286443082556 0.018990440934648536
ResultSet 0.007518796992481203 2.302585092994046 0.017312669872135682
also 0.015037593984962405 0.5108256237659907 0.007681588327308131
extends 0.007518796992481203 0.653926467406664 0.0049167403564410826
lang 0.007518796992481203 0.653926467406664 0.0049167403564410826
AutoCloseable 0.007518796992481203 2.8134107167600364 0.021153464035789746
Platform 0.007518796992481203 1.07880966137193 0.008111350837382932
Standard 0.007518796992481203 1.1394342831883648 0.008567175061566653
Ed 0.007518796992481203 1.2729656758128876 0.00957117049483374
Prev 0.007518796992481203 1.2729656758128876 0.00957117049483374
Next 0.007518796992481203 1.171182981502945 0.008805887078969512
Frames 0.007518796992481203 1.3470736479666094 0.010128373292982025
No 0.007518796992481203 0.5798184952529422 0.0043595375582927975
Classes 0.022556390977443608 0.06187540371808745 0.0013956857981523485
Submit 0.007518796992481203 1.07880966137193 0.008111350837382932
a 0.007518796992481203 0.16251892949777494 0.0012219468383291349
bug 0.007518796992481203 1.1086626245216111 0.008335809206929407
or 0.007518796992481203 0.2613647641344075 0.001965148602514342
feature 0.007518796992481203 1.1394342831883648 0.008567175061566653
For 0.007518796992481203 0.083381608939051 6.269293905191804E-4
further 0.007518796992481203 0.9416085398584451 0.0070797634575822934
reference 0.007518796992481203 0.843970070294529 0.006345639626274654
developer 0.007518796992481203 1.07880966137193 0.008111350837382932
documentation 0.015037593984962405 0.9416085398584451 0.014159526915164587
see 0.007518796992481203 0.3566749439387324 0.0026817664957799426
SE 0.007518796992481203 1.1086626245216111 0.008335809206929407
Documentation 0.015037593984962405 0.9416085398584451 0.014159526915164587
That 0.007518796992481203 0.22314355131420976 0.0016777710625128553
contains 0.015037593984962405 0.5798184952529422 0.008719075116585595
more 0.007518796992481203 0.7339691750802005 0.005518565226166921
detailed 0.007518796992481203 1.0498221244986776 0.007893399432320885
targeted 0.007518796992481203 1.171182981502945 0.008805887078969512
descriptions 0.015037593984962405 0.18632957819149354 0.0028019485442329854
with 0.007518796992481203 0.23572233352106994 0.0017723483723388717
conceptual 0.007518796992481203 1.171182981502945 0.008805887078969512
overviews 0.007518796992481203 1.171182981502945 0.008805887078969512
terms 0.007518796992481203 1.0216512475319812 0.007681588327308129
workarounds 0.007518796992481203 1.171182981502945 0.008805887078969512
working 0.007518796992481203 0.9942522733438669 0.007475581002585465
code 0.007518796992481203 0.5108256237659907 0.0038407941636540654
examples 0.007518796992481203 0.7985076962177716 0.006003817264795275
Oracle 0.007518796992481203 0.8915981192837835 0.006703745257772808
its 0.007518796992481203 0.8675005677047231 0.0065225606594340076
affiliates 0.007518796992481203 1.171182981502945 0.008805887078969512
subject 0.007518796992481203 1.1394342831883648 0.008567175061566653
license 0.007518796992481203 1.1086626245216111 0.008335809206929407
Also 0.015037593984962405 0.5108256237659907 0.007681588327308131
redistribution 0.007518796992481203 1.171182981502945 0.008805887078969512
policy 0.007518796992481203 1.0216512475319812 0.007681588327308129
Scripting 0.007518796992481203 1.0216512475319812 0.007681588327308129
on 0.007518796992481203 0.5447271754416719 0.0040956930484336235
page 0.007518796992481203 0.843970070294529 0.006345639626274654
tracks 0.007518796992481203 1.07880966137193 0.008111350837382932
web 0.007518796992481203 0.8209805520698303 0.006172786105788198
traffic 0.007518796992481203 1.1086626245216111 0.008335809206929407
but 0.007518796992481203 0.8209805520698303 0.006172786105788198
does 0.007518796992481203 0.7339691750802005 0.005518565226166921
not 0.007518796992481203 0.3424903089467759 0.0025751151048629766
change 0.007518796992481203 0.9162907318741551 0.006889403999053798
content 0.007518796992481203 0.44628710262841953 0.0033555421250257107
any 0.007518796992481203 0.5978370007556204 0.004495015043275341
way 0.007518796992481203 1.1086626245216111 0.008335809206929407
