Uses 0.03278688524590164 0.010050335853501506 3.295192083115248E-4
of 0.00819672131147541 0.1165338162559516 9.551952152127181E-4
Package 0.00819672131147541 0.06187540371808745 5.071754403121923E-4
org 0.00819672131147541 0.05129329438755048 4.2043683924221706E-4
jsoup 0.01639344262295082 0.0 0.0
safety 0.00819672131147541 0.9162907318741551 0.007510579769460288
Java 0.00819672131147541 0.010050335853501506 8.23798020778812E-5
HTML 0.00819672131147541 0.0 0.0
Parser 0.00819672131147541 0.0 0.0
API 0.00819672131147541 0.0 0.0
Skip 0.00819672131147541 0.06187540371808745 5.071754403121923E-4
navigation 0.00819672131147541 0.06187540371808745 5.071754403121923E-4
links 0.00819672131147541 0.0408219945202552 3.346065124611082E-4
Overview 0.00819672131147541 0.06187540371808745 5.071754403121923E-4
Class 0.02459016393442623 0.06187540371808745 0.0015215263209365766
Use 0.01639344262295082 0.010050335853501506 1.647596041557624E-4
Tree 0.00819672131147541 0.0408219945202552 3.346065124611082E-4
Deprecated 0.01639344262295082 0.06187540371808745 0.0010143508806243846
Index 0.00819672131147541 0.06187540371808745 5.071754403121923E-4
Help 0.00819672131147541 0.05129329438755048 4.2043683924221706E-4
Packages 0.00819672131147541 0.9162907318741551 0.007510579769460288
that 0.01639344262295082 0.22314355131420976 0.00365809100515098
use 0.03278688524590164 0.010050335853501506 3.295192083115248E-4
Description 0.01639344262295082 0.18632957819149354 0.003054583249040878
Contains 0.01639344262295082 0.5798184952529422 0.00950522123365479
the 0.00819672131147541 0.10536051565782635 8.636107840805439E-4
main 0.00819672131147541 1.2378743560016172 0.010146511114767354
Jsoup 0.01639344262295082 0.0 0.0
class 0.02459016393442623 0.06187540371808745 0.0015215263209365766
which 0.00819672131147541 0.7550225842780328 0.006188709707196991
provides 0.00819672131147541 0.843970070294529 0.0069177874614305655
convenient 0.00819672131147541 1.6094379124341003 0.013192114036345085
static 0.00819672131147541 0.5621189181535412 0.004607532116012633
access 0.00819672131147541 0.8675005677047231 0.007110660391022321
to 0.00819672131147541 0.17435338714477774 0.0014291261241375225
functionality 0.00819672131147541 1.0498221244986776 0.008605099381136702
cleaner 0.00819672131147541 0.9162907318741551 0.007510579769460288
and 0.00819672131147541 0.09431067947124142 7.73038356321651E-4
safelist 0.01639344262295082 0.9162907318741551 0.015021159538920576
definitions 0.00819672131147541 0.7765287894989963 0.006364990077860626
Classes 0.02459016393442623 0.06187540371808745 0.0015215263209365766
in 0.00819672131147541 0.1508228897345837 0.001236253194545768
used 0.03278688524590164 0.010050335853501506 3.295192083115248E-4
by 0.00819672131147541 0.27443684570176036 0.002249482341817708
Safelist 0.01639344262295082 0.9162907318741551 0.015021159538920576
Safe 0.00819672131147541 1.3093333199837622 0.010732240327735756
lists 0.00819672131147541 1.7147984280919266 0.014055724820425629
define 0.00819672131147541 1.8325814637483102 0.015021159538920576
what 0.00819672131147541 1.5141277326297755 0.012410883054342422
elements 0.00819672131147541 0.8675005677047231 0.007110660391022321
attributes 0.00819672131147541 0.3566749439387324 0.002923565114251905
allow 0.00819672131147541 1.2729656758128876 0.010434144883712193
through 0.00819672131147541 1.2378743560016172 0.010146511114767354
Whitelist 0.00819672131147541 1.1086626245216111 0.00908739856165255
As 0.00819672131147541 0.32850406697203605 0.0026926562866560334
release 0.00819672131147541 1.6607312068216509 0.013612550875587303
v 0.00819672131147541 1.3470736479666094 0.011041587278414831
this 0.00819672131147541 0.3424903089467759 0.0028072976143178356
is 0.00819672131147541 0.22314355131420976 0.00182904550257549
deprecated 0.01639344262295082 0.06187540371808745 0.0010143508806243846
favour 0.00819672131147541 2.302585092994046 0.018873648303229885
Copyright 0.00819672131147541 0.06187540371808745 5.071754403121923E-4
Jonathan 0.00819672131147541 0.0 0.0
Hedley 0.00819672131147541 0.0 0.0
All 0.00819672131147541 0.05129329438755048 4.2043683924221706E-4
rights 0.00819672131147541 0.06187540371808745 5.071754403121923E-4
reserved 0.00819672131147541 0.06187540371808745 5.071754403121923E-4
Platform 0.00819672131147541 1.07880966137193 0.00884270214239287
Standard 0.00819672131147541 1.1394342831883648 0.009339625272035778
Ed 0.00819672131147541 1.2729656758128876 0.010434144883712193
Prev 0.00819672131147541 1.2729656758128876 0.010434144883712193
Next 0.00819672131147541 1.171182981502945 0.0095998605041225
Frames 0.00819672131147541 1.3470736479666094 0.011041587278414831
No 0.00819672131147541 0.5798184952529422 0.004752610616827395
Submit 0.00819672131147541 1.07880966137193 0.00884270214239287
a 0.00819672131147541 0.16251892949777494 0.0013321223729325816
bug 0.00819672131147541 1.1086626245216111 0.00908739856165255
or 0.00819672131147541 0.2613647641344075 0.002142334132249242
feature 0.00819672131147541 1.1394342831883648 0.009339625272035778
For 0.00819672131147541 0.083381608939051 6.834558109758279E-4
further 0.00819672131147541 0.9416085398584451 0.00771810278572496
reference 0.00819672131147541 0.843970070294529 0.0069177874614305655
developer 0.00819672131147541 1.07880966137193 0.00884270214239287
documentation 0.01639344262295082 0.9416085398584451 0.01543620557144992
see 0.00819672131147541 0.3566749439387324 0.002923565114251905
SE 0.00819672131147541 1.1086626245216111 0.00908739856165255
Documentation 0.01639344262295082 0.9416085398584451 0.01543620557144992
That 0.01639344262295082 0.22314355131420976 0.00365809100515098
contains 0.01639344262295082 0.5798184952529422 0.00950522123365479
more 0.00819672131147541 0.7339691750802005 0.006016140779345906
detailed 0.00819672131147541 1.0498221244986776 0.008605099381136702
targeted 0.00819672131147541 1.171182981502945 0.0095998605041225
descriptions 0.01639344262295082 0.18632957819149354 0.003054583249040878
with 0.00819672131147541 0.23572233352106994 0.0019321502747628686
conceptual 0.00819672131147541 1.171182981502945 0.0095998605041225
overviews 0.01639344262295082 0.06187540371808745 0.0010143508806243846
terms 0.00819672131147541 1.0216512475319812 0.00837419055354083
workarounds 0.00819672131147541 1.171182981502945 0.0095998605041225
working 0.00819672131147541 0.9942522733438669 0.008149608797900549
code 0.00819672131147541 0.5108256237659907 0.004187095276770416
examples 0.00819672131147541 0.7985076962177716 0.006545145050965342
Oracle 0.00819672131147541 0.8915981192837835 0.007308181305604783
its 0.00819672131147541 0.8675005677047231 0.007110660391022321
affiliates 0.00819672131147541 1.171182981502945 0.0095998605041225
subject 0.00819672131147541 1.1394342831883648 0.009339625272035778
license 0.00819672131147541 1.1086626245216111 0.00908739856165255
Also 0.00819672131147541 0.5108256237659907 0.004187095276770416
redistribution 0.00819672131147541 1.171182981502945 0.0095998605041225
policy 0.00819672131147541 1.0216512475319812 0.00837419055354083
Scripting 0.00819672131147541 1.0216512475319812 0.00837419055354083
on 0.00819672131147541 0.5447271754416719 0.004464976847882557
page 0.00819672131147541 0.843970070294529 0.0069177874614305655
tracks 0.00819672131147541 1.07880966137193 0.00884270214239287
web 0.00819672131147541 0.8209805520698303 0.0067293487874576265
traffic 0.00819672131147541 1.1086626245216111 0.00908739856165255
but 0.00819672131147541 0.8209805520698303 0.0067293487874576265
does 0.00819672131147541 0.7339691750802005 0.006016140779345906
not 0.00819672131147541 0.3424903089467759 0.0028072976143178356
change 0.00819672131147541 0.9162907318741551 0.007510579769460288
content 0.00819672131147541 0.44628710262841953 0.00365809100515098
any 0.00819672131147541 0.5978370007556204 0.004900303284882134
way 0.00819672131147541 1.1086626245216111 0.00908739856165255
