org 0.07462686567164178 0.05129329438755048 0.0038278577901157073
jsoup 0.11940298507462686 0.0 0.0
safety 0.07462686567164178 0.9162907318741551 0.06837990536374292
Class 0.05970149253731343 0.06187540371808745 0.0036940539533186537
Hierarchy 0.04477611940298507 1.5606477482646683 0.06987974992229858
Java 0.029850746268656716 0.010050335853501506 3.000100254776569E-4
HTML 0.014925373134328358 0.0 0.0
Parser 0.014925373134328358 0.0 0.0
API 0.014925373134328358 0.0 0.0
Skip 0.029850746268656716 0.06187540371808745 0.0018470269766593269
navigation 0.029850746268656716 0.06187540371808745 0.0018470269766593269
links 0.029850746268656716 0.0408219945202552 0.001218567000604633
Overview 0.029850746268656716 0.06187540371808745 0.0018470269766593269
Package 0.05970149253731343 0.06187540371808745 0.0036940539533186537
Use 0.029850746268656716 0.010050335853501506 3.000100254776569E-4
Tree 0.029850746268656716 0.0408219945202552 0.001218567000604633
Deprecated 0.029850746268656716 0.06187540371808745 0.0018470269766593269
Index 0.029850746268656716 0.06187540371808745 0.0018470269766593269
Help 0.029850746268656716 0.05129329438755048 0.001531143116046283
For 0.014925373134328358 0.083381608939051 0.001244501625955985
Hierarchies 0.014925373134328358 2.120263536200091 0.03164572442089688
All 0.029850746268656716 0.05129329438755048 0.001531143116046283
Packages 0.014925373134328358 0.9162907318741551 0.013675981072748583
java 0.029850746268656716 0.010050335853501506 3.000100254776569E-4
lang 0.014925373134328358 0.653926467406664 0.009760096528457673
Object 0.014925373134328358 0.43078291609245434 0.006429595762573946
Cleaner 0.014925373134328358 0.9162907318741551 0.013675981072748583
Safelist 0.014925373134328358 0.9162907318741551 0.013675981072748583
Whitelist 0.014925373134328358 1.1086626245216111 0.016547203351068823
Copyright 0.014925373134328358 0.06187540371808745 9.235134883296634E-4
Jonathan 0.014925373134328358 0.0 0.0
Hedley 0.014925373134328358 0.0 0.0
rights 0.014925373134328358 0.06187540371808745 9.235134883296634E-4
reserved 0.014925373134328358 0.06187540371808745 9.235134883296634E-4
8648152378662
