Download 0.021052631578947368 2.659260036932778 0.05598442183016374
and 0.031578947368421054 0.09431067947124142 0.0029782319833023606
install 0.021052631578947368 4.605170185988092 0.09695095128395982
jsoup 0.09824561403508772 0.0 0.0
News 0.0035087719298245615 1.9661128563728327 0.006898641601308185
Bugs 0.0035087719298245615 2.8134107167600364 0.009871616550035215
Discussion 0.0035087719298245615 2.8134107167600364 0.009871616550035215
API 0.0035087719298245615 0.0 0.0
Reference 0.0035087719298245615 0.843970070294529 0.0029612984922615052
Cookbook 0.0035087719298245615 2.8134107167600364 0.009871616550035215
Try 0.007017543859649123 2.120263536200091 0.014879042359298884
is 0.031578947368421054 0.18632957819149354 0.005884091942889269
available 0.007017543859649123 1.6607312068216509 0.011654254082958953
as 0.007017543859649123 0.32850406697203605 0.002305291698049376
a 0.014035087719298246 0.16251892949777494 0.0022809674315477186
downloadable 0.0035087719298245615 4.605170185988092 0.016158491880659973
jar 0.028070175438596492 2.5257286443082556 0.0708976461560212
java 0.010526315789473684 0.010050335853501506 1.0579300898422638E-4
library 0.014035087719298246 2.407945608651872 0.033795727840728026
The 0.028070175438596492 0.10536051565782635 0.0029574881588161784
current 0.0035087719298245615 1.5606477482646683 0.005475957011454977
release 0.010526315789473684 1.5606477482646683 0.01642787103436493
version 0.010526315789473684 1.9661128563728327 0.020695924803924553
core 0.0035087719298245615 1.171182981502945 0.004109413970185772
sources 0.014035087719298246 1.07880966137193 0.015141188229781475
optional 0.007017543859649123 2.120263536200091 0.014879042359298884
javadoc 0.007017543859649123 3.506557897319982 0.02460742384084198
What 0.0035087719298245615 1.5141277326297755 0.005312728886420265
s 0.014035087719298246 0.5447271754416719 0.007645293690409431
new 0.0035087719298245615 0.616186139423817 0.0021620566295572526
See 0.0035087719298245615 0.3566749439387324 0.0012514910313639732
the 0.028070175438596492 0.10536051565782635 0.0029574881588161784
announcement 0.0035087719298245615 2.995732273553991 0.010511341310715757
for 0.007017543859649123 0.083381608939051 5.851340978179017E-4
latest 0.0035087719298245615 2.5257286443082556 0.00886220576950265
changes 0.010526315789473684 1.3862943611198906 0.014592572222314637
or 0.007017543859649123 0.2613647641344075 0.0018341386956800528
changelog 0.0035087719298245615 3.912023005428146 0.013726396510274196
full 0.0035087719298245615 1.3862943611198906 0.004864190740771546
history 0.0035087719298245615 3.2188758248682006 0.011294301139888423
Previous 0.0035087719298245615 2.302585092994046 0.008079245940329986
releases 0.010526315789473684 1.5606477482646683 0.01642787103436493
of 0.0035087719298245615 0.1165338162559516 4.088905833542162E-4
are 0.031578947368421054 0.18632957819149354 0.005884091942889269
also 0.0035087719298245615 0.5108256237659907 0.0017923706097052307
Maven 0.010526315789473684 4.605170185988092 0.04847547564197991
If 0.010526315789473684 0.616186139423817 0.006486169888671757
you 0.042105263157894736 0.8209805520698303 0.03456760219241391
use 0.010526315789473684 0.010050335853501506 1.0579300898422638E-4
to 0.031578947368421054 0.17435338714477774 0.005505896436150876
manage 0.0035087719298245615 2.207274913189721 0.007744824256806039
dependencies 0.021052631578947368 4.605170185988092 0.09695095128395982
in 0.0035087719298245615 0.1508228897345837 5.292031218757323E-4
your 0.042105263157894736 0.8209805520698303 0.03456760219241391
Java 0.010526315789473684 0.010050335853501506 1.0579300898422638E-4
project 0.0035087719298245615 2.659260036932778 0.009330736971693957
do 0.0035087719298245615 0.9162907318741551 0.003215055199558439
not 0.007017543859649123 0.3424903089467759 0.0024034407645387784
need 0.007017543859649123 1.7147984280919266 0.012033673179592468
download 0.021052631578947368 2.659260036932778 0.05598442183016374
just 0.0035087719298245615 2.120263536200091 0.007439521179649442
place 0.0035087719298245615 2.995732273553991 0.010511341310715757
following 0.0035087719298245615 1.7147984280919266 0.006016836589796234
into 0.007017543859649123 0.8915981192837835 0.006256828907254621
POM 0.0035087719298245615 4.605170185988092 0.016158491880659973
section 0.0035087719298245615 2.207274913189721 0.007744824256806039
dependency 0.021052631578947368 4.605170185988092 0.09695095128395982
HTML 0.010526315789473684 0.0 0.0
parser 0.010526315789473684 0.0 0.0
https 0.014035087719298246 1.6607312068216509 0.023308508165917907
org 0.014035087719298246 0.05129329438755048 7.199058861410594E-4
groupId 0.007017543859649123 4.605170185988092 0.032316983761319945
artifactId 0.007017543859649123 4.605170185988092 0.032316983761319945
Gradle 0.0035087719298245615 4.605170185988092 0.016158491880659973
implementation 0.0035087719298245615 1.3470736479666094 0.0047265742033916125
Building 0.0035087719298245615 2.659260036932778 0.009330736971693957
from 0.007017543859649123 0.38566248081198473 0.002706403374119191
source 0.014035087719298246 1.07880966137193 0.015141188229781475
want 0.0035087719298245615 1.7719568419318754 0.006217392427831142
try 0.007017543859649123 2.120263536200091 0.014879042359298884
out 0.0035087719298245615 0.9675840262617057 0.0033950316710937042
yet 0.0035087719298245615 3.506557897319982 0.01230371192042099
unreleased 0.0035087719298245615 3.912023005428146 0.013726396510274196
would 0.0035087719298245615 2.0402208285265546 0.007158669573777384
like 0.0035087719298245615 1.171182981502945 0.004109413970185772
make 0.0035087719298245615 1.5606477482646683 0.005475957011454977
own 0.0035087719298245615 2.0402208285265546 0.007158669573777384
will 0.007017543859649123 0.5447271754416719 0.0038226468452047155
build 0.0035087719298245615 1.9661128563728327 0.006898641601308185
It 0.007017543859649123 0.47803580094299974 0.003354637199599998
easy 0.0035087719298245615 2.8134107167600364 0.009871616550035215
best 0.0035087719298245615 1.9661128563728327 0.006898641601308185
git 0.014035087719298246 4.605170185988092 0.06463396752263989
so 0.0035087719298245615 1.3093333199837622 0.004594151999943025
that 0.007017543859649123 0.22314355131420976 0.0015659196583453316
can 0.007017543859649123 0.7339691750802005 0.005150660877755793
stay 0.0035087719298245615 2.659260036932778 0.009330736971693957
up 0.007017543859649123 1.4271163556401458 0.010014851618527339
date 0.0035087719298245615 1.9661128563728327 0.006898641601308185
be 0.031578947368421054 0.18632957819149354 0.005884091942889269
able 0.0035087719298245615 2.8134107167600364 0.009871616550035215
contribute 0.0035087719298245615 3.506557897319982 0.01230371192042099
back 0.0035087719298245615 1.7719568419318754 0.006217392427831142
clone 0.0035087719298245615 0.8209805520698303 0.0028806335160344925
github 0.007017543859649123 2.659260036932778 0.018661473943387914
com 0.007017543859649123 1.8325814637483102 0.012860220798233755
jhy 0.007017543859649123 4.605170185988092 0.032316983761319945
cd 0.007017543859649123 3.506557897319982 0.02460742384084198
mvn 0.007017543859649123 4.605170185988092 0.032316983761319945
That 0.007017543859649123 0.22314355131420976 0.0015659196583453316
run 0.007017543859649123 0.9942522733438669 0.006977208935746435
unit 0.0035087719298245615 3.912023005428146 0.013726396510274196
integration 0.0035087719298245615 2.659260036932778 0.009330736971693957
tests 0.0035087719298245615 1.9661128563728327 0.006898641601308185
after 0.0035087719298245615 1.5606477482646683 0.005475957011454977
passing 0.0035087719298245615 2.995732273553991 0.010511341310715757
snapshot 0.0035087719298245615 4.605170185988092 0.016158491880659973
local 0.0035087719298245615 1.8325814637483102 0.006430110399116878
repository 0.0035087719298245615 2.995732273553991 0.010511341310715757
prefer 0.0035087719298245615 3.912023005428146 0.013726396510274196
zip 0.014035087719298246 2.659260036932778 0.03732294788677583
curl 0.0035087719298245615 4.605170185988092 0.016158491880659973
Lo 0.0035087719298245615 4.605170185988092 0.016158491880659973
archive 0.0035087719298245615 2.5257286443082556 0.00886220576950265
master 0.007017543859649123 3.506557897319982 0.02460742384084198
unzip 0.0035087719298245615 4.605170185988092 0.016158491880659973
Dependencies 0.021052631578947368 4.605170185988092 0.09695095128395982
entirely 0.0035087719298245615 2.995732273553991 0.010511341310715757
self 0.0035087719298245615 2.8134107167600364 0.009871616550035215
contained 0.0035087719298245615 2.120263536200091 0.007439521179649442
has 0.0035087719298245615 0.7550225842780328 0.0026492020500983606
no 0.0035087719298245615 0.5798184952529422 0.002034450860536639
runs 0.007017543859649123 0.9942522733438669 0.006977208935746435
on 0.0035087719298245615 0.5447271754416719 0.0019113234226023578
Scala 0.0035087719298245615 4.605170185988092 0.016158491880659973
Kotlin 0.0035087719298245615 4.605170185988092 0.016158491880659973
Android 0.0035087719298245615 4.605170185988092 0.016158491880659973
OSGi 0.0035087719298245615 4.605170185988092 0.016158491880659973
Lambda 0.0035087719298245615 4.605170185988092 0.016158491880659973
Google 0.0035087719298245615 3.2188758248682006 0.011294301139888423
App 0.0035087719298245615 2.995732273553991 0.010511341310715757
Engine 0.0035087719298245615 2.995732273553991 0.010511341310715757
Jonathan 0.0035087719298245615 0.0 0.0
Hedley 0.0035087719298245615 0.0 0.0
435338714477774 0.0012107874107276232
make 0.006944444444444444 1.5606477482646683 0.010837831585171308
your 0.013888888888888888 0.8209805520698303 0.011402507667636532
own 0.006944444444444444 2.0402208285265546 0.014168200198101073
you 0.013888888888888888 0.8209805520698303 0.011402507667636532
will 0.006944444444444444 0.5447271754416719 0.0037828276072338326
need 0.006944444444444444 1.7147984280919266 0.011908322417305045
to 0.006944444444444444 0.17435338714477774 0.0012107874107276232
build 0.006944444444444444 1.9661128563728327 0.013653561502589116
a 0.006944444444444444 0.16251892949777494 0.0011286036770678815
jar 0.006944444444444444 2.5257286443082556 0.017539782252140663
from 0.006944444444444444 0.38566248081198473 0.0026782116723054494
source 0.013888888888888888 1.07880966137193 0.014983467519054583
It 0.006944444444444444 0.47803580094299974 0.0033196930621041646
s 0.006944444444444444 0.5447271754416719 0.0037828276072338326
easy 0.006944444444444444 2.8134107167600364 0.019537574421944696
It 0.006944444444444444 0.47803580094299974 0.0033196930621041646
s 0.006944444444444444 0.5447271754416719 0.0037828276072338326
best 0.006944444444444444 1.9661128563728327 0.013653561502589116
to 0.006944444444444444 0.17435338714477774 0.0012107874107276232
use 0.006944444444444444 0.010050335853501506 6.979399898264934E-5
git 0.006944444444444444 4.605170185988092 0.03198034851380619
so 0.006944444444444444 1.3093333199837622 0.009092592499887238
that 0.013888888888888888 0.22314355131420976 0.0030992159904751353
you 0.013888888888888888 0.8209805520698303 0.011402507667636532
can 0.006944444444444444 0.7339691750802005 0.00509700816027917
stay 0.006944444444444444 2.659260036932778 0.018467083589810956
up 0.006944444444444444 1.4271163556401458 0.009910530247501012
to 0.006944444444444444 0.17435338714477774 0.0012107874107276232
date 0.006944444444444444 1.9661128563728327 0.013653561502589116
and 0.006944444444444444 0.09431067947124142 6.549352741058431E-4
be 0.027777777777777776 0.18632957819149354 0.005175821616430376
able 0.006944444444444444 2.8134107167600364 0.019537574421944696
to 0.006944444444444444 0.17435338714477774 0.0012107874107276232
contribute 0.006944444444444444 3.506557897319982 0.024351096509166538
your 0.013888888888888888 0.8209805520698303 0.011402507667636532
changes 0.006944444444444444 1.3862943611198906 0.009627044174443685
back 0.006944444444444444 1.7719568419318754 0.012305255846749134
git 0.006944444444444444 4.605170185988092 0.03198034851380619
clone 0.006944444444444444 0.8209805520698303 0.005701253833818266
https 0.006944444444444444 1.6607312068216509 0.011532855602928131
github 0.006944444444444444 2.659260036932778 0.018467083589810956
com 0.006944444444444444 1.8325814637483102 0.01272626016491882
jhy 0.006944444444444444 4.605170185988092 0.03198034851380619
jsoup 0.006944444444444444 0.0 0.0
git 0.006944444444444444 4.605170185988092 0.03198034851380619
cd 0.006944444444444444 3.506557897319982 0.024351096509166538
jsoup 0.006944444444444444 0.0 0.0
mvn 0.006944444444444444 4.605170185988092 0.03198034851380619
install 0.006944444444444444 4.605170185988092 0.03198034851380619
That 0.013888888888888888 0.22314355131420976 0.0030992159904751353
will 0.006944444444444444 0.5447271754416719 0.0037828276072338326
run 0.013888888888888888 0.9942522733438669 0.013809059351998151
the 0.013888888888888888 0.10536051565782635 0.0014633404952475882
unit 0.006944444444444444 3.912023005428146 0.027166826426584346
and 0.006944444444444444 0.09431067947124142 6.549352741058431E-4
integration 0.006944444444444444 2.659260036932778 0.018467083589810956
tests 0.006944444444444444 1.9661128563728327 0.013653561502589116
and 0.006944444444444444 0.09431067947124142 6.549352741058431E-4
after 0.006944444444444444 1.5606477482646683 0.010837831585171308
passing 0.006944444444444444 2.995732273553991 0.020803696344124937
install 0.006944444444444444 4.605170185988092 0.03198034851380619
a 0.006944444444444444 0.16251892949777494 0.0011286036770678815
snapshot 0.006944444444444444 4.605170185988092 0.03198034851380619
jar 0.006944444444444444 2.5257286443082556 0.017539782252140663
into 0.006944444444444444 0.8915981192837835 0.006191653606137385
your 0.013888888888888888 0.8209805520698303 0.011402507667636532
local 0.006944444444444444 1.8325814637483102 0.01272626016491882
Maven 0.006944444444444444 4.605170185988092 0.03198034851380619
repository 0.006944444444444444 2.995732273553991 0.020803696344124937
If 0.006944444444444444 0.616186139423817 0.004279070412665395
you 0.013888888888888888 0.8209805520698303 0.011402507667636532
prefer 0.006944444444444444 3.912023005428146 0.027166826426584346
to 0.006944444444444444 0.17435338714477774 0.0012107874107276232
not 0.006944444444444444 0.3424903089467759 0.002378404923241499
use 0.006944444444444444 0.010050335853501506 6.979399898264934E-5
git 0.006944444444444444 4.605170185988092 0.03198034851380619
you 0.013888888888888888 0.8209805520698303 0.011402507667636532
can 0.006944444444444444 0.7339691750802005 0.00509700816027917
download 0.013888888888888888 2.659260036932778 0.03693416717962191
a 0.006944444444444444 0.16251892949777494 0.0011286036770678815
zip 0.006944444444444444 2.659260036932778 0.018467083589810956
curl 0.006944444444444444 4.605170185988092 0.03198034851380619
Lo 0.006944444444444444 4.605170185988092 0.03198034851380619
jsoup 0.006944444444444444 0.0 0.0
zip 0.006944444444444444 2.659260036932778 0.018467083589810956
https 0.006944444444444444 1.6607312068216509 0.011532855602928131
github 0.006944444444444444 2.659260036932778 0.018467083589810956
com 0.006944444444444444 1.8325814637483102 0.01272626016491882
jhy 0.006944444444444444 4.605170185988092 0.03198034851380619
jsoup 0.006944444444444444 0.0 0.0
archive 0.006944444444444444 2.5257286443082556 0.017539782252140663
master 0.006944444444444444 3.506557897319982 0.024351096509166538
zip 0.006944444444444444 2.659260036932778 0.018467083589810956
unzip 0.006944444444444444 4.605170185988092 0.03198034851380619
jsoup 0.006944444444444444 0.0 0.0
zip 0.006944444444444444 2.659260036932778 0.018467083589810956
cd 0.006944444444444444 3.506557897319982 0.024351096509166538
jsoup 0.006944444444444444 0.0 0.0
master 0.006944444444444444 3.506557897319982 0.024351096509166538
mvn 0.006944444444444444 4.605170185988092 0.03198034851380619
install 0.006944444444444444 4.605170185988092 0.03198034851380619
Dependencies 0.020833333333333332 4.605170185988092 0.09594104554141858
jsoup 0.006944444444444444 0.0 0.0
is 0.027777777777777776 0.18632957819149354 0.005175821616430376
entirely 0.006944444444444444 2.995732273553991 0.020803696344124937
self 0.006944444444444444 2.8134107167600364 0.019537574421944696
contained 0.006944444444444444 2.120263536200091 0.014724052334722853
and 0.006944444444444444 0.09431067947124142 6.549352741058431E-4
has 0.006944444444444444 0.7550225842780328 0.005243212390819672
no 0.006944444444444444 0.5798184952529422 0.004026517328145431
dependencies 0.020833333333333332 4.605170185988092 0.09594104554141858
jsoup 0.006944444444444444 0.0 0.0
runs 0.013888888888888888 0.9942522733438669 0.013809059351998151
on 0.006944444444444444 0.5447271754416719 0.0037828276072338326
Java 0.013888888888888888 0.010050335853501506 1.395879979652987E-4
and 0.006944444444444444 0.09431067947124142 6.549352741058431E-4
up 0.006944444444444444 1.4271163556401458 0.009910530247501012
Scala 0.006944444444444444 4.605170185988092 0.03198034851380619
Kotlin 0.006944444444444444 4.605170185988092 0.03198034851380619
Android 0.006944444444444444 4.605170185988092 0.03198034851380619
OSGi 0.006944444444444444 4.605170185988092 0.03198034851380619
Lambda 0.006944444444444444 4.605170185988092 0.03198034851380619
and 0.006944444444444444 0.09431067947124142 6.549352741058431E-4
Google 0.006944444444444444 3.2188758248682006 0.022353304339362504
App 0.006944444444444444 2.995732273553991 0.020803696344124937
Engine 0.006944444444444444 2.995732273553991 0.020803696344124937
jsoup 0.006944444444444444 0.0 0.0
HTML 0.006944444444444444 0.0 0.0
parser 0.006944444444444444 0.0 0.0
Jonathan 0.006944444444444444 0.0 0.0
Hedley 0.006944444444444444 0.0 0.0
