Uses 0.024539877300613498 0.010050335853501506 2.466340086748836E-4
of 0.006134969325153374 0.1165338162559516 7.149313880733227E-4
Class 0.024539877300613498 0.06187540371808745 0.0015184148151677903
org 0.006134969325153374 0.05129329438755048 3.146827876536839E-4
jsoup 0.006134969325153374 0.0 0.0
safety 0.006134969325153374 0.9162907318741551 0.005621415532970277
Cleaner 0.006134969325153374 0.9162907318741551 0.005621415532970277
Java 0.006134969325153374 0.010050335853501506 6.16585021687209E-5
HTML 0.006134969325153374 0.0 0.0
Parser 0.006134969325153374 0.0 0.0
API 0.006134969325153374 0.0 0.0
Skip 0.006134969325153374 0.06187540371808745 3.796037037919476E-4
navigation 0.006134969325153374 0.06187540371808745 3.796037037919476E-4
links 0.006134969325153374 0.0408219945202552 2.504416841733448E-4
Overview 0.006134969325153374 0.06187540371808745 3.796037037919476E-4
Package 0.006134969325153374 0.06187540371808745 3.796037037919476E-4
Use 0.012269938650306749 0.010050335853501506 1.233170043374418E-4
Tree 0.006134969325153374 0.0408219945202552 2.504416841733448E-4
Deprecated 0.006134969325153374 0.06187540371808745 3.796037037919476E-4
Index 0.006134969325153374 0.06187540371808745 3.796037037919476E-4
Help 0.006134969325153374 0.05129329438755048 3.146827876536839E-4
No 0.006134969325153374 0.5798184952529422 0.0035571686825333878
usage 0.006134969325153374 2.0402208285265546 0.012516692199549415
Copyright 0.006134969325153374 0.06187540371808745 3.796037037919476E-4
Jonathan 0.006134969325153374 0.0 0.0
Hedley 0.006134969325153374 0.0 0.0
All 0.012269938650306749 0.05129329438755048 6.293655753073678E-4
rights 0.006134969325153374 0.06187540371808745 3.796037037919476E-4
reserved 0.006134969325153374 0.06187540371808745 3.796037037919476E-4
d 0.006134969325153374 1.8971199848858813 0.011638772913410315
class 0.024539877300613498 0.06187540371808745 0.0015184148151677903
colLast 0.006134969325153374 4.605170185988092 0.028252577828147805
The 0.012269938650306749 0.10536051565782635 0.0012927670632862129
standard 0.012269938650306749 1.1394342831883648 0.013980788750777483
classes 0.024539877300613498 0.06187540371808745 0.0015184148151677903
and 0.006134969325153374 0.09431067947124142 5.785931255904382E-4
interfaces 0.012269938650306749 0.616186139423817 0.007560566127899595
that 0.012269938650306749 0.22314355131420976 0.00273795768483693
a 0.018404907975460124 0.16251892949777494 0.0029911459416768395
third 0.006134969325153374 2.5257286443082556 0.015495267756492365
party 0.006134969325153374 2.8134107167600364 0.01726018844638059
vendor 0.006134969325153374 2.995732273553991 0.018378725604625713
has 0.006134969325153374 0.7550225842780328 0.0046320403943437595
to 0.006134969325153374 0.17435338714477774 0.001069652681869802
use 0.024539877300613498 0.010050335853501506 2.466340086748836E-4
in 0.006134969325153374 0.1508228897345837 9.252938020526607E-4
its 0.006134969325153374 0.8675005677047231 0.005322089372421614
implementation 0.012269938650306749 1.2378743560016172 0.01518864240492782
synchronization 0.006134969325153374 2.302585092994046 0.014126288914073902
provider 0.006134969325153374 1.8971199848858813 0.011638772913410315
Classes 0.024539877300613498 0.06187540371808745 0.0015184148151677903
javax 0.006134969325153374 1.3093333199837622 0.00803271975450161
sql 0.012269938650306749 1.6607312068216509 0.020377070022351545
rowset 0.012269938650306749 1.6607312068216509 0.020377070022351545
used 0.024539877300613498 0.010050335853501506 2.466340086748836E-4
by 0.006134969325153374 0.27443684570176036 0.0016836616300721495
Description 0.012269938650306749 0.18632957819149354 0.00228625249314716
CachedRowSet 0.006134969325153374 2.120263536200091 0.01300775175582878
interface 0.012269938650306749 0.616186139423817 0.007560566127899595
all 0.012269938650306749 0.05129329438755048 6.293655753073678E-4
implementations 0.012269938650306749 1.2378743560016172 0.01518864240492782
must 0.006134969325153374 1.1086626245216111 0.006801611193384118
implement 0.006134969325153374 1.7147984280919266 0.010520235755165194
FilteredRowSet 0.006134969325153374 2.5257286443082556 0.015495267756492365
JdbcRowSet 0.006134969325153374 2.5257286443082556 0.015495267756492365
Joinable 0.006134969325153374 2.5257286443082556 0.015495267756492365
Background 0.006134969325153374 2.407945608651872 0.014772672445717006
JoinRowSet 0.006134969325153374 2.302585092994046 0.014126288914073902
provides 0.006134969325153374 0.843970070294529 0.005177730492604472
mechanism 0.006134969325153374 2.0402208285265546 0.012516692199549415
for 0.012269938650306749 0.083381608939051 0.0010230872262460245
combining 0.006134969325153374 2.659260036932778 0.016314478754188823
related 0.006134969325153374 1.8971199848858813 0.011638772913410315
data 0.006134969325153374 0.5978370007556204 0.003667711661077426
from 0.006134969325153374 0.38566248081198473 0.002366027489644078
different 0.006134969325153374 2.120263536200091 0.01300775175582878
RowSet 0.012269938650306749 1.6607312068216509 0.020377070022351545
objects 0.012269938650306749 0.38566248081198473 0.004732054979288156
into 0.006134969325153374 0.8915981192837835 0.005469927112170451
one 0.006134969325153374 1.07880966137193 0.00661846418019589
object 0.012269938650306749 0.38566248081198473 0.004732054979288156
which 0.006134969325153374 0.7550225842780328 0.0046320403943437595
represents 0.006134969325153374 1.8971199848858813 0.011638772913410315
an 0.018404907975460124 0.16251892949777494 0.0029911459416768395
SQL 0.012269938650306749 1.6607312068216509 0.020377070022351545
JOIN 0.006134969325153374 2.5257286443082556 0.015495267756492365
Predicate 0.006134969325153374 2.8134107167600364 0.01726018844638059
the 0.012269938650306749 0.10536051565782635 0.0012927670632862129
framework 0.006134969325153374 2.120263536200091 0.01300775175582878
describe 0.006134969325153374 2.407945608651872 0.014772672445717006
their 0.006134969325153374 1.2729656758128876 0.0078096053730852
filters 0.006134969325153374 2.995732273553991 0.018378725604625713
RowSetFactory 0.006134969325153374 2.8134107167600364 0.01726018844638059
An 0.018404907975460124 0.16251892949777494 0.0029911459416768395
defines 0.006134969325153374 1.8971199848858813 0.011638772913410315
factory 0.006134969325153374 2.207274913189721 0.013541563884599516
is 0.006134969325153374 0.22314355131420976 0.001368978842418465
obtain 0.006134969325153374 2.120263536200091 0.01300775175582878
types 0.006134969325153374 1.6094379124341003 0.009873852223522089
RowSetWarning 0.006134969325153374 2.8134107167600364 0.01726018844638059
extension 0.006134969325153374 2.120263536200091 0.01300775175582878
SQLException 0.006134969325153374 2.407945608651872 0.014772672445717006
information 0.006134969325153374 1.3470736479666094 0.008264255508997604
about 0.006134969325153374 1.4696759700589417 0.009016416994226636
database 0.006134969325153374 1.8971199848858813 0.011638772913410315
warnings 0.006134969325153374 3.506557897319982 0.021512625136932403
set 0.006134969325153374 0.4620354595965586 0.0028345733717580284
on 0.006134969325153374 0.5447271754416719 0.0033418845119120976
WebRowSet 0.006134969325153374 2.5257286443082556 0.015495267756492365
spi 0.006134969325153374 1.7147984280919266 0.010520235755165194
Platform 0.006134969325153374 1.07880966137193 0.00661846418019589
Standard 0.012269938650306749 1.1394342831883648 0.013980788750777483
Ed 0.006134969325153374 1.2729656758128876 0.0078096053730852
Prev 0.006134969325153374 1.2729656758128876 0.0078096053730852
Next 0.006134969325153374 1.171182981502945 0.00718517166566224
Frames 0.006134969325153374 1.3470736479666094 0.008264255508997604
Submit 0.006134969325153374 1.07880966137193 0.00661846418019589
bug 0.006134969325153374 1.1086626245216111 0.006801611193384118
or 0.006134969325153374 0.2613647641344075 0.0016034648106405369
feature 0.006134969325153374 1.1394342831883648 0.006990394375388741
For 0.012269938650306749 0.083381608939051 0.0010230872262460245
further 0.006134969325153374 0.9416085398584451 0.005776739508334019
reference 0.006134969325153374 0.843970070294529 0.005177730492604472
developer 0.006134969325153374 1.07880966137193 0.00661846418019589
documentation 0.012269938650306749 0.9416085398584451 0.011553479016668039
see 0.006134969325153374 0.3566749439387324 0.0021881898401149226
SE 0.006134969325153374 1.1086626245216111 0.006801611193384118
Documentation 0.012269938650306749 0.9416085398584451 0.011553479016668039
That 0.012269938650306749 0.22314355131420976 0.00273795768483693
contains 0.006134969325153374 0.5798184952529422 0.0035571686825333878
more 0.006134969325153374 0.7339691750802005 0.004502878374725156
detailed 0.006134969325153374 1.0498221244986776 0.006440626530666734
targeted 0.006134969325153374 1.171182981502945 0.00718517166566224
descriptions 0.012269938650306749 0.18632957819149354 0.00228625249314716
with 0.006134969325153374 0.23572233352106994 0.001446149285405337
conceptual 0.006134969325153374 1.171182981502945 0.00718517166566224
overviews 0.006134969325153374 1.171182981502945 0.00718517166566224
definitions 0.006134969325153374 0.7765287894989963 0.004763980303674824
terms 0.006134969325153374 1.0216512475319812 0.006267799064613382
workarounds 0.006134969325153374 1.171182981502945 0.00718517166566224
working 0.006134969325153374 0.9942522733438669 0.006099707198428631
code 0.006134969325153374 0.5108256237659907 0.0031338995323066917
examples 0.006134969325153374 0.7985076962177716 0.004898820222194918
Oracle 0.006134969325153374 0.8915981192837835 0.005469927112170451
affiliates 0.006134969325153374 1.171182981502945 0.00718517166566224
subject 0.006134969325153374 1.1394342831883648 0.006990394375388741
license 0.006134969325153374 1.1086626245216111 0.006801611193384118
Also 0.006134969325153374 0.5108256237659907 0.0031338995323066917
redistribution 0.006134969325153374 1.171182981502945 0.00718517166566224
policy 0.006134969325153374 1.0216512475319812 0.006267799064613382
Scripting 0.006134969325153374 1.0216512475319812 0.006267799064613382
this 0.006134969325153374 0.3424903089467759 0.0021011675395507723
page 0.006134969325153374 0.843970070294529 0.005177730492604472
tracks 0.006134969325153374 1.07880966137193 0.00661846418019589
web 0.006134969325153374 0.8209805520698303 0.005036690503495892
traffic 0.006134969325153374 1.1086626245216111 0.006801611193384118
but 0.006134969325153374 0.8209805520698303 0.005036690503495892
does 0.006134969325153374 0.7339691750802005 0.004502878374725156
not 0.006134969325153374 0.3424903089467759 0.0021011675395507723
change 0.006134969325153374 0.9162907318741551 0.005621415532970277
content 0.006134969325153374 0.44628710262841953 0.00273795768483693
any 0.006134969325153374 0.5978370007556204 0.003667711661077426
way 0.006134969325153374 1.1086626245216111 0.006801611193384118
