Uses 0.009259259259259259 0.9942522733438669 0.009206039567998767
of 0.004629629629629629 0.1165338162559516 5.395084085923686E-4
Class 0.018518518518518517 0.06187540371808745 0.001145840809594212
org 0.004629629629629629 0.05129329438755048 2.374689554979189E-4
jsoup 0.009259259259259259 0.0 0.0
safety 0.004629629629629629 0.9162907318741551 0.0042420867216396065
Whitelist 0.009259259259259259 1.1086626245216111 0.010265394671496399
Java 0.004629629629629629 0.010050335853501506 4.652933265509956E-5
HTML 0.004629629629629629 0.0 0.0
Parser 0.004629629629629629 0.0 0.0
API 0.004629629629629629 0.0 0.0
Skip 0.004629629629629629 0.06187540371808745 2.86460202398553E-4
navigation 0.004629629629629629 0.06187540371808745 2.86460202398553E-4
links 0.004629629629629629 0.0408219945202552 1.8899071537155184E-4
Overview 0.004629629629629629 0.06187540371808745 2.86460202398553E-4
Package 0.009259259259259259 0.06187540371808745 5.72920404797106E-4
Use 0.009259259259259259 0.010050335853501506 9.305866531019912E-5
Tree 0.004629629629629629 0.0408219945202552 1.8899071537155184E-4
Deprecated 0.004629629629629629 0.06187540371808745 2.86460202398553E-4
Index 0.004629629629629629 0.06187540371808745 2.86460202398553E-4
Help 0.004629629629629629 0.05129329438755048 2.374689554979189E-4
Packages 0.004629629629629629 0.9162907318741551 0.0042420867216396065
that 0.009259259259259259 0.22314355131420976 0.0020661439936500905
use 0.023148148148148147 0.010050335853501506 2.3264666327549782E-4
Description 0.009259259259259259 0.18632957819149354 0.0017252738721434586
Contains 0.009259259259259259 0.5798184952529422 0.005368689770860575
the 0.009259259259259259 0.10536051565782635 9.755603301650588E-4
main 0.004629629629629629 1.2378743560016172 0.005730899796303783
Jsoup 0.009259259259259259 0.0 0.0
class 0.018518518518518517 0.06187540371808745 0.001145840809594212
which 0.004629629629629629 0.7550225842780328 0.0034954749272131146
provides 0.004629629629629629 0.843970070294529 0.0039072688439561526
convenient 0.004629629629629629 1.6094379124341003 0.007451101446454168
static 0.004629629629629629 0.5621189181535412 0.002602402398858987
access 0.004629629629629629 0.8675005677047231 0.00401620633196631
to 0.004629629629629629 0.17435338714477774 8.071916071517488E-4
functionality 0.004629629629629629 1.0498221244986776 0.004860287613419803
cleaner 0.009259259259259259 0.9162907318741551 0.008484173443279213
and 0.004629629629629629 0.09431067947124142 4.3662351607056207E-4
safelist 0.004629629629629629 0.9162907318741551 0.0042420867216396065
definitions 0.004629629629629629 0.7765287894989963 0.0035950406921249826
in 0.004629629629629629 0.1508228897345837 6.982541191415911E-4
Methods 0.009259259259259259 0.18632957819149354 0.0017252738721434586
with 0.004629629629629629 0.23572233352106994 0.001091307099634583
parameters 0.004629629629629629 0.5978370007556204 0.0027677638923871315
type 0.009259259259259259 0.44628710262841953 0.004132287987300181
Modifier 0.004629629629629629 0.653926467406664 0.003027437349104926
Type 0.009259259259259259 0.44628710262841953 0.004132287987300181
Method 0.009259259259259259 0.18632957819149354 0.0017252738721434586
String 0.004629629629629629 0.4155154439616658 0.0019236826109336378
clean 0.004629629629629629 1.4271163556401458 0.0066070201650006745
bodyHtml 0.004629629629629629 2.0402208285265546 0.009445466798734049
baseUri 0.004629629629629629 1.9661128563728327 0.00910237433505941
as 0.004629629629629629 0.32850406697203605 0.0015208521619075742
Document 0.004629629629629629 0.40047756659712536 0.0018540628083200247
OutputSettings 0.009259259259259259 1.1394342831883648 0.010550317436929304
outputSettings 0.009259259259259259 1.1394342831883648 0.010550317436929304
boolean 0.004629629629629629 0.653926467406664 0.003027437349104926
isValid 0.004629629629629629 1.7719568419318754 0.008203503897832757
return 0.004629629629629629 1.3470736479666094 0.006236452073919488
addAttributes 0.004629629629629629 2.120263536200091 0.009816034889815235
tag 0.009259259259259259 0.7550225842780328 0.006990949854426229
attributes 0.009259259259259259 0.3147107448397002 0.002913988378145372
addEnforcedAttribute 0.004629629629629629 2.302585092994046 0.01066011617126873
attribute 0.009259259259259259 0.3147107448397002 0.002913988378145372
value 0.004629629629629629 0.5447271754416719 0.002521885071489222
addProtocols 0.004629629629629629 2.302585092994046 0.01066011617126873
protocols 0.004629629629629629 2.120263536200091 0.009816034889815235
addTags 0.004629629629629629 2.302585092994046 0.01066011617126873
tags 0.009259259259259259 0.7550225842780328 0.006990949854426229
basic 0.004629629629629629 1.4696759700589417 0.006804055416939544
basicWithImages 0.004629629629629629 2.302585092994046 0.01066011617126873
none 0.004629629629629629 1.7719568419318754 0.008203503897832757
preserveRelativeLinks 0.004629629629629629 1.8971199848858813 0.00878296289299019
preserve 0.004629629629629629 1.7719568419318754 0.008203503897832757
relaxed 0.004629629629629629 2.302585092994046 0.01066011617126873
removeAttributes 0.004629629629629629 2.302585092994046 0.01066011617126873
removeEnforcedAttribute 0.004629629629629629 2.302585092994046 0.01066011617126873
removeProtocols 0.004629629629629629 2.302585092994046 0.01066011617126873
removeTags 0.004629629629629629 2.302585092994046 0.01066011617126873
simpleText 0.004629629629629629 2.302585092994046 0.01066011617126873
Constructors 0.004629629629629629 0.8915981192837835 0.004127769070758257
Constructor 0.004629629629629629 0.6733445532637655 0.003117335894739655
Cleaner 0.009259259259259259 0.9162907318741551 0.008484173443279213
whitelist 0.009259259259259259 1.1086626245216111 0.010265394671496399
Copyright 0.004629629629629629 0.06187540371808745 2.86460202398553E-4
Jonathan 0.004629629629629629 0.0 0.0
Hedley 0.004629629629629629 0.0 0.0
All 0.004629629629629629 0.05129329438755048 2.374689554979189E-4
rights 0.004629629629629629 0.06187540371808745 2.86460202398553E-4
reserved 0.004629629629629629 0.06187540371808745 2.86460202398553E-4
no 0.009259259259259259 0.5798184952529422 0.005368689770860575
conflict 0.004629629629629629 2.659260036932778 0.012311389059873971
Close 0.004629629629629629 1.9661128563728327 0.00910237433505941
connection 0.004629629629629629 1.2039728043259361 0.00557394816817563
The 0.009259259259259259 0.10536051565782635 9.755603301650588E-4
RowSet 0.004629629629629629 1.6607312068216509 0.007688570401952087
interface 0.009259259259259259 0.616186139423817 0.005705427216887194
may 0.004629629629629629 1.07880966137193 0.004994489173018194
be 0.013888888888888888 0.18632957819149354 0.002587910808215188
implemented 0.009259259259259259 0.5978370007556204 0.005535527784774263
any 0.004629629629629629 0.5978370007556204 0.0027677638923871315
number 0.004629629629629629 1.2378743560016172 0.005730899796303783
ways 0.009259259259259259 1.1086626245216111 0.010265394671496399
anyone 0.004629629629629629 2.995732273553991 0.01386913089608329
write 0.004629629629629629 2.120263536200091 0.009816034889815235
an 0.009259259259259259 0.16251892949777494 0.0015048049027571752
implementation 0.004629629629629629 1.3470736479666094 0.006236452073919488
Developers 0.009259259259259259 0.9942522733438669 0.009206039567998767
are 0.013888888888888888 0.18632957819149354 0.002587910808215188
encouraged 0.004629629629629629 3.912023005428146 0.018111217617722896
their 0.004629629629629629 1.2729656758128876 0.005893359610244849
imaginations 0.004629629629629629 3.912023005428146 0.018111217617722896
coming 0.004629629629629629 3.2188758248682006 0.014902202892908336
up 0.004629629629629629 1.4271163556401458 0.0066070201650006745
new 0.004629629629629629 0.616186139423817 0.002852713608443597
rowsets 0.004629629629629629 3.912023005428146 0.018111217617722896
IMPORTANT 0.004629629629629629 2.995732273553991 0.01386913089608329
NOTE 0.004629629629629629 1.3093333199837622 0.006061728333258158
Code 0.009259259259259259 0.5108256237659907 0.004729866886722136
uses 0.023148148148148147 0.010050335853501506 2.3264666327549782E-4
marked 0.004629629629629629 3.506557897319982 0.01623406433944436
Since 0.004629629629629629 1.8971199848858813 0.00878296289299019
must 0.004629629629629629 1.1086626245216111 0.0051326973357481995
run 0.004629629629629629 1.1086626245216111 0.0051326973357481995
using 0.023148148148148147 0.010050335853501506 2.3264666327549782E-4
a 0.009259259259259259 0.16251892949777494 0.0015048049027571752
JDBC 0.004629629629629629 2.407945608651872 0.011147896336351258
technology 0.004629629629629629 1.7147984280919266 0.007938881611536696
driver 0.004629629629629629 2.207274913189721 0.010218865338841301
implements 0.009259259259259259 0.5978370007556204 0.005535527784774263
You 0.013888888888888888 0.8209805520698303 0.011402507667636532
check 0.004629629629629629 1.3093333199837622 0.006061728333258158
your 0.013888888888888888 0.8209805520698303 0.011402507667636532
documentation 0.009259259259259259 0.9416085398584451 0.008718597591281898
sure 0.004629629629629629 2.207274913189721 0.010218865338841301
it 0.004629629629629629 0.47803580094299974 0.0022131287080694433
particular 0.004629629629629629 2.0402208285265546 0.009445466798734049
features 0.009259259259259259 0.9942522733438669 0.009206039567998767
you 0.013888888888888888 0.8209805520698303 0.011402507667636532
want 0.004629629629629629 1.7719568419318754 0.008203503897832757
Specification 0.004629629629629629 1.6607312068216509 0.007688570401952087
Related 0.004629629629629629 1.8971199848858813 0.00878296289299019
Documentation 0.009259259259259259 0.9416085398584451 0.008718597591281898
Series 0.004629629629629629 2.407945608651872 0.011147896336351258
book 0.004629629629629629 2.659260036932778 0.012311389059873971
published 0.004629629629629629 3.2188758248682006 0.014902202892908336
by 0.004629629629629629 0.27443684570176036 0.0012705409523229645
Addison 0.004629629629629629 3.912023005428146 0.018111217617722896
Wesley 0.004629629629629629 3.912023005428146 0.018111217617722896
Longman 0.004629629629629629 3.912023005428146 0.018111217617722896
detailed 0.004629629629629629 1.0498221244986776 0.004860287613419803
information 0.004629629629629629 1.3470736479666094 0.006236452073919488
about 0.004629629629629629 1.4696759700589417 0.006804055416939544
classes 0.018518518518518517 0.06187540371808745 0.001145840809594212
interfaces 0.009259259259259259 0.616186139423817 0.005705427216887194
javax 0.004629629629629629 1.3093333199837622 0.006061728333258158
sql 0.004629629629629629 1.6607312068216509 0.007688570401952087
package 0.009259259259259259 0.06187540371808745 5.72920404797106E-4
JDBCTM 0.004629629629629629 3.912023005428146 0.018111217617722896
Tutorial 0.004629629629629629 2.995732273553991 0.01386913089608329
Reference 0.009259259259259259 0.843970070294529 0.007814537687912305
Third 0.004629629629629629 2.5257286443082556 0.011693188168093775
Edition 0.004629629629629629 2.659260036932778 0.012311389059873971
Platform 0.004629629629629629 1.07880966137193 0.004994489173018194
Standard 0.004629629629629629 1.1394342831883648 0.005275158718464652
Ed 0.004629629629629629 1.2729656758128876 0.005893359610244849
Prev 0.004629629629629629 1.2729656758128876 0.005893359610244849
Next 0.004629629629629629 1.171182981502945 0.005422143432884005
Frames 0.004629629629629629 1.3470736479666094 0.006236452073919488
No 0.009259259259259259 0.5798184952529422 0.005368689770860575
Classes 0.018518518518518517 0.06187540371808745 0.001145840809594212
Submit 0.004629629629629629 1.07880966137193 0.004994489173018194
bug 0.004629629629629629 1.1086626245216111 0.0051326973357481995
or 0.004629629629629629 0.2613647641344075 0.0012100220561778125
feature 0.009259259259259259 0.9942522733438669 0.009206039567998767
For 0.004629629629629629 0.083381608939051 3.860259673104213E-4
further 0.004629629629629629 0.9416085398584451 0.004359298795640949
reference 0.009259259259259259 0.843970070294529 0.007814537687912305
developer 0.009259259259259259 0.9942522733438669 0.009206039567998767
see 0.004629629629629629 0.3566749439387324 0.0016512728886052424
SE 0.004629629629629629 1.1086626245216111 0.0051326973357481995
That 0.009259259259259259 0.22314355131420976 0.0020661439936500905
contains 0.009259259259259259 0.5798184952529422 0.005368689770860575
more 0.004629629629629629 0.7339691750802005 0.0033980054401861136
targeted 0.004629629629629629 1.171182981502945 0.005422143432884005
descriptions 0.009259259259259259 0.18632957819149354 0.0017252738721434586
conceptual 0.004629629629629629 1.171182981502945 0.005422143432884005
overviews 0.004629629629629629 1.171182981502945 0.005422143432884005
terms 0.004629629629629629 1.0216512475319812 0.004729866886722135
workarounds 0.004629629629629629 1.171182981502945 0.005422143432884005
working 0.004629629629629629 0.9942522733438669 0.0046030197839993835
code 0.009259259259259259 0.5108256237659907 0.004729866886722136
examples 0.004629629629629629 0.7985076962177716 0.0036967948898970907
Oracle 0.004629629629629629 0.8915981192837835 0.004127769070758257
its 0.004629629629629629 0.8675005677047231 0.00401620633196631
affiliates 0.004629629629629629 1.171182981502945 0.005422143432884005
is 0.013888888888888888 0.18632957819149354 0.002587910808215188
subject 0.004629629629629629 1.1394342831883648 0.005275158718464652
license 0.004629629629629629 1.1086626245216111 0.0051326973357481995
Also 0.004629629629629629 0.5108256237659907 0.002364933443361068
redistribution 0.004629629629629629 1.171182981502945 0.005422143432884005
policy 0.004629629629629629 1.0216512475319812 0.004729866886722135
Scripting 0.004629629629629629 1.0216512475319812 0.004729866886722135
on 0.004629629629629629 0.5447271754416719 0.002521885071489222
this 0.004629629629629629 0.3424903089467759 0.0015856032821609995
page 0.004629629629629629 0.843970070294529 0.0039072688439561526
tracks 0.004629629629629629 1.07880966137193 0.004994489173018194
web 0.004629629629629629 0.8209805520698303 0.0038008358892121772
traffic 0.004629629629629629 1.1086626245216111 0.0051326973357481995
but 0.004629629629629629 0.8209805520698303 0.0038008358892121772
does 0.004629629629629629 0.7339691750802005 0.0033980054401861136
not 0.004629629629629629 0.3424903089467759 0.0015856032821609995
change 0.004629629629629629 0.9162907318741551 0.0042420867216396065
content 0.004629629629629629 0.44628710262841953 0.0020661439936500905
way 0.009259259259259259 1.1086626245216111 0.010265394671496399
