Jsoup 0.005555555555555556 0.0 0.0
jsoup 0.005555555555555556 0.0 0.0
Java 0.005555555555555556 0.010050335853501506 5.583519918611948E-5
HTML 0.005555555555555556 0.0 0.0
Parser 0.005555555555555556 0.0 0.0
API 0.002777777777777778 0.0 0.0
Skip 0.002777777777777778 0.06187540371808745 1.7187612143913181E-4
navigation 0.002777777777777778 0.06187540371808745 1.7187612143913181E-4
links 0.002777777777777778 0.0408219945202552 1.1339442922293112E-4
Overview 0.002777777777777778 0.06187540371808745 1.7187612143913181E-4
Package 0.002777777777777778 0.06187540371808745 1.7187612143913181E-4
Class 0.005555555555555556 0.06187540371808745 3.4375224287826363E-4
Use 0.013888888888888888 0.010050335853501506 1.395879979652987E-4
Tree 0.005555555555555556 0.0408219945202552 2.2678885844586223E-4
Deprecated 0.002777777777777778 0.06187540371808745 1.7187612143913181E-4
Index 0.002777777777777778 0.06187540371808745 1.7187612143913181E-4
Help 0.002777777777777778 0.05129329438755048 1.4248137329875133E-4
org 0.002777777777777778 0.05129329438755048 1.4248137329875133E-4
java 0.005555555555555556 0.010050335853501506 5.583519918611948E-5
lang 0.002777777777777778 0.653926467406664 0.0018164624094629558
Object 0.002777777777777778 0.43078291609245434 0.0011966192113679287
public 0.002777777777777778 0.6931471805599453 0.001925408834888737
class 0.005555555555555556 0.06187540371808745 3.4375224287826363E-4
extends 0.002777777777777778 0.653926467406664 0.0018164624094629558
The 0.005555555555555556 0.10536051565782635 5.853361980990353E-4
core 0.002777777777777778 1.171182981502945 0.003253286059730403
access 0.002777777777777778 0.8675005677047231 0.0024097237991797865
point 0.002777777777777778 1.7719568419318754 0.0049221023386996545
to 0.002777777777777778 0.17435338714477774 4.843149642910493E-4
the 0.005555555555555556 0.10536051565782635 5.853361980990353E-4
functionality 0.002777777777777778 1.0498221244986776 0.0029161725680518823
Author 0.002777777777777778 2.120263536200091 0.005889620933889142
Jonathan 0.002777777777777778 0.0 0.0
Hedley 0.002777777777777778 0.0 0.0
Method 0.008333333333333333 0.18632957819149354 0.0015527464849291127
Summary 0.002777777777777778 0.6931471805599453 0.001925408834888737
Modifier 0.002777777777777778 0.653926467406664 0.0018164624094629558
and 0.002777777777777778 0.09431067947124142 2.6197410964233725E-4
Type 0.005555555555555556 0.44628710262841953 0.0024793727923801087
Description 0.002777777777777778 0.24846135929849972 6.901704424958326E-4
static 0.002777777777777778 0.5621189181535412 0.0015614414393153922
String 0.002777777777777778 0.4155154439616658 0.0011542095665601829
clean 0.005555555555555556 1.4271163556401458 0.00792842419800081
bodyHtml 0.002777777777777778 2.0402208285265546 0.0056672800792404296
baseUri 0.002777777777777778 1.9661128563728327 0.005461424601035647
Safelist 0.005555555555555556 0.9162907318741551 0.005090504065967528
safelist 0.005555555555555556 0.9162907318741551 0.005090504065967528
Get 0.008333333333333333 0.6733445532637655 0.00561120461053138
safe 0.002777777777777778 1.3093333199837622 0.003637036999954895
from 0.002777777777777778 0.38566248081198473 0.0010712846689221798
untrusted 0.002777777777777778 2.0402208285265546 0.0056672800792404296
input 0.002777777777777778 1.0216512475319812 0.0028379201320332813
by 0.002777777777777778 0.27443684570176036 7.623245713937789E-4
parsing 0.008333333333333333 0.9675840262617057 0.008063200218847547
filtering 0.002777777777777778 2.120263536200091 0.005889620933889142
it 0.002777777777777778 0.47803580094299974 0.001327877224841666
through 0.002777777777777778 1.2378743560016172 0.00343853987778227
an 0.005555555555555556 0.16251892949777494 9.028829416543052E-4
allow 0.005555555555555556 1.0216512475319812 0.005675840264066563
list 0.002777777777777778 0.653926467406664 0.0018164624094629558
of 0.002777777777777778 0.1165338162559516 3.2370504515542116E-4
tags 0.005555555555555556 0.7550225842780328 0.004194569912655738
attributes 0.002777777777777778 0.3566749439387324 9.907637331631456E-4
Document 0.008333333333333333 0.38566248081198473 0.0032138540067665395
OutputSettings 0.005555555555555556 1.1394342831883648 0.0063301904621575825
outputSettings 0.005555555555555556 1.1394342831883648 0.0063301904621575825
a 0.005555555555555556 0.16251892949777494 9.028829416543052E-4
permitted 0.002777777777777778 2.659260036932778 0.007386833435924383
Whitelist 0.002777777777777778 1.1086626245216111 0.00307961840144892
as 0.005555555555555556 0.32850406697203605 0.0018250225942890892
Connection 0.005555555555555556 1.2039728043259361 0.006688737801810757
connect 0.002777777777777778 1.7719568419318754 0.0049221023386996545
url 0.008333333333333333 1.1086626245216111 0.009238855204346759
Creates 0.002777777777777778 1.7147984280919266 0.004763328966922019
new 0.002777777777777778 0.616186139423817 0.0017116281650661582
session 0.002777777777777778 1.9661128563728327 0.005461424601035647
with 0.002777777777777778 0.23572233352106994 6.547842597807499E-4
defined 0.002777777777777778 1.1394342831883648 0.0031650952310787912
request 0.005555555555555556 1.07880966137193 0.005993387007621834
URL 0.008333333333333333 1.1086626245216111 0.009238855204346759
boolean 0.002777777777777778 0.653926467406664 0.0018164624094629558
isValid 0.002777777777777778 1.7719568419318754 0.0049221023386996545
Test 0.005555555555555556 1.1394342831883648 0.0063301904621575825
if 0.005555555555555556 0.616186139423817 0.0034232563301323164
body 0.002777777777777778 1.6607312068216509 0.004613142241171253
has 0.002777777777777778 0.7550225842780328 0.002097284956327869
only 0.002777777777777778 0.843970070294529 0.0023443613063736917
allowed 0.005555555555555556 1.0216512475319812 0.005675840264066563
newSession 0.002777777777777778 2.659260036932778 0.007386833435924383
use 0.013888888888888888 0.010050335853501506 1.395879979652987E-4
parse 0.008333333333333333 0.9675840262617057 0.008063200218847547
File 0.008333333333333333 0.8915981192837835 0.007429984327364862
file 0.008333333333333333 0.8915981192837835 0.007429984327364862
charsetName 0.002777777777777778 2.995732273553991 0.008321478537649975
Parse 0.008333333333333333 0.9675840262617057 0.008063200218847547
contents 0.002777777777777778 1.1394342831883648 0.0031650952310787912
parser 0.005555555555555556 0.0 0.0
InputStream 0.002777777777777778 1.5141277326297755 0.0042059103684160435
in 0.002777777777777778 0.1508228897345837 4.189524714849547E-4
Read 0.005555555555555556 1.2729656758128876 0.00707203153229382
stream 0.002777777777777778 1.3862943611198906 0.003850817669777474
html 0.005555555555555556 0.0 0.0
into 0.002777777777777778 0.8915981192837835 0.0024766614424549544
using 0.013888888888888888 0.010050335853501506 1.395879979652987E-4
provided 0.008333333333333333 1.1086626245216111 0.009238855204346759
int 0.002777777777777778 1.07880966137193 0.002996693503810917
timeoutMillis 0.002777777777777778 2.995732273553991 0.008321478537649975
Fetch 0.005555555555555556 1.8971199848858813 0.01053955547158823
parseBodyFragment 0.002777777777777778 2.659260036932778 0.007386833435924383
fragment 0.002777777777777778 1.7719568419318754 0.0049221023386996545
assumption 0.002777777777777778 2.659260036932778 0.007386833435924383
that 0.002777777777777778 0.22314355131420976 6.198431980950272E-4
forms 0.005555555555555556 0.9675840262617057 0.0053754668125650315
Methods 0.008333333333333333 0.18632957819149354 0.0015527464849291127
inherited 0.002777777777777778 0.9942522733438669 0.0027618118703996303
clone 0.002777777777777778 0.8209805520698303 0.0022805015335273064
equals 0.002777777777777778 0.9942522733438669 0.0027618118703996303
finalize 0.002777777777777778 1.07880966137193 0.002996693503810917
getClass 0.002777777777777778 1.07880966137193 0.002996693503810917
hashCode 0.002777777777777778 0.9942522733438669 0.0027618118703996303
notify 0.002777777777777778 1.0498221244986776 0.0029161725680518823
notifyAll 0.002777777777777778 1.07880966137193 0.002996693503810917
toString 0.002777777777777778 0.9675840262617057 0.0026877334062825158
wait 0.002777777777777778 0.9942522733438669 0.0027618118703996303
Details 0.002777777777777778 0.7550225842780328 0.002097284956327869
will 0.002777777777777778 0.5447271754416719 0.0015131310428935332
make 0.005555555555555556 1.5606477482646683 0.008670265268137047
sensible 0.002777777777777778 2.302585092994046 0.006396069702761239
balanced 0.002777777777777778 2.659260036932778 0.007386833435924383
document 0.008333333333333333 0.38566248081198473 0.0032138540067665395
tree 0.005555555555555556 0.0408219945202552 2.2678885844586223E-4
out 0.002777777777777778 0.9675840262617057 0.0026877334062825158
any 0.002777777777777778 0.5978370007556204 0.001660658335432279
Parameters 0.002777777777777778 0.5978370007556204 0.001660658335432279
where 0.002777777777777778 1.4271163556401458 0.003964212099000405
was 0.016666666666666666 0.18632957819149354 0.0031054929698582255
retrieved 0.002777777777777778 2.407945608651872 0.006688737801810755
Used 0.013888888888888888 0.010050335853501506 1.395879979652987E-4
resolve 0.002777777777777778 2.0402208285265546 0.0056672800792404296
relative 0.002777777777777778 1.7719568419318754 0.0049221023386996545
URLs 0.008333333333333333 1.1086626245216111 0.009238855204346759
absolute 0.002777777777777778 1.9661128563728327 0.005461424601035647
occur 0.005555555555555556 1.5141277326297755 0.008411820736832087
before 0.002777777777777778 1.8325814637483102 0.005090504065967528
declares 0.002777777777777778 2.995732273553991 0.008321478537649975
base 0.002777777777777778 0.9162907318741551 0.002545252032983764
href 0.002777777777777778 1.5606477482646683 0.004335132634068524
tag 0.005555555555555556 0.7550225842780328 0.004194569912655738
Returns 0.002777777777777778 0.9942522733438669 0.0027618118703996303
sane 0.002777777777777778 2.995732273553991 0.008321478537649975
You 0.005555555555555556 0.9162907318741551 0.005090504065967528
can 0.002777777777777778 0.7339691750802005 0.0020388032641116684
provide 0.008333333333333333 1.1086626245216111 0.009238855204346759
alternate 0.002777777777777778 1.9661128563728327 0.005461424601035647
such 0.002777777777777778 1.5141277326297755 0.0042059103684160435
simple 0.002777777777777778 1.4271163556401458 0.003964212099000405
XML 0.002777777777777778 1.2039728043259361 0.0033443689009053784
non 0.002777777777777778 1.8971199848858813 0.005269777735794115
As 0.005555555555555556 0.32850406697203605 0.0018250225942890892
no 0.002777777777777778 0.5798184952529422 0.0016106069312581727
URI 0.002777777777777778 1.5606477482646683 0.004335132634068524
is 0.016666666666666666 0.18632957819149354 0.0031054929698582255
specified 0.002777777777777778 0.9675840262617057 0.0026877334062825158
resolution 0.002777777777777778 2.659260036932778 0.007386833435924383
required 0.002777777777777778 1.3093333199837622 0.003637036999954895
relies 0.002777777777777778 2.659260036932778 0.007386833435924383
on 0.002777777777777778 0.5447271754416719 0.0015131310428935332
including 0.002777777777777778 1.0498221244986776 0.0029161725680518823
See 0.002777777777777778 0.3566749439387324 9.907637331631456E-4
Also 0.002777777777777778 0.5108256237659907 0.0014189600660166409
fetch 0.005555555555555556 1.8971199848858813 0.01053955547158823
page 0.005555555555555556 0.843970070294529 0.004688722612747383
examples 0.005555555555555556 0.616186139423817 0.0034232563301323164
doc 0.002777777777777778 1.8325814637483102 0.005090504065967528
http 0.011111111111111112 1.0216512475319812 0.011351680528133125
example 0.005555555555555556 0.616186139423817 0.0034232563301323164
com 0.002777777777777778 1.8325814637483102 0.005090504065967528
userAgent 0.002777777777777778 2.407945608651872 0.006688737801810755
Mozilla 0.002777777777777778 2.5257286443082556 0.0070159129008562655
data 0.002777777777777778 0.5978370007556204 0.001660658335432279
name 0.002777777777777778 0.6931471805599453 0.001925408834888737
get 0.008333333333333333 0.6733445532637655 0.00561120461053138
cookie 0.005555555555555556 2.207274913189721 0.012262638406609563
auth 0.002777777777777778 2.0402208285265546 0.0056672800792404296
token 0.002777777777777778 2.407945608651872 0.006688737801810755
post 0.002777777777777778 1.7719568419318754 0.0049221023386996545
protocol 0.002777777777777778 2.0402208285265546 0.0056672800792404296
must 0.002777777777777778 1.1086626245216111 0.00307961840144892
be 0.016666666666666666 0.18632957819149354 0.0031054929698582255
or 0.002777777777777778 0.2613647641344075 7.260132337066875E-4
https 0.005555555555555556 1.6607312068216509 0.009226284482342506
connection 0.005555555555555556 1.2039728043259361 0.006688737801810757
add 0.002777777777777778 1.171182981502945 0.003253286059730403
cookies 0.005555555555555556 2.207274913189721 0.012262638406609563
headers 0.005555555555555556 2.0402208285265546 0.011334560158480859
set 0.005555555555555556 0.4620354595965586 0.002566863664425326
user 0.002777777777777778 1.0216512475319812 0.0028379201320332813
agent 0.002777777777777778 2.407945608651872 0.006688737801810755
referrer 0.002777777777777778 2.407945608651872 0.006688737801810755
method 0.008333333333333333 0.18632957819149354 0.0015527464849291127
then 0.002777777777777778 1.2378743560016172 0.00343853987778227
execute 0.005555555555555556 1.9661128563728327 0.010922849202071294
newRequest 0.002777777777777778 2.407945608651872 0.006688737801810755
settings 0.002777777777777778 1.171182981502945 0.003253286059730403
timeouts 0.005555555555555556 1.8971199848858813 0.01053955547158823
etc 0.002777777777777778 1.8971199848858813 0.005269777735794115
maintained 0.002777777777777778 2.407945608651872 0.006688737801810755
for 0.005555555555555556 0.083381608939051 4.632311607725056E-4
timeout 0.005555555555555556 1.8971199848858813 0.01053955547158823
FooBar 0.002777777777777778 2.995732273553991 0.008321478537649975
ref 0.002777777777777778 2.120263536200091 0.005889620933889142
en 0.002777777777777778 2.5257286443082556 0.0070159129008562655
wikipedia 0.002777777777777778 2.302585092994046 0.006396069702761239
wiki 0.002777777777777778 2.995732273553991 0.008321478537649975
Main 0.002777777777777778 1.2378743560016172 0.00343853987778227
Page 0.005555555555555556 0.843970070294529 0.004688722612747383
con 0.002777777777777778 2.995732273553991 0.008321478537649975
For 0.005555555555555556 0.083381608939051 4.632311607725056E-4
multi 0.002777777777777778 1.8325814637483102 0.005090504065967528
threaded 0.002777777777777778 2.995732273553991 0.008321478537649975
requests 0.005555555555555556 1.07880966137193 0.005993387007621834
this 0.002777777777777778 0.3424903089467759 9.513619692965998E-4
between 0.002777777777777778 1.7147984280919266 0.004763328966922019
threads 0.002777777777777778 2.302585092994046 0.006396069702761239
but 0.002777777777777778 0.8209805520698303 0.0022805015335273064
take 0.002777777777777778 2.120263536200091 0.005889620933889142
care 0.002777777777777778 2.8134107167600364 0.00781502976877788
call 0.002777777777777778 2.120263536200091 0.005889620933889142
per 0.002777777777777778 1.7147984280919266 0.004763328966922019
not 0.002777777777777778 0.3424903089467759 9.513619692965998E-4
share 0.002777777777777778 2.207274913189721 0.0061313192033047815
instance 0.002777777777777778 1.7719568419318754 0.0049221023386996545
when 0.002777777777777778 0.843970070294529 0.0023443613063736917
executing 0.005555555555555556 1.9661128563728327 0.010922849202071294
Since 0.002777777777777778 1.8971199848858813 0.005269777735794115
Nullable 0.002777777777777778 1.6607312068216509 0.004613142241171253
throws 0.008333333333333333 1.4271163556401458 0.011892636297001215
IOException 0.002777777777777778 1.4696759700589417 0.004082433250163727
load 0.002777777777777778 1.8971199848858813 0.005269777735794115
Supports 0.002777777777777778 1.5606477482646683 0.004335132634068524
gzipped 0.002777777777777778 2.995732273553991 0.008321478537649975
files 0.008333333333333333 0.8915981192837835 0.007429984327364862
ending 0.002777777777777778 2.659260036932778 0.007386833435924383
z 0.002777777777777778 2.302585092994046 0.006396069702761239
gz 0.002777777777777778 2.995732273553991 0.008321478537649975
optional 0.002777777777777778 2.120263536200091 0.005889620933889142
character 0.002777777777777778 1.3093333199837622 0.003637036999954895
Set 0.005555555555555556 0.4620354595965586 0.002566863664425326
null 0.002777777777777778 1.2039728043259361 0.0033443689009053784
determine 0.005555555555555556 1.8325814637483102 0.010181008131935057
equiv 0.002777777777777778 2.995732273553991 0.008321478537649975
meta 0.002777777777777778 2.407945608651872 0.006688737801810755
present 0.002777777777777778 1.7719568419318754 0.0049221023386996545
fall 0.005555555555555556 2.995732273553991 0.01664295707529995
back 0.002777777777777778 1.7719568419318754 0.0049221023386996545
UTF 0.002777777777777778 2.407945608651872 0.006688737801810755
which 0.002777777777777778 0.7550225842780328 0.002097284956327869
often 0.002777777777777778 2.8134107167600364 0.00781502976877788
do 0.005555555555555556 0.43078291609245434 0.0023932384227358574
against 0.002777777777777778 1.4271163556401458 0.003964212099000405
Throws 0.008333333333333333 1.4271163556401458 0.011892636297001215
could 0.002777777777777778 2.407945608651872 0.006688737801810755
found 0.002777777777777778 1.5141277326297755 0.0042059103684160435
read 0.005555555555555556 1.2729656758128876 0.00707203153229382
invalid 0.002777777777777778 1.3862943611198906 0.003850817669777474
location 0.002777777777777778 1.7147984280919266 0.004763328966922019
used 0.013888888888888888 0.010050335853501506 1.395879979652987E-4
qualify 0.002777777777777778 2.995732273553991 0.008321478537649975
Make 0.005555555555555556 1.5606477482646683 0.008670265268137047
sure 0.002777777777777778 2.207274913189721 0.0061313192033047815
close 0.002777777777777778 1.9661128563728327 0.005461424601035647
after 0.002777777777777778 1.5606477482646683 0.004335132634068524
Provided 0.008333333333333333 1.1086626245216111 0.009238855204346759
compatibility 0.002777777777777778 1.6607312068216509 0.004613142241171253
most 0.002777777777777778 1.8325814637483102 0.005090504065967528
cases 0.002777777777777778 1.6607312068216509 0.004613142241171253
instead 0.002777777777777778 1.6607312068216509 0.004613142241171253
encoding 0.002777777777777778 1.6607312068216509 0.004613142241171253
determined 0.005555555555555556 1.8325814637483102 0.010181008131935057
content 0.002777777777777778 0.44628710262841953 0.0012396863961900543
type 0.005555555555555556 0.44628710262841953 0.0024793727923801087
header 0.005555555555555556 2.0402208285265546 0.011334560158480859
falls 0.005555555555555556 2.995732273553991 0.01664295707529995
GET 0.008333333333333333 0.6733445532637655 0.00561120461053138
milliseconds 0.002777777777777778 2.207274913189721 0.0061313192033047815
If 0.005555555555555556 0.616186139423817 0.0034232563301323164
exceeded 0.002777777777777778 2.995732273553991 0.008321478537649975
thrown 0.008333333333333333 1.4271163556401458 0.011892636297001215
parsed 0.002777777777777778 2.407945608651872 0.006688737801810755
MalformedURLException 0.002777777777777778 2.302585092994046 0.006396069702761239
HTTP 0.011111111111111112 1.0216512475319812 0.011351680528133125
HTTPS 0.005555555555555556 1.6607312068216509 0.009226284482342506
otherwise 0.002777777777777778 1.2378743560016172 0.00343853987778227
malformed 0.002777777777777778 2.407945608651872 0.006688737801810755
HttpStatusException 0.002777777777777778 1.6607312068216509 0.004613142241171253
response 0.002777777777777778 1.2729656758128876 0.00353601576614691
OK 0.002777777777777778 2.0402208285265546 0.0056672800792404296
errors 0.005555555555555556 1.3862943611198906 0.007701635339554948
are 0.016666666666666666 0.18632957819149354 0.0031054929698582255
ignored 0.002777777777777778 2.5257286443082556 0.0070159129008562655
UnsupportedMimeTypeException 0.002777777777777778 1.7719568419318754 0.0049221023386996545
mime 0.002777777777777778 1.9661128563728327 0.005461424601035647
supported 0.002777777777777778 1.6607312068216509 0.004613142241171253
those 0.002777777777777778 1.6607312068216509 0.004613142241171253
SocketTimeoutException 0.002777777777777778 2.302585092994046 0.006396069702761239
times 0.002777777777777778 2.407945608651872 0.006688737801810755
error 0.005555555555555556 1.3862943611198906 0.007701635339554948
occurs 0.005555555555555556 1.5141277326297755 0.008411820736832087
elements 0.002777777777777778 0.8675005677047231 0.0024097237991797865
Cleaner 0.005555555555555556 0.9162907318741551 0.005090504065967528
Note 0.002777777777777778 1.3093333199837622 0.003637036999954895
does 0.005555555555555556 0.43078291609245434 0.0023932384227358574
removed 0.002777777777777778 1.2378743560016172 0.00343853987778227
unless 0.002777777777777778 2.120263536200091 0.005889620933889142
contains 0.002777777777777778 0.5798184952529422 0.0016106069312581727
you 0.005555555555555556 0.9162907318741551 0.005090504065967528
wish 0.002777777777777778 2.659260036932778 0.007386833435924383
preserve 0.002777777777777778 1.7719568419318754 0.0049221023386996545
baseHref 0.002777777777777778 2.995732273553991 0.008321478537649975
enable 0.002777777777777778 1.6094379124341003 0.004470660867872501
preserveRelativeLinks 0.002777777777777778 1.8971199848858813 0.005269777735794115
treated 0.002777777777777778 1.8325814637483102 0.005090504065967528
s 0.016666666666666666 0.18632957819149354 0.0031054929698582255
expected 0.002777777777777778 2.207274913189721 0.0061313192033047815
cleaned 0.005555555555555556 1.4271163556401458 0.00792842419800081
within 0.002777777777777778 1.8325814637483102 0.005090504065967528
existing 0.002777777777777778 1.2729656758128876 0.00353601576614691
want 0.002777777777777778 1.7719568419318754 0.0049221023386996545
full 0.002777777777777778 1.3862943611198906 0.003850817669777474
documents 0.008333333333333333 0.38566248081198473 0.0032138540067665395
structural 0.002777777777777778 2.407945608651872 0.006688737801810755
head 0.002777777777777778 1.8971199848858813 0.005269777735794115
output 0.002777777777777778 0.9675840262617057 0.0026877334062825158
control 0.002777777777777778 1.3470736479666094 0.003741871244351693
pretty 0.002777777777777778 2.407945608651872 0.006688737801810755
printing 0.002777777777777778 1.8325814637483102 0.005090504065967528
entity 0.002777777777777778 2.120263536200091 0.005889620933889142
escape 0.002777777777777778 2.0402208285265546 0.0056672800792404296
modes 0.002777777777777778 2.302585092994046 0.006396069702761239
Useful 0.002777777777777778 1.9661128563728327 0.005461424601035647
form 0.005555555555555556 0.9675840262617057 0.0053754668125650315
validation 0.002777777777777778 1.7719568419318754 0.0049221023386996545
should 0.002777777777777778 1.0498221244986776 0.0029161725680518823
still 0.002777777777777778 2.302585092994046 0.006396069702761239
run 0.002777777777777778 1.1086626245216111 0.00307961840144892
cleaner 0.005555555555555556 0.9162907318741551 0.005090504065967528
up 0.002777777777777778 1.4271163556401458 0.003964212099000405
enforced 0.002777777777777778 1.8971199848858813 0.005269777735794115
tidy 0.002777777777777778 2.302585092994046 0.006396069702761239
Assumes 0.002777777777777778 2.207274913189721 0.0061313192033047815
i 0.002777777777777778 1.3093333199837622 0.003637036999954895
e 0.002777777777777778 0.7765287894989963 0.0021570244152749898
test 0.005555555555555556 1.1394342831883648 0.0063301904621575825
true 0.002777777777777778 1.1086626245216111 0.00307961840144892
were 0.016666666666666666 0.18632957819149354 0.0031054929698582255
false 0.002777777777777778 1.1394342831883648 0.0031650952310787912
Copyright 0.002777777777777778 0.06187540371808745 1.7187612143913181E-4
All 0.002777777777777778 0.05129329438755048 1.4248137329875133E-4
rights 0.002777777777777778 0.06187540371808745 1.7187612143913181E-4
reserved 0.002777777777777778 0.06187540371808745 1.7187612143913181E-4
