org 0.0055248618784530384 0.05129329438755048 2.833883667820468E-4
jsoup 0.013812154696132596 0.0 0.0
nodes 0.03591160220994475 0.6733445532637655 0.0241808817470413
Java 0.008287292817679558 0.010050335853501506 8.329007613399039E-5
HTML 0.019337016574585635 0.0 0.0
Parser 0.0027624309392265192 0.0 0.0
API 0.008287292817679558 0.0 0.0
Skip 0.0055248618784530384 0.06187540371808745 3.4185305921595276E-4
navigation 0.0055248618784530384 0.06187540371808745 3.4185305921595276E-4
links 0.0055248618784530384 0.0408219945202552 2.255358813273768E-4
Overview 0.008287292817679558 0.06187540371808745 5.127795888239292E-4
Package 0.011049723756906077 0.06187540371808745 6.837061184319055E-4
Class 0.024861878453038673 0.06187540371808745 0.0015383387664717875
Use 0.011049723756906077 0.010050335853501506 1.110534348453205E-4
Tree 0.008287292817679558 0.0408219945202552 3.383038219910652E-4
Deprecated 0.008287292817679558 0.06187540371808745 5.127795888239292E-4
Index 0.008287292817679558 0.06187540371808745 5.127795888239292E-4
Help 0.008287292817679558 0.05129329438755048 4.2508255017307026E-4
NonnullByDefault 0.0027624309392265192 2.302585092994046 0.006360732301088524
document 0.019337016574585635 0.40047756659712536 0.007744041343038336
structure 0.0027624309392265192 1.4696759700589417 0.004059878370328568
Summary 0.0055248618784530384 0.6931471805599453 0.0038295424340328466
Description 0.011049723756906077 0.18632957819149354 0.0020588903667568344
Attribute 0.013812154696132596 0.3147107448397002 0.004346833492261052
A 0.055248618784530384 0.16251892949777494 0.008978946381092538
single 0.0027624309392265192 1.4696759700589417 0.004059878370328568
key 0.0027624309392265192 0.7985076962177716 0.002205822365242463
value 0.0027624309392265192 0.5447271754416719 0.0015047712028775468
attribute 0.013812154696132596 0.3147107448397002 0.004346833492261052
Attributes 0.013812154696132596 0.3147107448397002 0.004346833492261052
The 0.03867403314917127 0.10536051565782635 0.004074716075164555
attributes 0.013812154696132596 0.3147107448397002 0.004346833492261052
of 0.016574585635359115 0.1165338162559516 0.0019314997169494741
an 0.055248618784530384 0.16251892949777494 0.008978946381092538
Element 0.016574585635359115 0.4620354595965586 0.0076580462916556674
CDataNode 0.0027624309392265192 2.302585092994046 0.006360732301088524
Character 0.0027624309392265192 1.3093333199837622 0.003616942872883321
Data 0.008287292817679558 0.5978370007556204 0.004954450282505142
node 0.03591160220994475 0.6733445532637655 0.0241808817470413
to 0.019337016574585635 0.17435338714477774 0.0033714743370537132
support 0.0055248618784530384 1.1394342831883648 0.006295217034189861
CDATA 0.0027624309392265192 2.8134107167600364 0.007771852808729382
sections 0.0027624309392265192 2.5257286443082556 0.006977150951127778
Comment 0.0055248618784530384 1.7719568419318754 0.009789816806253454
comment 0.0055248618784530384 1.7719568419318754 0.009789816806253454
DataNode 0.0027624309392265192 2.120263536200091 0.005857081591712958
data 0.008287292817679558 0.5978370007556204 0.004954450282505142
for 0.008287292817679558 0.083381608939051 6.91007808887163E-4
contents 0.0055248618784530384 1.1394342831883648 0.006295217034189861
style 0.0027624309392265192 1.6607312068216509 0.004587655267463124
script 0.0027624309392265192 2.120263536200091 0.005857081591712958
tags 0.0055248618784530384 0.7550225842780328 0.0041713954932488
etc 0.0027624309392265192 1.8971199848858813 0.005240662941673705
where 0.0027624309392265192 1.4271163556401458 0.003942310374696535
should 0.0027624309392265192 1.0498221244986776 0.002900061117399662
not 0.0055248618784530384 0.3424903089467759 0.0018922116516396459
show 0.0027624309392265192 2.407945608651872 0.006651783449314563
in 0.008287292817679558 0.1508228897345837 0.0012499134508390914
text 0.013812154696132596 1.1086626245216111 0.01531301967571286
Document 0.019337016574585635 0.40047756659712536 0.007744041343038336
OutputSettings 0.0055248618784530384 1.1394342831883648 0.006295217034189861
s 0.0027624309392265192 0.5447271754416719 0.0015047712028775468
output 0.0055248618784530384 0.9675840262617057 0.005345768100893401
settings 0.0027624309392265192 1.171182981502945 0.0032353121035992955
control 0.0055248618784530384 1.2039728043259361 0.0066517834493145635
the 0.03867403314917127 0.10536051565782635 0.004074716075164555
form 0.008287292817679558 0.9675840262617057 0.008018652151340101
and 0.024861878453038673 0.09431067947124142 0.002344740649837494
html 0.019337016574585635 0.0 0.0
methods 0.0027624309392265192 0.24846135929849972 6.863573461284522E-4
DocumentType 0.0027624309392265192 1.8325814637483102 0.005062379734111354
DOCTYPE 0.0027624309392265192 2.5257286443082556 0.006977150951127778
element 0.016574585635359115 0.4620354595965586 0.0076580462916556674
consists 0.0027624309392265192 2.207274913189721 0.006097444511573815
a 0.055248618784530384 0.16251892949777494 0.008978946381092538
tag 0.0055248618784530384 0.7550225842780328 0.0041713954932488
name 0.0027624309392265192 0.6931471805599453 0.0019147712170164233
child 0.0027624309392265192 2.207274913189721 0.006097444511573815
including 0.0027624309392265192 1.0498221244986776 0.002900061117399662
other 0.0027624309392265192 0.8915981192837835 0.0024629782300657
elements 0.016574585635359115 0.4620354595965586 0.0076580462916556674
Entities 0.008287292817679558 1.9661128563728327 0.016293752953366016
entities 0.008287292817679558 1.9661128563728327 0.016293752953366016
escape 0.0027624309392265192 2.0402208285265546 0.005635969139576117
routines 0.0027624309392265192 3.2188758248682006 0.0088919221681442
FormElement 0.0027624309392265192 2.0402208285265546 0.005635969139576117
Form 0.008287292817679558 0.9675840262617057 0.008018652151340101
provides 0.0027624309392265192 0.843970070294529 0.002331409033962787
ready 0.0027624309392265192 2.659260036932778 0.007346022201471762
access 0.0027624309392265192 0.8675005677047231 0.0023964104080240966
fields 0.0027624309392265192 1.1086626245216111 0.003062603935142572
controls 0.0055248618784530384 1.2039728043259361 0.0066517834493145635
that 0.013812154696132596 0.22314355131420976 0.0030820932501962675
are 0.008287292817679558 0.18632957819149354 0.001544167775067626
associated 0.0027624309392265192 1.4271163556401458 0.003942310374696535
with 0.011049723756906077 0.23572233352106994 0.0026046666687411044
it 0.0027624309392265192 0.47803580094299974 0.0013205408865828723
Node 0.03591160220994475 0.6733445532637655 0.0241808817470413
base 0.0027624309392265192 0.9162907318741551 0.002531189867055677
abstract 0.0027624309392265192 1.2729656758128876 0.0035164797674389157
model 0.0055248618784530384 1.6094379124341003 0.0088919221681442
PseudoTextElement 0.0027624309392265192 2.207274913189721 0.006097444511573815
Represents 0.0027624309392265192 1.8971199848858813 0.005240662941673705
TextNode 0.0055248618784530384 2.302585092994046 0.012721464602177048
as 0.0027624309392265192 0.32850406697203605 9.074697982652929E-4
enable 0.0027624309392265192 1.6094379124341003 0.0044459610840721
be 0.008287292817679558 0.18632957819149354 0.001544167775067626
selected 0.0027624309392265192 2.120263536200091 0.005857081591712958
Selector 0.0027624309392265192 1.7147984280919266 0.00473701223229814
matchText 0.0027624309392265192 2.8134107167600364 0.007771852808729382
syntax 0.008287292817679558 1.6607312068216509 0.01376296580238937
XmlDeclaration 0.0027624309392265192 2.302585092994046 0.006360732301088524
An 0.055248618784530384 0.16251892949777494 0.008978946381092538
XML 0.0027624309392265192 1.2039728043259361 0.0033258917246572818
Declaration 0.0027624309392265192 2.302585092994046 0.006360732301088524
Enum 0.0055248618784530384 1.5141277326297755 0.008365346589114782
Syntax 0.008287292817679558 1.6607312068216509 0.01376296580238937
serialization 0.0027624309392265192 1.7719568419318754 0.004894908403126727
QuirksMode 0.0027624309392265192 2.302585092994046 0.006360732301088524
EscapeMode 0.0027624309392265192 2.120263536200091 0.005857081591712958
Copyright 0.0055248618784530384 0.06187540371808745 3.4185305921595276E-4
Jonathan 0.0027624309392265192 0.0 0.0
Hedley 0.0027624309392265192 0.0 0.0
All 0.008287292817679558 0.05129329438755048 4.2508255017307026E-4
rights 0.0055248618784530384 0.06187540371808745 3.4185305921595276E-4
reserved 0.0055248618784530384 0.06187540371808745 3.4185305921595276E-4
listing 0.0027624309392265192 3.912023005428146 0.010806693385160623
classes 0.024861878453038673 0.06187540371808745 0.0015383387664717875
explanation 0.0027624309392265192 2.995732273553991 0.008275503518104946
Classes 0.024861878453038673 0.06187540371808745 0.0015383387664717875
javax 0.0055248618784530384 1.3093333199837622 0.007233885745766642
sql 0.0055248618784530384 1.6607312068216509 0.009175310534926248
used 0.0027624309392265192 0.6348782724359695 0.0017538073824198053
by 0.0027624309392265192 0.27443684570176036 7.581128334302772E-4
rowset 0.008287292817679558 1.6607312068216509 0.01376296580238937
spi 0.0027624309392265192 1.7147984280919266 0.00473701223229814
RowSet 0.008287292817679558 1.6607312068216509 0.01376296580238937
interface 0.0055248618784530384 0.653926467406664 0.0036128534110865416
adds 0.0027624309392265192 1.5606477482646683 0.00431118162504052
JDBC 0.0027624309392265192 2.407945608651872 0.006651783449314563
JavaBeansTM 0.0027624309392265192 3.2188758248682006 0.0088919221681442
component 0.0027624309392265192 1.4696759700589417 0.004059878370328568
RowSetReader 0.0027624309392265192 2.407945608651872 0.006651783449314563
facility 0.0027624309392265192 3.506557897319982 0.009686624025745806
disconnected 0.0027624309392265192 2.302585092994046 0.006360732301088524
object 0.0055248618784530384 0.43078291609245434 0.002380016111008035
calls 0.0055248618784530384 1.7147984280919266 0.00947402446459628
on 0.0055248618784530384 0.5447271754416719 0.0030095424057550936
populate 0.0027624309392265192 2.995732273553991 0.008275503518104946
itself 0.0027624309392265192 4.605170185988092 0.012721464602177048
rows 0.0027624309392265192 2.659260036932778 0.007346022201471762
RowSetWriter 0.0055248618784530384 2.407945608651872 0.013303566898629125
implements 0.0027624309392265192 0.6931471805599453 0.0019147712170164233
called 0.0055248618784530384 1.7147984280919266 0.00947402446459628
writer 0.0027624309392265192 1.9661128563728327 0.005431250984455339
Platform 0.0027624309392265192 1.07880966137193 0.0029801371861103037
Standard 0.0027624309392265192 1.1394342831883648 0.0031476085170949303
Ed 0.0027624309392265192 1.2729656758128876 0.0035164797674389157
Prev 0.0027624309392265192 1.2729656758128876 0.0035164797674389157
Next 0.0027624309392265192 1.171182981502945 0.0032353121035992955
Frames 0.0055248618784530384 1.3470736479666094 0.007442395845119389
No 0.0027624309392265192 0.5798184952529422 0.0016017085504224922
Submit 0.0027624309392265192 1.07880966137193 0.0029801371861103037
bug 0.0027624309392265192 1.1086626245216111 0.003062603935142572
or 0.0055248618784530384 0.2613647641344075 0.001444004221737058
feature 0.0027624309392265192 1.1394342831883648 0.0031476085170949303
For 0.008287292817679558 0.083381608939051 6.91007808887163E-4
further 0.0027624309392265192 0.9416085398584451 0.0026011285631448756
reference 0.0027624309392265192 0.843970070294529 0.002331409033962787
developer 0.0055248618784530384 1.07880966137193 0.005960274372220607
documentation 0.011049723756906077 0.9416085398584451 0.010404514252579503
see 0.0055248618784530384 0.3566749439387324 0.001970579800766477
SE 0.0027624309392265192 1.1086626245216111 0.003062603935142572
Documentation 0.011049723756906077 0.9416085398584451 0.010404514252579503
That 0.013812154696132596 0.22314355131420976 0.0030820932501962675
contains 0.0027624309392265192 0.5798184952529422 0.0016017085504224922
more 0.0027624309392265192 0.7339691750802005 0.002027539157680112
detailed 0.0027624309392265192 1.0498221244986776 0.002900061117399662
targeted 0.0027624309392265192 1.171182981502945 0.0032353121035992955
descriptions 0.011049723756906077 0.18632957819149354 0.0020588903667568344
conceptual 0.0027624309392265192 1.171182981502945 0.0032353121035992955
overviews 0.0027624309392265192 1.171182981502945 0.0032353121035992955
definitions 0.0027624309392265192 0.7765287894989963 0.0021451071533121445
terms 0.0055248618784530384 1.0216512475319812 0.005644482030563432
workarounds 0.0027624309392265192 1.171182981502945 0.0032353121035992955
working 0.0027624309392265192 0.9942522733438669 0.0027465532412814003
code 0.0027624309392265192 0.5108256237659907 0.0014111205076408583
examples 0.0027624309392265192 0.7985076962177716 0.002205822365242463
Oracle 0.0027624309392265192 0.8915981192837835 0.0024629782300657
its 0.0027624309392265192 0.8675005677047231 0.0023964104080240966
affiliates 0.0027624309392265192 1.171182981502945 0.0032353121035992955
is 0.008287292817679558 0.18632957819149354 0.001544167775067626
subject 0.0027624309392265192 1.1394342831883648 0.0031476085170949303
license 0.0027624309392265192 1.1086626245216111 0.003062603935142572
Also 0.0027624309392265192 0.5108256237659907 0.0014111205076408583
redistribution 0.0027624309392265192 1.171182981502945 0.0032353121035992955
policy 0.0027624309392265192 1.0216512475319812 0.002822241015281716
Scripting 0.0027624309392265192 1.0216512475319812 0.002822241015281716
this 0.0027624309392265192 0.3424903089467759 9.461058258198229E-4
page 0.0055248618784530384 0.843970070294529 0.004662818067925574
tracks 0.0027624309392265192 1.07880966137193 0.0029801371861103037
web 0.0027624309392265192 0.8209805520698303 0.0022679020775409676
traffic 0.0027624309392265192 1.1086626245216111 0.003062603935142572
but 0.0027624309392265192 0.8209805520698303 0.0022679020775409676
does 0.0027624309392265192 0.7339691750802005 0.002027539157680112
change 0.0027624309392265192 0.9162907318741551 0.002531189867055677
content 0.0027624309392265192 0.44628710262841953 0.0012328373000785068
any 0.0027624309392265192 0.5978370007556204 0.0016514834275017137
way 0.0027624309392265192 1.1086626245216111 0.003062603935142572
