Uses 0.027586206896551724 0.010050335853501506 2.772506442345243E-4
of 0.006896551724137931 0.1165338162559516 8.036814914203559E-4
Package 0.006896551724137931 0.06187540371808745 4.267269221937066E-4
org 0.006896551724137931 0.05129329438755048 3.5374685784517575E-4
jsoup 0.013793103448275862 0.0 0.0
nodes 0.020689655172413793 0.6733445532637655 0.01393126661925032
Java 0.006896551724137931 0.010050335853501506 6.931266105863107E-5
HTML 0.013793103448275862 0.0 0.0
Parser 0.013793103448275862 0.0 0.0
API 0.006896551724137931 0.0 0.0
Skip 0.006896551724137931 0.06187540371808745 4.267269221937066E-4
navigation 0.006896551724137931 0.06187540371808745 4.267269221937066E-4
links 0.006896551724137931 0.0408219945202552 2.8153099669141516E-4
Overview 0.006896551724137931 0.06187540371808745 4.267269221937066E-4
Class 0.027586206896551724 0.06187540371808745 0.0017069076887748264
Use 0.013793103448275862 0.010050335853501506 1.3862532211726214E-4
Tree 0.006896551724137931 0.0408219945202552 2.8153099669141516E-4
Deprecated 0.006896551724137931 0.06187540371808745 4.267269221937066E-4
Index 0.006896551724137931 0.06187540371808745 4.267269221937066E-4
Help 0.006896551724137931 0.05129329438755048 3.5374685784517575E-4
Packages 0.006896551724137931 0.9162907318741551 0.006319246426718311
that 0.006896551724137931 0.22314355131420976 0.0015389210435462742
use 0.027586206896551724 0.010050335853501506 2.772506442345243E-4
Description 0.006896551724137931 0.24846135929849972 0.0017135266158517222
Contains 0.013793103448275862 0.43078291609245434 0.005941833325413163
the 0.013793103448275862 0.10536051565782635 0.0014532484918320875
main 0.006896551724137931 1.2378743560016172 0.008537064524149084
Jsoup 0.013793103448275862 0.0 0.0
class 0.027586206896551724 0.06187540371808745 0.0017069076887748264
which 0.006896551724137931 0.7550225842780328 0.005207052305365743
provides 0.006896551724137931 0.843970070294529 0.005820483243410545
convenient 0.006896551724137931 1.6094379124341003 0.011099571809890347
static 0.006896551724137931 0.5621189181535412 0.003876682194162353
access 0.006896551724137931 0.8675005677047231 0.005982762535894642
to 0.006896551724137931 0.17435338714477774 0.0012024371527226052
functionality 0.006896551724137931 1.0498221244986776 0.007240152582749501
examples 0.013793103448275862 0.616186139423817 0.00849911916446644
example 0.013793103448275862 0.616186139423817 0.00849911916446644
programs 0.006896551724137931 1.7719568419318754 0.012220392013323278
and 0.006896551724137931 0.09431067947124142 6.504184791120098E-4
helper 0.006896551724137931 1.1086626245216111 0.0076459491346318005
containing 0.013793103448275862 0.43078291609245434 0.005941833325413163
classes 0.027586206896551724 0.06187540371808745 0.0017069076887748264
supporting 0.013793103448275862 0.9675840262617057 0.013345986569126975
core 0.006896551724137931 1.171182981502945 0.008077124010365139
code 0.006896551724137931 0.5108256237659907 0.0035229353363171773
document 0.013793103448275862 0.40047756659712536 0.005523828504787936
structure 0.006896551724137931 1.4696759700589417 0.01013569634523408
parser 0.013793103448275862 0.0 0.0
tag 0.013793103448275862 0.7550225842780328 0.010414104610731487
specifications 0.006896551724137931 1.8325814637483102 0.012638492853436621
tokeniser 0.006896551724137931 2.5257286443082556 0.01741881823660866
safety 0.006896551724137931 0.9162907318741551 0.006319246426718311
cleaner 0.006896551724137931 0.9162907318741551 0.006319246426718311
safelist 0.006896551724137931 0.9162907318741551 0.006319246426718311
definitions 0.006896551724137931 0.7765287894989963 0.005355370962062044
select 0.006896551724137931 1.5606477482646683 0.010763087919066678
support 0.013793103448275862 0.9675840262617057 0.013345986569126975
CSS 0.006896551724137931 1.9661128563728327 0.013559399009467812
style 0.006896551724137931 1.6607312068216509 0.011453318667735524
element 0.020689655172413793 0.4620354595965586 0.009559354336480523
selector 0.006896551724137931 1.7147984280919266 0.01182619605580639
Classes 0.027586206896551724 0.06187540371808745 0.0017069076887748264
in 0.006896551724137931 0.1508228897345837 0.0010401578602385081
used 0.027586206896551724 0.010050335853501506 2.772506442345243E-4
by 0.006896551724137931 0.27443684570176036 0.0018926679013914506
Document 0.013793103448275862 0.40047756659712536 0.005523828504787936
A 0.027586206896551724 0.16251892949777494 0.004483280813731723
OutputSettings 0.006896551724137931 1.1394342831883648 0.007858167470264585
s 0.006896551724137931 0.5447271754416719 0.0037567391409770476
output 0.006896551724137931 0.9675840262617057 0.006672993284563488
settings 0.006896551724137931 1.171182981502945 0.008077124010365139
control 0.013793103448275862 1.2039728043259361 0.01660652143897843
form 0.013793103448275862 0.9675840262617057 0.013345986569126975
text 0.006896551724137931 1.1086626245216111 0.0076459491346318005
html 0.013793103448275862 0.0 0.0
methods 0.006896551724137931 0.24846135929849972 0.0017135266158517222
Element 0.020689655172413793 0.4620354595965586 0.009559354336480523
consists 0.006896551724137931 2.207274913189721 0.015222585608204973
a 0.027586206896551724 0.16251892949777494 0.004483280813731723
name 0.006896551724137931 0.6931471805599453 0.004780325383172036
attributes 0.027586206896551724 0.3147107448397002 0.008681675719715867
child 0.006896551724137931 2.207274913189721 0.015222585608204973
including 0.006896551724137931 1.0498221244986776 0.007240152582749501
other 0.006896551724137931 0.8915981192837835 0.006148952546784714
elements 0.020689655172413793 0.4620354595965586 0.009559354336480523
Node 0.020689655172413793 0.6733445532637655 0.01393126661925032
The 0.013793103448275862 0.10536051565782635 0.0014532484918320875
base 0.006896551724137931 0.9162907318741551 0.006319246426718311
abstract 0.006896551724137931 1.2729656758128876 0.008779073626295776
model 0.006896551724137931 1.6094379124341003 0.011099571809890347
Attribute 0.027586206896551724 0.3147107448397002 0.008681675719715867
single 0.006896551724137931 1.4696759700589417 0.01013569634523408
key 0.006896551724137931 0.7985076962177716 0.00550694962908808
value 0.006896551724137931 0.5447271754416719 0.0037567391409770476
attribute 0.027586206896551724 0.3147107448397002 0.008681675719715867
Attributes 0.027586206896551724 0.3147107448397002 0.008681675719715867
an 0.027586206896551724 0.16251892949777494 0.004483280813731723
CDataNode 0.006896551724137931 2.302585092994046 0.015879897193062386
Character 0.006896551724137931 1.3093333199837622 0.009029884965405256
Data 0.013793103448275862 0.5978370007556204 0.008246027596629247
node 0.020689655172413793 0.6733445532637655 0.01393126661925032
CDATA 0.006896551724137931 2.8134107167600364 0.019402832529379563
sections 0.006896551724137931 2.5257286443082556 0.01741881823660866
Comment 0.013793103448275862 1.7719568419318754 0.024440784026646557
comment 0.013793103448275862 1.7719568419318754 0.024440784026646557
DataNode 0.006896551724137931 2.120263536200091 0.014622507146207523
data 0.013793103448275862 0.5978370007556204 0.008246027596629247
for 0.006896551724137931 0.083381608939051 5.750455788900068E-4
contents 0.006896551724137931 1.1394342831883648 0.007858167470264585
script 0.006896551724137931 2.120263536200091 0.014622507146207523
tags 0.013793103448275862 0.7550225842780328 0.010414104610731487
etc 0.006896551724137931 1.8971199848858813 0.01308358610266125
where 0.006896551724137931 1.4271163556401458 0.00984218176303549
should 0.006896551724137931 1.0498221244986776 0.007240152582749501
not 0.006896551724137931 0.3424903089467759 0.00236200213066742
show 0.006896551724137931 2.407945608651872 0.016606521438978426
Syntax 0.013793103448275862 1.6607312068216509 0.022906637335471047
serialization 0.006896551724137931 1.7719568419318754 0.012220392013323278
syntax 0.013793103448275862 1.6607312068216509 0.022906637335471047
QuirksMode 0.006896551724137931 2.302585092994046 0.015879897193062386
DocumentType 0.006896551724137931 1.8325814637483102 0.012638492853436621
DOCTYPE 0.006896551724137931 2.5257286443082556 0.01741881823660866
Entities 0.006896551724137931 1.9661128563728327 0.013559399009467812
EscapeMode 0.006896551724137931 2.120263536200091 0.014622507146207523
FormElement 0.006896551724137931 2.0402208285265546 0.014070488472596928
Form 0.013793103448275862 0.9675840262617057 0.013345986569126975
ready 0.006896551724137931 2.659260036932778 0.018339724392639846
fields 0.006896551724137931 1.1086626245216111 0.0076459491346318005
controls 0.013793103448275862 1.2039728043259361 0.01660652143897843
are 0.006896551724137931 0.5447271754416719 0.0037567391409770476
associated 0.006896551724137931 1.4271163556401458 0.00984218176303549
with 0.006896551724137931 0.23572233352106994 0.0016256712656625514
it 0.006896551724137931 0.47803580094299974 0.003296798627193102
TextNode 0.006896551724137931 2.302585092994046 0.015879897193062386
XmlDeclaration 0.006896551724137931 2.302585092994046 0.015879897193062386
An 0.027586206896551724 0.16251892949777494 0.004483280813731723
XML 0.006896551724137931 1.2039728043259361 0.008303260719489215
Declaration 0.006896551724137931 2.302585092994046 0.015879897193062386
Copyright 0.006896551724137931 0.06187540371808745 4.267269221937066E-4
Jonathan 0.006896551724137931 0.0 0.0
Hedley 0.006896551724137931 0.0 0.0
All 0.006896551724137931 0.05129329438755048 3.5374685784517575E-4
rights 0.006896551724137931 0.06187540371808745 4.267269221937066E-4
reserved 0.006896551724137931 0.06187540371808745 4.267269221937066E-4
