org 0.015384615384615385 0.05129329438755048 7.891276059623151E-4
jsoup 0.015384615384615385 0.0 0.0
nodes 0.03076923076923077 0.6733445532637655 0.020718293946577402
Class 0.015384615384615385 0.06187540371808745 9.519292879705762E-4
Hierarchy 0.015384615384615385 1.5606477482646683 0.024009965357917974
Java 0.03076923076923077 0.010050335853501506 3.0924110318466175E-4
HTML 0.015384615384615385 0.0 0.0
Parser 0.015384615384615385 0.0 0.0
API 0.015384615384615385 0.0 0.0
Skip 0.015384615384615385 0.06187540371808745 9.519292879705762E-4
navigation 0.015384615384615385 0.06187540371808745 9.519292879705762E-4
links 0.015384615384615385 0.0408219945202552 6.280306849270032E-4
Overview 0.015384615384615385 0.06187540371808745 9.519292879705762E-4
Package 0.015384615384615385 0.06187540371808745 9.519292879705762E-4
Use 0.015384615384615385 0.010050335853501506 1.5462055159233087E-4
Tree 0.015384615384615385 0.0408219945202552 6.280306849270032E-4
Deprecated 0.015384615384615385 0.06187540371808745 9.519292879705762E-4
Index 0.015384615384615385 0.06187540371808745 9.519292879705762E-4
Help 0.015384615384615385 0.05129329438755048 7.891276059623151E-4
For 0.015384615384615385 0.083381608939051 0.0012827939836777078
Hierarchies 0.015384615384615385 2.120263536200091 0.03261943901846294
All 0.015384615384615385 0.05129329438755048 7.891276059623151E-4
Packages 0.015384615384615385 0.9162907318741551 0.014096780490371618
java 0.03076923076923077 0.010050335853501506 3.0924110318466175E-4
lang 0.015384615384615385 0.653926467406664 0.010060407190871755
Object 0.015384615384615385 0.43078291609245434 0.006627429478345452
Attribute 0.03076923076923077 0.3147107448397002 0.009683407533529236
implements 0.015384615384615385 0.6931471805599453 0.010663802777845312
Cloneable 0.015384615384615385 1.3093333199837622 0.02014358953821173
util 0.015384615384615385 1.2729656758128876 0.01958408732019827
Map 0.015384615384615385 1.2378743560016172 0.019044220861563342
Entry 0.015384615384615385 1.6607312068216509 0.025549710874179246
K 0.015384615384615385 1.9661128563728327 0.030247890098043583
V 0.015384615384615385 1.3470736479666094 0.02072420996871707
Attributes 0.03076923076923077 0.3147107448397002 0.009683407533529236
Iterable 0.015384615384615385 1.6094379124341003 0.02476058326821693
T 0.015384615384615385 1.2729656758128876 0.01958408732019827
Document 0.015384615384615385 0.40047756659712536 0.006161193332263467
OutputSettings 0.015384615384615385 1.1394342831883648 0.01752975820289792
Entities 0.015384615384615385 1.9661128563728327 0.030247890098043583
Node 0.03076923076923077 0.6733445532637655 0.020718293946577402
Comment 0.015384615384615385 1.7719568419318754 0.027260874491259624
DataNode 0.015384615384615385 2.120263536200091 0.03261943901846294
DocumentType 0.015384615384615385 1.8325814637483102 0.028193560980743236
Element 0.015384615384615385 0.7339691750802005 0.011291833462772316
FormElement 0.015384615384615385 2.0402208285265546 0.03138801274656238
PseudoTextElement 0.015384615384615385 2.207274913189721 0.03395807558753417
TextNode 0.015384615384615385 2.302585092994046 0.035424386046062246
CDataNode 0.015384615384615385 2.302585092994046 0.035424386046062246
XmlDeclaration 0.015384615384615385 2.302585092994046 0.035424386046062246
Enum 0.015384615384615385 1.5141277326297755 0.023294272809688855
E 0.015384615384615385 0.7765287894989963 0.01194659676152302
Comparable 0.015384615384615385 2.120263536200091 0.03261943901846294
constant 0.015384615384615385 1.4271163556401458 0.02195563624061763
Constable 0.015384615384615385 2.8134107167600364 0.043283241796308256
io 0.015384615384615385 1.5606477482646683 0.024009965357917974
Serializable 0.015384615384615385 1.4271163556401458 0.02195563624061763
Syntax 0.015384615384615385 1.6607312068216509 0.025549710874179246
QuirksMode 0.015384615384615385 2.302585092994046 0.035424386046062246
EscapeMode 0.015384615384615385 2.120263536200091 0.03261943901846294
Copyright 0.015384615384615385 0.06187540371808745 9.519292879705762E-4
Jonathan 0.015384615384615385 0.0 0.0
Hedley 0.015384615384615385 0.0 0.0
rights 0.015384615384615385 0.06187540371808745 9.519292879705762E-4
reserved 0.015384615384615385 0.06187540371808745 9.519292879705762E-4
