Uses 0.019867549668874173 0.010050335853501506 1.9967554675830808E-4
of 0.006622516556291391 0.1165338162559516 7.717471275228583E-4
Class 0.006622516556291391 0.06187540371808745 4.0977088555024804E-4
org 0.006622516556291391 0.05129329438755048 3.396906913082813E-4
jsoup 0.006622516556291391 0.0 0.0
nodes 0.006622516556291391 0.7550225842780328 0.005000149564755184
Attribute 0.026490066225165563 0.3147107448397002 0.008336708472574839
Java 0.006622516556291391 0.010050335853501506 6.655851558610268E-5
HTML 0.006622516556291391 0.0 0.0
Parser 0.006622516556291391 0.0 0.0
API 0.006622516556291391 0.0 0.0
Skip 0.006622516556291391 0.06187540371808745 4.0977088555024804E-4
navigation 0.006622516556291391 0.06187540371808745 4.0977088555024804E-4
links 0.006622516556291391 0.0408219945202552 2.703443345712265E-4
Overview 0.006622516556291391 0.06187540371808745 4.0977088555024804E-4
Package 0.006622516556291391 0.06187540371808745 4.0977088555024804E-4
Use 0.013245033112582781 0.010050335853501506 1.3311703117220537E-4
Tree 0.006622516556291391 0.0408219945202552 2.703443345712265E-4
Deprecated 0.006622516556291391 0.06187540371808745 4.0977088555024804E-4
Index 0.006622516556291391 0.06187540371808745 4.0977088555024804E-4
Help 0.006622516556291391 0.05129329438755048 3.396906913082813E-4
Packages 0.006622516556291391 0.9162907318741551 0.006068150542212948
that 0.013245033112582781 0.22314355131420976 0.0029555437260160235
use 0.019867549668874173 0.010050335853501506 1.9967554675830808E-4
Description 0.013245033112582781 0.18632957819149354 0.0024679414329999145
document 0.006622516556291391 0.40047756659712536 0.0026521693152127507
structure 0.006622516556291391 1.4696759700589417 0.009732953444098951
safety 0.006622516556291391 0.9162907318741551 0.006068150542212948
Contains 0.013245033112582781 0.5798184952529422 0.0076797151689131414
the 0.006622516556291391 0.10536051565782635 6.977517593233534E-4
cleaner 0.006622516556291391 0.9162907318741551 0.006068150542212948
and 0.006622516556291391 0.09431067947124142 6.245740362333869E-4
safelist 0.013245033112582781 0.9162907318741551 0.012136301084425895
definitions 0.006622516556291391 0.7765287894989963 0.005142574764894015
in 0.006622516556291391 0.1508228897345837 9.988270843349913E-4
Methods 0.013245033112582781 0.18632957819149354 0.0024679414329999145
return 0.006622516556291391 1.3470736479666094 0.008921017536202712
Modifier 0.006622516556291391 0.653926467406664 0.004330638856997775
Type 0.019867549668874173 0.40047756659712536 0.007956507945638253
Method 0.006622516556291391 0.32850406697203605 0.0021755236223313643
clone 0.006622516556291391 0.8209805520698303 0.005436957298475697
static 0.006622516556291391 0.5621189181535412 0.0037226418420764316
createFromEncoded 0.006622516556291391 2.0402208285265546 0.013511396215407647
String 0.006622516556291391 0.4155154439616658 0.0027517579070308992
unencodedKey 0.006622516556291391 2.407945608651872 0.01594665965994617
encodedValue 0.006622516556291391 2.407945608651872 0.01594665965994617
Create 0.006622516556291391 0.8915981192837835 0.005904623306515123
a 0.013245033112582781 0.16251892949777494 0.0021525686026195355
new 0.006622516556291391 0.616186139423817 0.004080702910091503
from 0.006622516556291391 0.38566248081198473 0.0025540561643177797
an 0.013245033112582781 0.16251892949777494 0.0021525686026195355
unencoded 0.006622516556291391 1.9661128563728327 0.013020614942866443
key 0.006622516556291391 0.7985076962177716 0.005288130438528289
attribute 0.026490066225165563 0.3147107448397002 0.008336708472574839
encoded 0.006622516556291391 1.7147984280919266 0.011356280980741236
value 0.006622516556291391 0.5447271754416719 0.0036074647380243173
types 0.019867549668874173 0.40047756659712536 0.007956507945638253
with 0.006622516556291391 0.23572233352106994 0.0015610750564309269
arguments 0.006622516556291391 2.5257286443082556 0.016726679763630833
type 0.019867549668874173 0.40047756659712536 0.007956507945638253
List 0.006622516556291391 0.653926467406664 0.004330638856997775
Attributes 0.026490066225165563 0.3147107448397002 0.008336708472574839
asList 0.006622516556291391 1.8971199848858813 0.012563708509178022
Get 0.006622516556291391 0.6733445532637655 0.004459235452077917
attributes 0.026490066225165563 0.3147107448397002 0.008336708472574839
as 0.006622516556291391 0.32850406697203605 0.0021755236223313643
for 0.013245033112582781 0.083381608939051 0.0011043921713781589
iteration 0.006622516556291391 1.8971199848858813 0.012563708509178022
Iterator 0.013245033112582781 1.6094379124341003 0.021317058442835764
iterator 0.013245033112582781 1.6094379124341003 0.021317058442835764
parameters 0.006622516556291391 0.5978370007556204 0.003959185435467685
put 0.006622516556291391 1.7147984280919266 0.011356280980741236
Set 0.006622516556291391 0.4620354595965586 0.0030598374807719116
or 0.006622516556291391 0.2613647641344075 0.001730892477711308
replace 0.006622516556291391 1.7147984280919266 0.011356280980741236
existing 0.006622516556291391 1.2729656758128876 0.008430236263661506
one 0.006622516556291391 1.07880966137193 0.007144434843522715
by 0.006622516556291391 0.27443684570176036 0.0018174625543162938
protected 0.006622516556291391 1.1394342831883648 0.007545922405220959
boolean 0.006622516556291391 0.653926467406664 0.004330638856997775
Safelist 0.013245033112582781 0.9162907318741551 0.012136301084425895
isSafeAttribute 0.006622516556291391 2.302585092994046 0.01524890790062282
tagName 0.006622516556291391 2.302585092994046 0.01524890790062282
Element 0.006622516556291391 0.7339691750802005 0.0048607230137761625
el 0.006622516556291391 2.5257286443082556 0.016726679763630833
attr 0.006622516556291391 1.7719568419318754 0.011734813522727651
Test 0.006622516556291391 1.1394342831883648 0.007545922405220959
if 0.006622516556291391 0.616186139423817 0.004080702910091503
supplied 0.006622516556291391 1.5141277326297755 0.010027335977680633
is 0.006622516556291391 0.22314355131420976 0.0014777718630080117
allowed 0.006622516556291391 1.3862943611198906 0.00918075735840987
this 0.006622516556291391 0.3424903089467759 0.002268147741369377
tag 0.006622516556291391 0.843970070294529 0.005589205763539927
Whitelist 0.006622516556291391 1.1086626245216111 0.007342136586235835
Copyright 0.006622516556291391 0.06187540371808745 4.0977088555024804E-4
Jonathan 0.006622516556291391 0.0 0.0
Hedley 0.006622516556291391 0.0 0.0
All 0.006622516556291391 0.05129329438755048 3.396906913082813E-4
rights 0.006622516556291391 0.06187540371808745 4.0977088555024804E-4
reserved 0.006622516556291391 0.06187540371808745 4.0977088555024804E-4
ry 0.006622516556291391 4.605170185988092 0.03049781580124564
Nested 0.006622516556291391 2.0402208285265546 0.013511396215407647
Field 0.006622516556291391 1.1394342831883648 0.007545922405220959
Constr 0.006622516556291391 2.995732273553991 0.019839286579827753
Detail 0.006622516556291391 1.9661128563728327 0.013020614942866443
Submit 0.006622516556291391 1.07880966137193 0.007144434843522715
bug 0.006622516556291391 1.1086626245216111 0.007342136586235835
feature 0.006622516556291391 1.1394342831883648 0.007545922405220959
For 0.013245033112582781 0.083381608939051 0.0011043921713781589
further 0.006622516556291391 0.9416085398584451 0.006235818144757915
reference 0.006622516556291391 0.843970070294529 0.005589205763539927
developer 0.006622516556291391 1.07880966137193 0.007144434843522715
documentation 0.013245033112582781 0.9416085398584451 0.01247163628951583
see 0.006622516556291391 0.3566749439387324 0.0023620857214485588
SE 0.006622516556291391 1.1086626245216111 0.007342136586235835
Documentation 0.013245033112582781 0.9416085398584451 0.01247163628951583
That 0.013245033112582781 0.22314355131420976 0.0029555437260160235
contains 0.013245033112582781 0.5798184952529422 0.0076797151689131414
more 0.006622516556291391 0.7339691750802005 0.0048607230137761625
detailed 0.006622516556291391 1.0498221244986776 0.006952464400653494
targeted 0.006622516556291391 1.171182981502945 0.0077561786854499675
descriptions 0.013245033112582781 0.18632957819149354 0.0024679414329999145
conceptual 0.006622516556291391 1.171182981502945 0.0077561786854499675
overviews 0.006622516556291391 1.171182981502945 0.0077561786854499675
terms 0.006622516556291391 1.0216512475319812 0.006765902301536299
workarounds 0.006622516556291391 1.171182981502945 0.0077561786854499675
working 0.006622516556291391 0.9942522733438669 0.0065844521413501115
code 0.006622516556291391 0.5108256237659907 0.0033829511507681505
examples 0.006622516556291391 0.7985076962177716 0.005288130438528289
Oracle 0.006622516556291391 0.8915981192837835 0.005904623306515123
its 0.006622516556291391 0.8675005677047231 0.005745036872216709
affiliates 0.006622516556291391 1.171182981502945 0.0077561786854499675
subject 0.006622516556291391 1.1394342831883648 0.007545922405220959
to 0.006622516556291391 0.17435338714477774 0.001154658193011773
license 0.006622516556291391 1.1086626245216111 0.007342136586235835
Also 0.006622516556291391 0.5108256237659907 0.0033829511507681505
redistribution 0.006622516556291391 1.171182981502945 0.0077561786854499675
policy 0.006622516556291391 1.0216512475319812 0.006765902301536299
Scripting 0.006622516556291391 1.0216512475319812 0.006765902301536299
on 0.006622516556291391 0.5447271754416719 0.0036074647380243173
page 0.006622516556291391 0.843970070294529 0.005589205763539927
tracks 0.006622516556291391 1.07880966137193 0.007144434843522715
web 0.006622516556291391 0.8209805520698303 0.005436957298475697
traffic 0.006622516556291391 1.1086626245216111 0.007342136586235835
but 0.006622516556291391 0.8209805520698303 0.005436957298475697
does 0.006622516556291391 0.7339691750802005 0.0048607230137761625
not 0.006622516556291391 0.3424903089467759 0.002268147741369377
change 0.006622516556291391 0.9162907318741551 0.006068150542212948
content 0.006622516556291391 0.44628710262841953 0.0029555437260160235
any 0.006622516556291391 0.5978370007556204 0.003959185435467685
way 0.006622516556291391 1.1086626245216111 0.007342136586235835
