Uses 0.029288702928870293 0.010050335853501506 2.943613011485797E-4
of 0.029288702928870293 0.1165338162559516 0.003413124325488122
Class 0.016736401673640166 0.06187540371808745 0.0010355716103445597
org 0.04184100418410042 0.05129329438755048 0.002146162945085794
jsoup 0.058577405857740586 0.0 0.0
nodes 0.03347280334728033 0.7550225842780328 0.02527272248629398
Attribute 0.11715481171548117 0.3147107448397002 0.03686987805653391
Java 0.0041841004184100415 0.010050335853501506 4.2051614449797094E-5
HTML 0.016736401673640166 0.0 0.0
Parser 0.0041841004184100415 0.0 0.0
API 0.0041841004184100415 0.0 0.0
Skip 0.008368200836820083 0.06187540371808745 5.177858051722799E-4
navigation 0.008368200836820083 0.06187540371808745 5.177858051722799E-4
links 0.008368200836820083 0.0408219945202552 3.4160664870506443E-4
Overview 0.008368200836820083 0.06187540371808745 5.177858051722799E-4
Package 0.012552301255230125 0.06187540371808745 7.7667870775842E-4
Use 0.012552301255230125 0.010050335853501506 1.2615484334939128E-4
Tree 0.008368200836820083 0.0408219945202552 3.4160664870506443E-4
Deprecated 0.012552301255230125 0.06187540371808745 7.7667870775842E-4
Index 0.008368200836820083 0.06187540371808745 5.177858051722799E-4
Help 0.008368200836820083 0.05129329438755048 4.292325890171588E-4
Packages 0.0041841004184100415 0.9162907318741551 0.0038338524346198956
that 0.012552301255230125 0.22314355131420976 0.002800965079257863
use 0.029288702928870293 0.010050335853501506 2.943613011485797E-4
Description 0.02092050209205021 0.24846135929849972 0.005197936386997902
document 0.0041841004184100415 0.40047756659712536 0.0016756383539628674
structure 0.0041841004184100415 1.4696759700589417 0.006149271841250801
safety 0.012552301255230125 0.9162907318741551 0.011501557303859686
Contains 0.0041841004184100415 0.5798184952529422 0.002426018808589716
the 0.012552301255230125 0.10536051565782635 0.001322516932943427
cleaner 0.0041841004184100415 0.9162907318741551 0.0038338524346198956
and 0.02510460251046025 0.09431067947124142 0.0023676321206169393
safelist 0.012552301255230125 0.9162907318741551 0.011501557303859686
definitions 0.0041841004184100415 0.7765287894989963 0.0032490744330501936
in 0.02510460251046025 0.1508228897345837 0.0037863486962656993
Methods 0.03347280334728033 0.18632957819149354 0.006236973328585557
return 0.008368200836820083 1.3470736479666094 0.011272582828172463
Modifier 0.016736401673640166 0.653926467406664 0.010944376023542493
Type 0.03347280334728033 0.40047756659712536 0.013405106831702939
Method 0.03347280334728033 0.18632957819149354 0.006236973328585557
clone 0.0041841004184100415 0.8209805520698303 0.0034350650714218838
static 0.0041841004184100415 0.5621189181535412 0.0023519620006424314
createFromEncoded 0.0041841004184100415 2.0402208285265546 0.00853648882228684
String 0.016736401673640166 0.4155154439616658 0.00695423337174336
unencodedKey 0.0041841004184100415 2.407945608651872 0.01007508622866892
encodedValue 0.0041841004184100415 2.407945608651872 0.01007508622866892
Create 0.0041841004184100415 0.8915981192837835 0.003730536063948885
a 0.02510460251046025 0.16251892949777494 0.004079973125467153
new 0.008368200836820083 0.616186139423817 0.005156369367563321
from 0.0041841004184100415 0.38566248081198473 0.0016136505473304799
an 0.02510460251046025 0.16251892949777494 0.004079973125467153
unencoded 0.0041841004184100415 1.9661128563728327 0.00822641362499093
key 0.008368200836820083 0.7985076962177716 0.006682072771696833
attribute 0.11715481171548117 0.3147107448397002 0.03686987805653391
encoded 0.0041841004184100415 1.7147984280919266 0.007174888820468311
value 0.0041841004184100415 0.5447271754416719 0.0022791932026848196
types 0.03347280334728033 0.40047756659712536 0.013405106831702939
with 0.012552301255230125 0.23572233352106994 0.0029588577429423006
arguments 0.0041841004184100415 2.5257286443082556 0.0105679022774404
type 0.03347280334728033 0.40047756659712536 0.013405106831702939
List 0.008368200836820083 0.653926467406664 0.0054721880117712465
Attributes 0.11715481171548117 0.3147107448397002 0.03686987805653391
asList 0.0041841004184100415 1.8971199848858813 0.007937740522535068
Get 0.0041841004184100415 0.6733445532637655 0.002817341227045044
attributes 0.11715481171548117 0.3147107448397002 0.03686987805653391
as 0.0041841004184100415 0.32850406697203605 0.0013744940040670962
for 0.008368200836820083 0.083381608939051 6.977540496991715E-4
iteration 0.0041841004184100415 1.8971199848858813 0.007937740522535068
Iterator 0.008368200836820083 1.6094379124341003 0.013468099685641005
iterator 0.008368200836820083 1.6094379124341003 0.013468099685641005
parameters 0.008368200836820083 0.5978370007556204 0.0050028200900051915
put 0.0041841004184100415 1.7147984280919266 0.007174888820468311
Set 0.0041841004184100415 0.4620354595965586 0.0019332027598182367
or 0.0041841004184100415 0.2613647641344075 0.0010935764189724162
replace 0.0041841004184100415 1.7147984280919266 0.007174888820468311
existing 0.0041841004184100415 1.2729656758128876 0.005326216216790324
one 0.0041841004184100415 1.07880966137193 0.004513847955531088
by 0.008368200836820083 0.27443684570176036 0.002296542641855735
protected 0.008368200836820083 1.1394342831883648 0.009535014922078366
boolean 0.008368200836820083 0.653926467406664 0.0054721880117712465
Safelist 0.012552301255230125 0.9162907318741551 0.011501557303859686
isSafeAttribute 0.008368200836820083 2.302585092994046 0.019268494502042224
tagName 0.008368200836820083 2.302585092994046 0.019268494502042224
Element 0.008368200836820083 0.7339691750802005 0.00614200146510628
el 0.008368200836820083 2.5257286443082556 0.0211358045548808
attr 0.008368200836820083 1.7719568419318754 0.014828090727463392
Test 0.0041841004184100415 1.1394342831883648 0.004767507461039183
if 0.0041841004184100415 0.616186139423817 0.0025781846837816605
supplied 0.0041841004184100415 1.5141277326297755 0.006335262479622491
is 0.0041841004184100415 0.22314355131420976 9.336550264192877E-4
allowed 0.0041841004184100415 1.3862943611198906 0.005800394816401215
this 0.008368200836820083 0.3424903089467759 0.0028660276899311788
tag 0.0041841004184100415 0.843970070294529 0.0035312555242448906
Whitelist 0.0041841004184100415 1.1086626245216111 0.004638755751136448
Copyright 0.0041841004184100415 0.06187540371808745 2.5889290258613993E-4
Jonathan 0.0041841004184100415 0.0 0.0
Hedley 0.0041841004184100415 0.0 0.0
All 0.0041841004184100415 0.05129329438755048 2.146162945085794E-4
rights 0.0041841004184100415 0.06187540371808745 2.5889290258613993E-4
reserved 0.0041841004184100415 0.06187540371808745 2.5889290258613993E-4
