Uses 0.011686143572621035 0.010050335853501506 1.1744966773707937E-4
of 0.001669449081803005 0.1165338162559516 1.945472725474985E-4
Class 0.001669449081803005 0.06187540371808745 1.0329783592335134E-4
org 0.001669449081803005 0.05129329438755048 8.563154321794738E-5
jsoup 0.001669449081803005 0.0 0.0
nodes 0.00333889816360601 0.6733445532637655 0.002248228892366496
Attributes 0.00333889816360601 0.3566749439387324 0.0011909013153213101
Java 0.001669449081803005 0.010050335853501506 1.677852396243991E-5
HTML 0.001669449081803005 0.0 0.0
Parser 0.001669449081803005 0.0 0.0
API 0.001669449081803005 0.0 0.0
Skip 0.001669449081803005 0.06187540371808745 1.0329783592335134E-4
navigation 0.001669449081803005 0.06187540371808745 1.0329783592335134E-4
links 0.001669449081803005 0.0408219945202552 6.815024126920735E-5
Overview 0.001669449081803005 0.06187540371808745 1.0329783592335134E-4
Package 0.001669449081803005 0.06187540371808745 1.0329783592335134E-4
Use 0.00333889816360601 0.010050335853501506 3.355704792487982E-5
Tree 0.001669449081803005 0.0408219945202552 6.815024126920735E-5
Deprecated 0.001669449081803005 0.06187540371808745 1.0329783592335134E-4
Index 0.001669449081803005 0.06187540371808745 1.0329783592335134E-4
Help 0.00333889816360601 0.05129329438755048 1.7126308643589477E-4
Packages 0.001669449081803005 0.9162907318741551 0.0015297007209919117
that 0.001669449081803005 0.22314355131420976 3.725267968517692E-4
use 0.011686143572621035 0.010050335853501506 1.1744966773707937E-4
Description 0.001669449081803005 0.24846135929849972 4.1479358814440687E-4
document 0.001669449081803005 0.40047756659712536 6.685769058382727E-4
structure 0.001669449081803005 1.4696759700589417 0.002453549198762841
in 0.001669449081803005 0.1508228897345837 2.517911347822766E-4
Methods 0.00333889816360601 0.18632957819149354 6.221354864490603E-4
return 0.001669449081803005 1.3470736479666094 0.0022488708647188807
Modifier 0.001669449081803005 0.653926467406664 0.001091696940578738
and 0.001669449081803005 0.09431067947124142 1.574468772474815E-4
Type 0.00333889816360601 0.44628710262841953 0.001490107187407077
Method 0.00333889816360601 0.18632957819149354 6.221354864490603E-4
add 0.005008347245409015 1.0216512475319812 0.005116784211345482
String 0.001669449081803005 0.4155154439616658 6.936818763967709E-4
key 0.001669449081803005 0.7985076962177716 0.0013330679402633917
value 0.001669449081803005 0.5447271754416719 9.093942828742437E-4
Adds 0.005008347245409015 1.0216512475319812 0.005116784211345482
a 0.005008347245409015 0.16251892949777494 8.13951232877003E-4
new 0.00333889816360601 0.616186139423817 0.0020573827693616594
attribute 0.00667779632721202 0.3147107448397002 0.002101574256024709
Element 0.00333889816360601 0.7339691750802005 0.0024506483308187
attributes 0.00667779632721202 0.3147107448397002 0.002101574256024709
abstract 0.001669449081803005 1.2729656758128876 0.002125151378652567
Node 0.00333889816360601 0.6733445532637655 0.002248228892366496
Get 0.00333889816360601 0.6733445532637655 0.002248228892366496
all 0.00333889816360601 0.05129329438755048 1.7126308643589477E-4
the 0.00333889816360601 0.10536051565782635 3.5178803224649867E-4
element 0.00333889816360601 0.7339691750802005 0.0024506483308187
s 0.001669449081803005 0.5447271754416719 9.093942828742437E-4
clone 0.001669449081803005 0.8209805520698303 0.0013705852288311024
put 0.001669449081803005 1.7147984280919266 0.0028627686612553035
boolean 0.001669449081803005 0.653926467406664 0.001091696940578738
Set 0.00333889816360601 0.4620354595965586 0.0015426893475678084
remove 0.001669449081803005 1.4271163556401458 0.002382498089549492
if 0.001669449081803005 0.616186139423817 0.0010286913846808297
is 0.011686143572621035 0.18632957819149354 0.0021774742025717107
false 0.001669449081803005 1.1394342831883648 0.001902227517843681
or 0.001669449081803005 0.2613647641344075 4.363351654998456E-4
replace 0.001669449081803005 1.7147984280919266 0.0028627686612553035
an 0.005008347245409015 0.16251892949777494 8.13951232877003E-4
existing 0.001669449081803005 1.2729656758128876 0.002125151378652567
one 0.001669449081803005 1.07880966137193 0.0018010177986175794
by 0.00333889816360601 0.27443684570176036 9.163166801394336E-4
Attribute 0.00667779632721202 0.3147107448397002 0.002101574256024709
with 0.001669449081803005 0.23572233352106994 3.9352643325721195E-4
parameters 0.001669449081803005 0.5978370007556204 9.98058431979333E-4
type 0.00333889816360601 0.44628710262841953 0.001490107187407077
void 0.001669449081803005 1.4696759700589417 0.002453549198762841
addAll 0.001669449081803005 1.8325814637483102 0.0030594014419838235
incoming 0.001669449081803005 2.120263536200091 0.0035396720136896347
Add 0.005008347245409015 1.0216512475319812 0.005116784211345482
from 0.00333889816360601 0.38566248081198473 0.0012876877489548738
set 0.00333889816360601 0.4620354595965586 0.0015426893475678084
to 0.001669449081803005 0.17435338714477774 2.9107410207809305E-4
this 0.00333889816360601 0.3424903089467759 0.0011435402635952452
Constructors 0.001669449081803005 0.8915981192837835 0.0014884776615755985
Constructor 0.001669449081803005 0.6733445532637655 0.001124114446183248
val 0.001669449081803005 1.9661128563728327 0.0032823253027927093
parent 0.001669449081803005 2.0402208285265546 0.003406044788859023
Create 0.005008347245409015 0.8209805520698303 0.0041117556864933074
unencoded 0.001669449081803005 1.9661128563728327 0.0032823253027927093
raw 0.00333889816360601 2.0402208285265546 0.006812089577718046
Tag 0.00333889816360601 0.843970070294529 0.0028179301178448382
tag 0.00333889816360601 0.843970070294529 0.0028179301178448382
baseUri 0.001669449081803005 1.9661128563728327 0.0032823253027927093
standalone 0.001669449081803005 2.995732273553991 0.005001222493412338
FormElement 0.001669449081803005 2.0402208285265546 0.003406044788859023
form 0.001669449081803005 0.9675840262617057 0.0016153322642098592
PseudoTextElement 0.001669449081803005 2.207274913189721 0.0036849330771113876
Copyright 0.001669449081803005 0.06187540371808745 1.0329783592335134E-4
Jonathan 0.001669449081803005 0.0 0.0
Hedley 0.001669449081803005 0.0 0.0
All 0.00333889816360601 0.05129329438755048 1.7126308643589477E-4
rights 0.001669449081803005 0.06187540371808745 1.0329783592335134E-4
reserved 0.001669449081803005 0.06187540371808745 1.0329783592335134E-4
cf 0.001669449081803005 3.506557897319982 0.005854019861969919
ak 0.00333889816360601 3.506557897319982 0.011708039723939839
r 0.001669449081803005 2.207274913189721 0.0036849330771113876
n 0.001669449081803005 2.302585092994046 0.0038440485692721967
m 0.001669449081803005 1.8971199848858813 0.0031671452168378655
dscx 0.001669449081803005 3.506557897319982 0.005854019861969919
essl 0.001669449081803005 3.506557897319982 0.005854019861969919
bpcip 0.001669449081803005 3.506557897319982 0.005854019861969919
cport 0.001669449081803005 3.506557897319982 0.005854019861969919
gh 0.001669449081803005 3.506557897319982 0.005854019861969919
quicv 0.001669449081803005 3.506557897319982 0.005854019861969919
tlsv 0.001669449081803005 3.506557897319982 0.005854019861969919
tls 0.001669449081803005 2.8134107167600364 0.004696845937829777
rtt 0.001669449081803005 3.506557897319982 0.005854019861969919
csrc 0.001669449081803005 3.506557897319982 0.005854019861969919
acc 0.001669449081803005 3.506557897319982 0.005854019861969919
reno 0.001669449081803005 4.605170185988092 0.0076880971385443935
t 0.001669449081803005 1.2729656758128876 0.002125151378652567
hOBiQwZUYzCg 0.001669449081803005 3.506557897319982 0.005854019861969919
VSAfCLimQ 0.001669449081803005 3.506557897319982 0.005854019861969919
WP 0.001669449081803005 4.605170185988092 0.0076880971385443935
EdfYKdkx 0.001669449081803005 4.605170185988092 0.0076880971385443935
e 0.001669449081803005 0.7765287894989963 0.0012963752746226983
o 0.001669449081803005 1.3862943611198906 0.002314347848280285
SwEpdRQd 0.001669449081803005 4.605170185988092 0.0076880971385443935
LGooSHARoYx 0.001669449081803005 4.605170185988092 0.0076880971385443935
qChaKo 0.001669449081803005 4.605170185988092 0.0076880971385443935
mWl 0.001669449081803005 4.605170185988092 0.0076880971385443935
v 0.001669449081803005 1.3470736479666094 0.0022488708647188807
xMYIy 0.001669449081803005 4.605170185988092 0.0076880971385443935
tqLONBUTNZBSL 0.001669449081803005 4.605170185988092 0.0076880971385443935
iUpv 0.001669449081803005 4.605170185988092 0.0076880971385443935
fGSJbww 0.001669449081803005 4.605170185988092 0.0076880971385443935
NGgDGsAeXhY 0.001669449081803005 4.605170185988092 0.0076880971385443935
lEHksvy 0.001669449081803005 4.605170185988092 0.0076880971385443935
c 0.00333889816360601 1.6607312068216509 0.005545012376700003
rgrxIU 0.001669449081803005 4.605170185988092 0.0076880971385443935
OE 0.001669449081803005 4.605170185988092 0.0076880971385443935
IVXnuhLGLDXrPZ 0.001669449081803005 4.605170185988092 0.0076880971385443935
gENUmIKJSwB 0.001669449081803005 4.605170185988092 0.0076880971385443935
SR 0.001669449081803005 4.605170185988092 0.0076880971385443935
Ygf 0.001669449081803005 4.605170185988092 0.0076880971385443935
tAm 0.001669449081803005 4.605170185988092 0.0076880971385443935
yDM 0.001669449081803005 4.605170185988092 0.0076880971385443935
bY 0.00333889816360601 0.27443684570176036 9.163166801394336E-4
dcHAu 0.001669449081803005 4.605170185988092 0.0076880971385443935
inkakKZmFRhmASzoA 0.001669449081803005 4.605170185988092 0.0076880971385443935
rExVHqWlJc 0.001669449081803005 4.605170185988092 0.0076880971385443935
FaARuCoWkqomdLEyCvfTO 0.001669449081803005 4.605170185988092 0.0076880971385443935
MSmjlXD 0.001669449081803005 4.605170185988092 0.0076880971385443935
wr 0.001669449081803005 4.605170185988092 0.0076880971385443935
Hq 0.001669449081803005 4.605170185988092 0.0076880971385443935
lOeqK 0.001669449081803005 4.605170185988092 0.0076880971385443935
paBtajlqE 0.001669449081803005 4.605170185988092 0.0076880971385443935
KrHIuAwGAPfvlPYnWdY 0.001669449081803005 4.605170185988092 0.0076880971385443935
OoR 0.001669449081803005 4.605170185988092 0.0076880971385443935
gAf 0.001669449081803005 4.605170185988092 0.0076880971385443935
nUkrK 0.001669449081803005 4.605170185988092 0.0076880971385443935
NMmbMYaE 0.001669449081803005 4.605170185988092 0.0076880971385443935
mDENqt 0.001669449081803005 4.605170185988092 0.0076880971385443935
HwCBStfDAmBZaEFM 0.001669449081803005 4.605170185988092 0.0076880971385443935
nii 0.001669449081803005 4.605170185988092 0.0076880971385443935
nh 0.001669449081803005 4.605170185988092 0.0076880971385443935
hH 0.001669449081803005 4.605170185988092 0.0076880971385443935
BmeisABpYpZJ 0.001669449081803005 4.605170185988092 0.0076880971385443935
J 0.001669449081803005 2.120263536200091 0.0035396720136896347
LkzZBuWL 0.001669449081803005 4.605170185988092 0.0076880971385443935
MaaTBWlZnSnXI 0.001669449081803005 4.605170185988092 0.0076880971385443935
baywoBebmWEABU 0.001669449081803005 4.605170185988092 0.0076880971385443935
ag 0.001669449081803005 4.605170185988092 0.0076880971385443935
z 0.001669449081803005 2.302585092994046 0.0038440485692721967
JAUfPT 0.001669449081803005 4.605170185988092 0.0076880971385443935
qT 0.001669449081803005 4.605170185988092 0.0076880971385443935
qC 0.001669449081803005 4.605170185988092 0.0076880971385443935
FhRmtMc 0.001669449081803005 4.605170185988092 0.0076880971385443935
rWXugfB 0.001669449081803005 4.605170185988092 0.0076880971385443935
pv 0.001669449081803005 3.506557897319982 0.005854019861969919
dpoabenc 0.001669449081803005 3.506557897319982 0.005854019861969919
tf 0.001669449081803005 3.506557897319982 0.005854019861969919
i 0.001669449081803005 1.3093333199837622 0.002185865308820972
ruds 0.001669449081803005 3.506557897319982 0.005854019861969919
var 0.001669449081803005 3.506557897319982 0.005854019861969919
av 0.001669449081803005 3.506557897319982 0.005854019861969919
function 0.001669449081803005 2.995732273553991 0.005001222493412338
http 0.001669449081803005 1.1394342831883648 0.001902227517843681
initiator 0.001669449081803005 3.506557897319982 0.005854019861969919
spa 0.001669449081803005 3.506557897319982 0.005854019861969919
hard 0.001669449081803005 3.506557897319982 0.005854019861969919
feo 0.001669449081803005 3.506557897319982 0.005854019861969919
aFeoApplied 0.001669449081803005 3.506557897319982 0.005854019861969919
BOOMR 0.001669449081803005 3.506557897319982 0.005854019861969919
addVar 0.001669449081803005 3.506557897319982 0.005854019861969919
rv 0.001669449081803005 3.506557897319982 0.005854019861969919
cr 0.001669449081803005 3.506557897319982 0.005854019861969919
ipv 0.001669449081803005 3.506557897319982 0.005854019861969919
ol 0.001669449081803005 2.659260036932778 0.004439499226932851
proto 0.001669449081803005 3.506557897319982 0.005854019861969919
removeVar 0.001669449081803005 3.506557897319982 0.005854019861969919
plugins 0.001669449081803005 2.407945608651872 0.004019942585395445
AK 0.00333889816360601 3.506557897319982 0.011708039723939839
akVars 0.001669449081803005 3.506557897319982 0.005854019861969919
akDNSPreFetchDomain 0.001669449081803005 3.506557897319982 0.005854019861969919
init 0.001669449081803005 2.995732273553991 0.005001222493412338
subscribe 0.00333889816360601 2.5257286443082556 0.008433150732247933
before 0.001669449081803005 1.8325814637483102 0.0030594014419838235
beacon 0.001669449081803005 3.506557897319982 0.005854019861969919
null 0.001669449081803005 1.2039728043259361 0.002009971292697723
onbeacon 0.001669449081803005 3.506557897319982 0.005854019861969919
complete 0.001669449081803005 1.7147984280919266 0.0028627686612553035
window 0.001669449081803005 1.9661128563728327 0.0032823253027927093
Click 0.001669449081803005 2.995732273553991 0.005001222493412338
view 0.001669449081803005 1.4271163556401458 0.002382498089549492
our 0.011686143572621035 1.9661128563728327 0.022976277119548964
Accessibility 0.00333889816360601 1.9661128563728327 0.006564650605585419
Policy 0.001669449081803005 1.0216512475319812 0.0017055947371151607
content 0.00333889816360601 0.44628710262841953 0.001490107187407077
Oracle 0.001669449081803005 0.8915981192837835 0.0014884776615755985
CloudWorld 0.001669449081803005 4.605170185988092 0.0076880971385443935
Save 0.001669449081803005 2.659260036932778 0.004439499226932851
date 0.001669449081803005 1.9661128563728327 0.0032823253027927093
for 0.001669449081803005 0.083381608939051 1.3920135048255594E-4
October 0.001669449081803005 3.506557897319982 0.005854019861969919
Las 0.001669449081803005 4.605170185988092 0.0076880971385443935
Vegas 0.001669449081803005 4.605170185988092 0.0076880971385443935
here 0.001669449081803005 3.506557897319982 0.005854019861969919
we 0.011686143572621035 1.9661128563728327 0.022976277119548964
come 0.001669449081803005 3.506557897319982 0.005854019861969919
ready 0.001669449081803005 2.659260036932778 0.004439499226932851
global 0.001669449081803005 2.0402208285265546 0.003406044788859023
conference 0.00333889816360601 3.506557897319982 0.011708039723939839
created 0.005008347245409015 0.8209805520698303 0.0041117556864933074
customers 0.00333889816360601 2.5257286443082556 0.008433150732247933
partners 0.00333889816360601 2.8134107167600364 0.009393691875659554
running 0.001669449081803005 1.9661128563728327 0.0032823253027927093
Mark 0.001669449081803005 3.506557897319982 0.005854019861969919
your 0.005008347245409015 0.8209805520698303 0.0041117556864933074
calendar 0.001669449081803005 2.5257286443082556 0.004216575366123966
plan 0.001669449081803005 3.2188758248682006 0.005373749290264108
on 0.001669449081803005 0.5447271754416719 9.093942828742437E-4
joining 0.001669449081803005 3.506557897319982 0.005854019861969919
us 0.011686143572621035 1.9661128563728327 0.022976277119548964
learn 0.00333889816360601 2.302585092994046 0.0076880971385443935
about 0.001669449081803005 1.4696759700589417 0.002453549198762841
cloud 0.00333889816360601 2.302585092994046 0.0076880971385443935
infrastructure 0.00333889816360601 2.5257286443082556 0.008433150732247933
applications 0.00333889816360601 1.6607312068216509 0.005545012376700003
people 0.001669449081803005 3.506557897319982 0.005854019861969919
who 0.001669449081803005 2.302585092994046 0.0038440485692721967
build 0.001669449081803005 1.9661128563728327 0.0032823253027927093
it 0.00333889816360601 0.47803580094299974 0.00159611285790651
community 0.001669449081803005 2.8134107167600364 0.004696845937829777
uses 0.011686143572621035 0.010050335853501506 1.1744966773707937E-4
Subscribe 0.00333889816360601 2.5257286443082556 0.008433150732247933
get 0.00333889816360601 0.6733445532637655 0.002248228892366496
latest 0.001669449081803005 2.5257286443082556 0.004216575366123966
news 0.00333889816360601 1.9661128563728327 0.006564650605585419
event 0.00333889816360601 1.3862943611198906 0.00462869569656057
registration 0.001669449081803005 2.995732273553991 0.005001222493412338
keynote 0.001669449081803005 4.605170185988092 0.0076880971385443935
speakers 0.001669449081803005 4.605170185988092 0.0076880971385443935
sessions 0.001669449081803005 4.605170185988092 0.0076880971385443935
more 0.001669449081803005 0.7339691750802005 0.00122532416540935
updates 0.001669449081803005 2.5257286443082556 0.004216575366123966
Let 0.001669449081803005 2.659260036932778 0.004439499226932851
know 0.001669449081803005 2.659260036932778 0.004439499226932851
what 0.00333889816360601 1.5141277326297755 0.005055518305942489
you 0.005008347245409015 0.8209805520698303 0.0041117556864933074
d 0.00333889816360601 1.8971199848858813 0.006334290433675731
like 0.001669449081803005 1.171182981502945 0.0019552303530933975
see 0.001669449081803005 0.3566749439387324 5.954506576606551E-4
at 0.00333889816360601 1.4271163556401458 0.004764996179098984
brief 0.001669449081803005 4.605170185988092 0.0076880971385443935
survey 0.001669449081803005 4.605170185988092 0.0076880971385443935
Take 0.00333889816360601 1.8971199848858813 0.006334290433675731
Learn 0.00333889816360601 2.302585092994046 0.0076880971385443935
leaders 0.001669449081803005 3.506557897319982 0.005854019861969919
Explore 0.00333889816360601 2.5257286443082556 0.008433150732247933
technical 0.00333889816360601 2.5257286443082556 0.008433150732247933
innovations 0.001669449081803005 3.2188758248682006 0.005373749290264108
Cloud 0.00333889816360601 2.302585092994046 0.0076880971385443935
product 0.00667779632721202 2.5257286443082556 0.016866301464495866
development 0.001669449081803005 2.207274913189721 0.0036849330771113876
teams 0.001669449081803005 3.506557897319982 0.005854019861969919
You 0.005008347245409015 0.8209805520698303 0.0041117556864933074
ll 0.00333889816360601 0.5447271754416719 0.0018187885657484873
also 0.001669449081803005 0.5108256237659907 8.527973685575805E-4
first 0.001669449081803005 1.6094379124341003 0.002686874645132054
look 0.001669449081803005 1.9661128563728327 0.0032823253027927093
demos 0.001669449081803005 4.605170185988092 0.0076880971385443935
advanced 0.001669449081803005 2.302585092994046 0.0038440485692721967
best 0.001669449081803005 1.9661128563728327 0.0032823253027927093
practices 0.00333889816360601 2.8134107167600364 0.009393691875659554
training 0.00333889816360601 2.659260036932778 0.008878998453865703
insights 0.001669449081803005 2.8134107167600364 0.004696845937829777
experts 0.001669449081803005 3.2188758248682006 0.005373749290264108
From 0.00333889816360601 0.38566248081198473 0.0012876877489548738
IT 0.00333889816360601 0.47803580094299974 0.00159611285790651
administrators 0.001669449081803005 4.605170185988092 0.0076880971385443935
business 0.00333889816360601 2.5257286443082556 0.008433150732247933
professionals 0.001669449081803005 4.605170185988092 0.0076880971385443935
attendees 0.001669449081803005 4.605170185988092 0.0076880971385443935
will 0.00333889816360601 0.5447271754416719 0.0018187885657484873
organizations 0.001669449081803005 2.8134107167600364 0.004696845937829777
sizes 0.001669449081803005 2.5257286443082556 0.004216575366123966
industries 0.001669449081803005 3.506557897319982 0.005854019861969919
as 0.001669449081803005 0.32850406697203605 5.484208129750185E-4
they 0.00333889816360601 1.0216512475319812 0.0034111894742303215
share 0.001669449081803005 2.207274913189721 0.0036849330771113876
how 0.00333889816360601 1.2039728043259361 0.004019942585395446
ve 0.001669449081803005 3.506557897319982 0.005854019861969919
used 0.011686143572621035 0.010050335853501506 1.1744966773707937E-4
modernize 0.001669449081803005 2.995732273553991 0.005001222493412338
their 0.00333889816360601 1.0216512475319812 0.0034111894742303215
operations 0.001669449081803005 1.6607312068216509 0.0027725061883500015
solutions 0.00333889816360601 2.207274913189721 0.007369866154222775
At 0.00333889816360601 1.4271163556401458 0.004764996179098984
can 0.001669449081803005 0.7339691750802005 0.00122532416540935
explore 0.00333889816360601 2.5257286443082556 0.008433150732247933
Infrastructure 0.00333889816360601 2.5257286443082556 0.008433150732247933
databases 0.001669449081803005 2.8134107167600364 0.004696845937829777
ERP 0.001669449081803005 2.5257286443082556 0.004216575366123966
supply 0.001669449081803005 2.407945608651872 0.004019942585395445
chain 0.001669449081803005 2.8134107167600364 0.004696845937829777
customer 0.00333889816360601 2.5257286443082556 0.008433150732247933
experience 0.00333889816360601 2.207274913189721 0.007369866154222775
human 0.001669449081803005 3.2188758248682006 0.005373749290264108
resources 0.00333889816360601 1.9661128563728327 0.006564650605585419
sponsorship 0.00333889816360601 3.506557897319982 0.011708039723939839
opportunities 0.001669449081803005 4.605170185988092 0.0076880971385443935
Contact 0.001669449081803005 2.407945608651872 0.004019942585395445
Country 0.001669449081803005 2.659260036932778 0.004439499226932851
Region 0.001669449081803005 2.0402208285265546 0.003406044788859023
Site 0.001669449081803005 2.0402208285265546 0.003406044788859023
Map 0.001669449081803005 1.2378743560016172 0.002066568207014386
Privacy 0.001669449081803005 2.302585092994046 0.0038440485692721967
Do 0.001669449081803005 0.9162907318741551 0.0015297007209919117
Not 0.001669449081803005 0.3424903089467759 5.717701317976226E-4
Sell 0.001669449081803005 2.659260036932778 0.004439499226932851
My 0.001669449081803005 2.5257286443082556 0.004216575366123966
Info 0.001669449081803005 2.120263536200091 0.0035396720136896347
Ad 0.001669449081803005 2.407945608651872 0.004019942585395445
Choices 0.001669449081803005 2.120263536200091 0.0035396720136896347
Careers 0.001669449081803005 2.659260036932778 0.004439499226932851
Facebook 0.001669449081803005 2.659260036932778 0.004439499226932851
Twitter 0.001669449081803005 2.659260036932778 0.004439499226932851
LinkedIn 0.001669449081803005 2.659260036932778 0.004439499226932851
YouTube 0.001669449081803005 2.659260036932778 0.004439499226932851
oWidget 0.001669449081803005 4.605170185988092 0.0076880971385443935
C 0.00333889816360601 1.6607312068216509 0.005545012376700003
Raw 0.00333889816360601 2.0402208285265546 0.006812089577718046
Text 0.001669449081803005 1.1086626245216111 0.0018508558005369134
Display 0.001669449081803005 2.407945608651872 0.004019942585395445
information 0.00333889816360601 1.3470736479666094 0.0044977417294377615
manage 0.001669449081803005 2.207274913189721 0.0036849330771113876
protect 0.001669449081803005 2.5257286443082556 0.004216575366123966
Our 0.011686143572621035 1.9661128563728327 0.022976277119548964
commitment 0.00333889816360601 2.995732273553991 0.010002444986824677
create 0.005008347245409015 0.8209805520698303 0.0041117556864933074
products 0.00667779632721202 2.5257286443082556 0.016866301464495866
simplify 0.001669449081803005 3.2188758248682006 0.005373749290264108
standardize 0.001669449081803005 3.506557897319982 0.005854019861969919
automate 0.001669449081803005 3.506557897319982 0.005854019861969919
extends 0.001669449081803005 0.653926467406664 0.001091696940578738
users 0.005008347245409015 1.0216512475319812 0.005116784211345482
including 0.00333889816360601 1.0498221244986776 0.0035052491636015947
are 0.011686143572621035 0.18632957819149354 0.0021774742025717107
disabled 0.001669449081803005 2.5257286443082556 0.004216575366123966
Edward 0.001669449081803005 3.506557897319982 0.005854019861969919
Screven 0.001669449081803005 3.506557897319982 0.005854019861969919
Chief 0.001669449081803005 3.506557897319982 0.005854019861969919
Corporate 0.001669449081803005 2.5257286443082556 0.004216575366123966
Architect 0.001669449081803005 3.2188758248682006 0.005373749290264108
White 0.001669449081803005 3.506557897319982 0.005854019861969919
Papers 0.001669449081803005 3.506557897319982 0.005854019861969919
A 0.005008347245409015 0.16251892949777494 8.13951232877003E-4
Guide 0.001669449081803005 2.407945608651872 0.004019942585395445
Accessible 0.001669449081803005 2.407945608651872 0.004019942585395445
Content 0.00333889816360601 0.44628710262841953 0.001490107187407077
Business 0.00333889816360601 2.5257286443082556 0.008433150732247933
Intelligence 0.001669449081803005 2.5257286443082556 0.004216575366123966
Suite 0.001669449081803005 2.5257286443082556 0.004216575366123966
g 0.001669449081803005 1.5606477482646683 0.002605421950358378
PDF 0.001669449081803005 2.659260036932778 0.004439499226932851
Enterprise 0.001669449081803005 2.5257286443082556 0.004216575366123966
Edition 0.00333889816360601 2.659260036932778 0.008878998453865703
Plus 0.001669449081803005 2.995732273553991 0.005001222493412338
Siebel 0.001669449081803005 3.506557897319982 0.005854019861969919
Applications 0.00333889816360601 1.6607312068216509 0.005545012376700003
Version 0.001669449081803005 1.9661128563728327 0.0032823253027927093
Forms 0.001669449081803005 2.120263536200091 0.0035396720136896347
Using 0.011686143572621035 0.010050335853501506 1.1744966773707937E-4
Assistive 0.001669449081803005 2.659260036932778 0.004439499226932851
Technology 0.001669449081803005 1.7147984280919266 0.0028627686612553035
Products 0.00333889816360601 2.995732273553991 0.010002444986824677
based 0.001669449081803005 1.2729656758128876 0.002125151378652567
Technical 0.00333889816360601 2.5257286443082556 0.008433150732247933
Information 0.00333889816360601 1.3470736479666094 0.0044977417294377615
The 0.00333889816360601 0.10536051565782635 3.5178803224649867E-4
Program 0.00333889816360601 2.120263536200091 0.007079344027379269
Bloor 0.001669449081803005 3.506557897319982 0.005854019861969919
Research 0.00333889816360601 2.995732273553991 0.010002444986824677
Commitment 0.00333889816360601 2.995732273553991 0.010002444986824677
News 0.00333889816360601 1.9661128563728327 0.006564650605585419
Open 0.001669449081803005 2.207274913189721 0.0036849330771113876
Close 0.001669449081803005 1.9661128563728327 0.0032823253027927093
March 0.001669449081803005 3.506557897319982 0.005854019861969919
Presentation 0.00333889816360601 2.120263536200091 0.007079344027379269
Sponsorship 0.00333889816360601 3.506557897319982 0.011708039723939839
CSUN 0.001669449081803005 3.506557897319982 0.005854019861969919
was 0.011686143572621035 0.18632957819149354 0.0021774742025717107
sponsor 0.00333889816360601 3.506557897319982 0.011708039723939839
Annual 0.001669449081803005 3.506557897319982 0.005854019861969919
Conference 0.00333889816360601 3.506557897319982 0.011708039723939839
hosted 0.001669449081803005 3.506557897319982 0.005854019861969919
California 0.001669449081803005 3.506557897319982 0.005854019861969919
State 0.001669449081803005 1.6607312068216509 0.0027725061883500015
University 0.00333889816360601 3.506557897319982 0.011708039723939839
Northridge 0.001669449081803005 3.506557897319982 0.005854019861969919
Michele 0.001669449081803005 3.506557897319982 0.005854019861969919
Van 0.001669449081803005 3.506557897319982 0.005854019861969919
Doozer 0.001669449081803005 3.506557897319982 0.005854019861969919
Office 0.001669449081803005 3.506557897319982 0.005854019861969919
co 0.001669449081803005 3.506557897319982 0.005854019861969919
presented 0.00333889816360601 1.7719568419318754 0.005916383445515444
Conformance 0.001669449081803005 3.506557897319982 0.005854019861969919
Reports 0.001669449081803005 2.659260036932778 0.004439499226932851
VPAT 0.001669449081803005 3.506557897319982 0.005854019861969919
IBM 0.001669449081803005 3.506557897319982 0.005854019861969919
HP 0.001669449081803005 3.506557897319982 0.005854019861969919
presentation 0.00333889816360601 2.120263536200091 0.007079344027379269
included 0.00333889816360601 1.0498221244986776 0.0035052491636015947
introducing 0.001669449081803005 3.506557897319982 0.005854019861969919
Voluntary 0.001669449081803005 3.506557897319982 0.005854019861969919
Product 0.00667779632721202 2.5257286443082556 0.016866301464495866
Template 0.001669449081803005 2.8134107167600364 0.004696845937829777
Training 0.00333889816360601 2.659260036932778 0.008878998453865703
courses 0.001669449081803005 3.506557897319982 0.005854019861969919
available 0.001669449081803005 1.6607312068216509 0.0027725061883500015
Industry 0.001669449081803005 2.5257286443082556 0.004216575366123966
Council 0.001669449081803005 3.506557897319982 0.005854019861969919
ITI 0.001669449081803005 3.506557897319982 0.005854019861969919
February 0.001669449081803005 3.506557897319982 0.005854019861969919
European 0.001669449081803005 2.995732273553991 0.005001222493412338
Disability 0.00333889816360601 3.506557897319982 0.011708039723939839
Forum 0.001669449081803005 3.506557897319982 0.005854019861969919
Scholarship 0.00333889816360601 3.506557897319982 0.011708039723939839
being 0.011686143572621035 0.18632957819149354 0.0021774742025717107
accepted 0.001669449081803005 2.995732273553991 0.005001222493412338
EDF 0.001669449081803005 3.506557897319982 0.005854019861969919
scholarship 0.00333889816360601 3.506557897319982 0.011708039723939839
students 0.005008347245409015 2.995732273553991 0.015003667480237015
disabilities 0.00333889816360601 3.506557897319982 0.011708039723939839
studying 0.00333889816360601 3.506557897319982 0.011708039723939839
field 0.00333889816360601 0.9162907318741551 0.0030594014419838235
Computer 0.00333889816360601 2.995732273553991 0.010002444986824677
Science 0.00333889816360601 2.8134107167600364 0.009393691875659554
Engineering 0.00333889816360601 2.302585092994046 0.0076880971385443935
User 0.005008347245409015 1.0216512475319812 0.005116784211345482
Experience 0.00333889816360601 2.207274913189721 0.007369866154222775
related 0.001669449081803005 1.8971199848858813 0.0031671452168378655
fields 0.00333889816360601 0.9162907318741551 0.0030594014419838235
enrolled 0.001669449081803005 3.506557897319982 0.005854019861969919
EU 0.001669449081803005 3.506557897319982 0.005854019861969919
university 0.00333889816360601 3.506557897319982 0.011708039723939839
academic 0.001669449081803005 3.506557897319982 0.005854019861969919
year 0.001669449081803005 2.5257286443082556 0.004216575366123966
Deadline 0.001669449081803005 2.995732273553991 0.005001222493412338
apply 0.001669449081803005 2.5257286443082556 0.004216575366123966
consists 0.001669449081803005 2.207274913189721 0.0036849330771113876
be 0.011686143572621035 0.18632957819149354 0.0021774742025717107
awarded 0.005008347245409015 3.506557897319982 0.01756205958590976
project 0.001669449081803005 2.659260036932778 0.004439499226932851
research 0.00333889816360601 2.995732273553991 0.010002444986824677
conducted 0.001669449081803005 3.506557897319982 0.005854019861969919
during 0.001669449081803005 2.120263536200091 0.0035396720136896347
primarily 0.001669449081803005 3.506557897319982 0.005854019861969919
thesis 0.001669449081803005 3.506557897319982 0.005854019861969919
which 0.001669449081803005 0.7550225842780328 0.001260471760063494
needs 0.001669449081803005 2.120263536200091 0.0035396720136896347
persons 0.001669449081803005 3.506557897319982 0.005854019861969919
terms 0.001669449081803005 1.0216512475319812 0.0017055947371151607
accessibility 0.00333889816360601 1.9661128563728327 0.006564650605585419
ICT 0.001669449081803005 3.506557897319982 0.005854019861969919
taken 0.00333889816360601 1.8971199848858813 0.006334290433675731
into 0.001669449081803005 0.8915981192837835 0.0014884776615755985
consideration 0.001669449081803005 3.506557897319982 0.005854019861969919
innovative 0.001669449081803005 2.995732273553991 0.005001222493412338
solution 0.00333889816360601 2.207274913189721 0.007369866154222775
enhance 0.001669449081803005 3.506557897319982 0.005854019861969919
access 0.001669449081803005 0.8675005677047231 0.0014482480262182356
proposed 0.001669449081803005 3.506557897319982 0.005854019861969919
must 0.001669449081803005 1.1086626245216111 0.0018508558005369134
integral 0.001669449081803005 3.506557897319982 0.005854019861969919
component 0.001669449081803005 1.4696759700589417 0.002453549198762841
educational 0.001669449081803005 3.506557897319982 0.005854019861969919
program 0.00333889816360601 2.120263536200091 0.007079344027379269
undertaken 0.001669449081803005 3.506557897319982 0.005854019861969919
student 0.005008347245409015 2.995732273553991 0.015003667480237015
final 0.001669449081803005 1.3093333199837622 0.002185865308820972
assignment 0.001669449081803005 2.8134107167600364 0.004696845937829777
part 0.001669449081803005 1.7147984280919266 0.0028627686612553035
Masters 0.001669449081803005 3.506557897319982 0.005854019861969919
PhD 0.001669449081803005 3.506557897319982 0.005854019861969919
Winner 0.00333889816360601 3.506557897319982 0.011708039723939839
Announced 0.00333889816360601 3.506557897319982 0.011708039723939839
announced 0.00333889816360601 3.506557897319982 0.011708039723939839
Renata 0.001669449081803005 3.506557897319982 0.005854019861969919
Deszo 0.001669449081803005 3.506557897319982 0.005854019861969919
Dinnyes 0.001669449081803005 3.506557897319982 0.005854019861969919
winner 0.00333889816360601 3.506557897319982 0.011708039723939839
edition 0.00333889816360601 2.659260036932778 0.008878998453865703
This 0.00333889816360601 0.3424903089467759 0.0011435402635952452
euros 0.001669449081803005 3.506557897319982 0.005854019861969919
award 0.005008347245409015 3.506557897319982 0.01756205958590976
higher 0.001669449081803005 2.8134107167600364 0.004696845937829777
education 0.001669449081803005 2.995732273553991 0.005001222493412338
such 0.001669449081803005 1.5141277326297755 0.0025277591529712447
computer 0.00333889816360601 2.995732273553991 0.010002444986824677
science 0.00333889816360601 2.8134107167600364 0.009393691875659554
engineering 0.00333889816360601 2.302585092994046 0.0076880971385443935
user 0.005008347245409015 1.0216512475319812 0.005116784211345482
others 0.001669449081803005 2.659260036932778 0.004439499226932851
study 0.00333889816360601 3.506557897319982 0.011708039723939839
focuses 0.001669449081803005 3.506557897319982 0.005854019861969919
digitally 0.001669449081803005 3.506557897319982 0.005854019861969919
manufactured 0.00333889816360601 3.2188758248682006 0.010747498580528215
objects 0.001669449081803005 1.3862943611198906 0.002314347848280285
example 0.001669449081803005 1.0498221244986776 0.0017526245818007974
using 0.011686143572621035 0.010050335853501506 1.1744966773707937E-4
D 0.00333889816360601 1.8971199848858813 0.006334290433675731
printer 0.001669449081803005 2.995732273553991 0.005001222493412338
manufacture 0.00333889816360601 3.2188758248682006 0.010747498580528215
prosthetic 0.001669449081803005 3.506557897319982 0.005854019861969919
data 0.001669449081803005 0.5978370007556204 9.98058431979333E-4
Full 0.001669449081803005 1.3862943611198906 0.002314347848280285
details 0.001669449081803005 0.7550225842780328 0.001260471760063494
awarding 0.001669449081803005 3.506557897319982 0.005854019861969919
found 0.001669449081803005 1.5141277326297755 0.0025277591529712447
Announcement 0.001669449081803005 2.995732273553991 0.005001222493412338
Award 0.00333889816360601 3.506557897319982 0.011708039723939839
Researcher 0.001669449081803005 3.506557897319982 0.005854019861969919
Presentations 0.001669449081803005 3.506557897319982 0.005854019861969919
Executive 0.001669449081803005 3.506557897319982 0.005854019861969919
Sponsor 0.00333889816360601 3.506557897319982 0.011708039723939839
Due 0.001669449081803005 2.659260036932778 0.004439499226932851
travel 0.001669449081803005 2.995732273553991 0.005001222493412338
restrictions 0.001669449081803005 2.995732273553991 0.005001222493412338
unable 0.001669449081803005 2.995732273553991 0.005001222493412338
present 0.00333889816360601 1.7719568419318754 0.005916383445515444
We 0.011686143572621035 1.9661128563728327 0.022976277119548964
forward 0.001669449081803005 2.8134107167600364 0.004696845937829777
virtual 0.001669449081803005 1.9661128563728327 0.0032823253027927093
next 0.001669449081803005 1.171182981502945 0.0019552303530933975
Stay 0.001669449081803005 2.659260036932778 0.004439499226932851
Connected 0.001669449081803005 2.120263536200091 0.0035396720136896347
Email 0.00333889816360601 2.407945608651872 0.00803988517079089
Resources 0.00333889816360601 1.9661128563728327 0.006564650605585419
Developers 0.001669449081803005 1.8971199848858813 0.0031671452168378655
Investors 0.001669449081803005 2.995732273553991 0.005001222493412338
Partners 0.00333889816360601 2.8134107167600364 0.009393691875659554
Startups 0.001669449081803005 2.995732273553991 0.005001222493412338
Students 0.005008347245409015 2.995732273553991 0.015003667480237015
Educators 0.001669449081803005 2.995732273553991 0.005001222493412338
Why 0.001669449081803005 2.302585092994046 0.0038440485692721967
Analyst 0.001669449081803005 2.995732273553991 0.005001222493412338
Gartner 0.001669449081803005 3.506557897319982 0.005854019861969919
MQ 0.001669449081803005 3.506557897319982 0.005854019861969919
Economics 0.001669449081803005 2.995732273553991 0.005001222493412338
Responsibility 0.001669449081803005 3.506557897319982 0.005854019861969919
Diversity 0.001669449081803005 3.506557897319982 0.005854019861969919
Inclusion 0.001669449081803005 3.506557897319982 0.005854019861969919
Security 0.001669449081803005 1.7719568419318754 0.002958191722757722
Practices 0.00333889816360601 2.8134107167600364 0.009393691875659554
What 0.00333889816360601 1.5141277326297755 0.005055518305942489
computing 0.001669449081803005 2.302585092994046 0.0038440485692721967
CRM 0.001669449081803005 3.2188758248682006 0.005373749290264108
Docker 0.001669449081803005 3.506557897319982 0.005854019861969919
Kubernetes 0.001669449081803005 2.995732273553991 0.005001222493412338
Python 0.001669449081803005 3.506557897319982 0.005854019861969919
SaaS 0.001669449081803005 2.8134107167600364 0.004696845937829777
New 0.00333889816360601 0.616186139423817 0.0020573827693616594
Try 0.001669449081803005 2.120263536200091 0.0035396720136896347
Free 0.001669449081803005 1.8971199848858813 0.0031671452168378655
Tier 0.001669449081803005 2.5257286443082556 0.004216575366123966
Navigator 0.001669449081803005 3.506557897319982 0.005854019861969919
Premier 0.001669449081803005 3.506557897319982 0.005854019861969919
League 0.001669449081803005 3.506557897319982 0.005854019861969919
Red 0.001669449081803005 2.659260036932778 0.004439499226932851
Bull 0.001669449081803005 2.659260036932778 0.004439499226932851
Racing 0.001669449081803005 2.659260036932778 0.004439499226932851
Employee 0.001669449081803005 3.506557897319982 0.005854019861969919
Platform 0.001669449081803005 1.07880966137193 0.0018010177986175794
Support 0.001669449081803005 1.1394342831883648 0.001902227517843681
Rewards 0.001669449081803005 2.5257286443082556 0.004216575366123966
Us 0.011686143572621035 1.9661128563728327 0.022976277119548964
US 0.005008347245409015 2.5257286443082556 0.012649726098371897
Sales 0.001669449081803005 2.5257286443082556 0.004216575366123966
How 0.00333889816360601 1.2039728043259361 0.004019942585395446
help 0.00333889816360601 0.05129329438755048 1.7126308643589477E-4
emails 0.00333889816360601 2.407945608651872 0.00803988517079089
Events 0.00333889816360601 1.3862943611198906 0.00462869569656057
Blogs 0.001669449081803005 3.506557897319982 0.005854019861969919
