Attributes 0.006472491909385114 0.3566749439387324 0.0023085756889238344
jsoup 0.003236245954692557 0.0 0.0
Java 0.006472491909385114 0.010050335853501506 6.505071749839163E-5
HTML 0.006472491909385114 0.0 0.0
Parser 0.003236245954692557 0.0 0.0
API 0.003236245954692557 0.0 0.0
Skip 0.003236245954692557 0.06187540371808745 2.0024402497762932E-4
navigation 0.003236245954692557 0.06187540371808745 2.0024402497762932E-4
links 0.003236245954692557 0.0408219945202552 1.321100146286576E-4
Overview 0.003236245954692557 0.06187540371808745 2.0024402497762932E-4
Package 0.003236245954692557 0.06187540371808745 2.0024402497762932E-4
Class 0.006472491909385114 0.06187540371808745 4.0048804995525863E-4
Use 0.006472491909385114 0.010050335853501506 6.505071749839163E-5
Tree 0.003236245954692557 0.0408219945202552 1.321100146286576E-4
Deprecated 0.003236245954692557 0.06187540371808745 2.0024402497762932E-4
Index 0.003236245954692557 0.06187540371808745 2.0024402497762932E-4
Help 0.006472491909385114 0.05129329438755048 3.3199543292912936E-4
org 0.003236245954692557 0.05129329438755048 1.6599771646456468E-4
nodes 0.003236245954692557 0.7550225842780328 0.0024434387840713036
java 0.006472491909385114 0.010050335853501506 6.505071749839163E-5
lang 0.003236245954692557 0.653926467406664 0.0021162668848112107
Object 0.003236245954692557 0.43078291609245434 0.0013941194695548684
All 0.006472491909385114 0.05129329438755048 3.3199543292912936E-4
Implemented 0.006472491909385114 0.5978370007556204 0.003869495150521815
Interfaces 0.003236245954692557 1.0216512475319812 0.003306314716931978
Cloneable 0.003236245954692557 1.3093333199837622 0.004237324660141625
Iterable 0.003236245954692557 1.6094379124341003 0.00520853693344369
Attribute 0.012944983818770227 0.3147107448397002 0.004073925499543045
public 0.003236245954692557 0.6931471805599453 0.002243194759093674
class 0.006472491909385114 0.06187540371808745 4.0048804995525863E-4
extends 0.003236245954692557 0.653926467406664 0.0021162668848112107
implements 0.006472491909385114 0.5978370007556204 0.003869495150521815
The 0.006472491909385114 0.10536051565782635 6.819450851639246E-4
attributes 0.012944983818770227 0.3147107448397002 0.004073925499543045
of 0.003236245954692557 0.1165338162559516 3.771320914432091E-4
an 0.006472491909385114 0.16251892949777494 0.001051902456296278
Element 0.003236245954692557 0.7339691750802005 0.002375304773722332
are 0.012944983818770227 0.18632957819149354 0.0024120333746471658
treated 0.003236245954692557 1.8325814637483102 0.0059306843487000336
as 0.003236245954692557 0.32850406697203605 0.0010631199578383045
a 0.006472491909385114 0.16251892949777494 0.001051902456296278
map 0.006472491909385114 1.2378743560016172 0.008012131754055775
there 0.003236245954692557 1.2729656758128876 0.004119630018811934
can 0.003236245954692557 0.7339691750802005 0.002375304773722332
be 0.012944983818770227 0.18632957819149354 0.0024120333746471658
only 0.003236245954692557 0.843970070294529 0.002731294725872262
one 0.003236245954692557 1.07880966137193 0.0034912934024981554
value 0.006472491909385114 0.4620354595965586 0.0029905207740877583
associated 0.003236245954692557 1.4271163556401458 0.0046184995328160065
with 0.003236245954692557 0.23572233352106994 7.628554482882523E-4
attribute 0.012944983818770227 0.3147107448397002 0.004073925499543045
key 0.006472491909385114 0.7985076962177716 0.005168334603351273
name 0.006472491909385114 0.6931471805599453 0.004486389518187348
and 0.003236245954692557 0.09431067947124142 3.052125549231114E-4
comparisons 0.003236245954692557 2.659260036932778 0.008606019536999281
generally 0.003236245954692557 1.3470736479666094 0.004359461643904885
case 0.006472491909385114 1.3470736479666094 0.00871892328780977
sensitive 0.003236245954692557 2.407945608651872 0.007792704235119327
By 0.006472491909385114 0.27443684570176036 0.0017762902634418146
default 0.003236245954692557 1.0216512475319812 0.003306314716931978
for 0.003236245954692557 0.083381608939051 2.698433946247605E-4
names 0.006472491909385114 0.6931471805599453 0.004486389518187348
normalized 0.006472491909385114 2.407945608651872 0.015585408470238654
to 0.003236245954692557 0.17435338714477774 5.642504438342323E-4
lower 0.003236245954692557 2.0402208285265546 0.006602656402998559
on 0.003236245954692557 0.5447271754416719 0.0017628711179342134
parsing 0.003236245954692557 1.2729656758128876 0.004119630018811934
That 0.006472491909385114 0.22314355131420976 0.0014442948305126847
means 0.003236245954692557 1.8325814637483102 0.0059306843487000336
you 0.003236245954692557 0.9162907318741551 0.0029653421743500168
should 0.003236245954692557 1.0498221244986776 0.003397482603555591
use 0.006472491909385114 0.010050335853501506 6.505071749839163E-5
strings 0.009708737864077669 0.4155154439616658 0.004034130523899667
when 0.003236245954692557 0.843970070294529 0.002731294725872262
referring 0.003236245954692557 2.659260036932778 0.008606019536999281
by 0.006472491909385114 0.27443684570176036 0.0017762902634418146
Author 0.003236245954692557 2.120263536200091 0.00686169429190968
Jonathan 0.006472491909385114 0.0 0.0
Hedley 0.006472491909385114 0.0 0.0
jonathan 0.006472491909385114 0.0 0.0
hedley 0.006472491909385114 0.0 0.0
net 0.003236245954692557 1.8325814637483102 0.0059306843487000336
Field 0.003236245954692557 1.1394342831883648 0.003687489589606359
Summary 0.003236245954692557 0.6931471805599453 0.002243194759093674
Fields 0.003236245954692557 1.1086626245216111 0.003587904933726897
Modifier 0.003236245954692557 0.653926467406664 0.0021162668848112107
Type 0.003236245954692557 0.44628710262841953 0.0014442948305126847
Description 0.003236245954692557 0.24846135929849972 8.040820689271836E-4
protected 0.003236245954692557 1.1394342831883648 0.003687489589606359
static 0.003236245954692557 0.5621189181535412 0.0018191550749305542
String 0.009708737864077669 0.4155154439616658 0.004034130523899667
dataPrefix 0.003236245954692557 2.120263536200091 0.00686169429190968
Constructor 0.003236245954692557 0.6733445532637655 0.002179108586614128
Constructors 0.003236245954692557 0.8915981192837835 0.0028854308067436363
Method 0.012944983818770227 0.18632957819149354 0.0024120333746471658
add 0.009708737864077669 1.0216512475319812 0.009918944150795934
Adds 0.009708737864077669 1.0216512475319812 0.009918944150795934
new 0.003236245954692557 0.616186139423817 0.0019941299010479514
void 0.003236245954692557 1.4696759700589417 0.004756232912812109
addAll 0.003236245954692557 1.8325814637483102 0.0059306843487000336
incoming 0.003236245954692557 2.120263536200091 0.00686169429190968
Add 0.009708737864077669 1.0216512475319812 0.009918944150795934
all 0.006472491909385114 0.05129329438755048 3.3199543292912936E-4
the 0.006472491909385114 0.10536051565782635 6.819450851639246E-4
from 0.003236245954692557 0.38566248081198473 0.0012480986434044814
set 0.009708737864077669 0.4620354595965586 0.004485781161131637
this 0.003236245954692557 0.3424903089467759 0.0011083828768504076
List 0.006472491909385114 0.653926467406664 0.0042325337696224215
asList 0.003236245954692557 1.8971199848858813 0.006139546876653338
Get 0.006472491909385114 0.6733445532637655 0.004358217173228256
iteration 0.003236245954692557 1.8971199848858813 0.006139546876653338
clone 0.003236245954692557 0.8209805520698303 0.0026568949905172506
Map 0.006472491909385114 1.2378743560016172 0.008012131754055775
dataset 0.003236245954692557 2.407945608651872 0.007792704235119327
Retrieves 0.003236245954692557 2.207274913189721 0.0071432845087046
filtered 0.003236245954692557 2.207274913189721 0.0071432845087046
view 0.003236245954692557 1.4271163556401458 0.0046184995328160065
that 0.006472491909385114 0.22314355131420976 0.0014442948305126847
custom 0.003236245954692557 1.8325814637483102 0.0059306843487000336
data 0.003236245954692557 0.5978370007556204 0.0019347475752609076
is 0.012944983818770227 0.18632957819149354 0.0024120333746471658
keys 0.006472491909385114 0.7985076962177716 0.005168334603351273
starting 0.003236245954692557 1.7147984280919266 0.005549509476025653
int 0.003236245954692557 1.07880966137193 0.0034912934024981554
deduplicate 0.003236245954692557 2.407945608651872 0.007792704235119327
ParseSettings 0.003236245954692557 2.207274913189721 0.0071432845087046
settings 0.006472491909385114 1.171182981502945 0.007580472372187347
Internal 0.006472491909385114 1.5141277326297755 0.009800179499221849
method 0.012944983818770227 0.18632957819149354 0.0024120333746471658
boolean 0.003236245954692557 0.653926467406664 0.0021162668848112107
equals 0.006472491909385114 0.9675840262617057 0.0062626797816291635
o 0.003236245954692557 1.3862943611198906 0.004486389518187348
Checks 0.009708737864077669 1.3093333199837622 0.012711973980424875
if 0.003236245954692557 0.616186139423817 0.0019941299010479514
these 0.003236245954692557 1.5141277326297755 0.004900089749610924
equal 0.006472491909385114 0.9675840262617057 0.0062626797816291635
another 0.003236245954692557 1.6607312068216509 0.005374534649908256
comparing 0.006472491909385114 2.207274913189721 0.0142865690174092
two 0.003236245954692557 1.4271163556401458 0.0046184995328160065
sets 0.009708737864077669 0.4620354595965586 0.004485781161131637
get 0.006472491909385114 0.6733445532637655 0.004358217173228256
getIgnoreCase 0.003236245954692557 2.407945608651872 0.007792704235119327
s 0.003236245954692557 0.5447271754416719 0.0017628711179342134
insensitive 0.003236245954692557 2.407945608651872 0.007792704235119327
hasDeclaredValueForKey 0.003236245954692557 2.407945608651872 0.007792704235119327
Check 0.009708737864077669 1.3093333199837622 0.012711973980424875
contain 0.003236245954692557 1.5606477482646683 0.0050506399620215804
hasDeclaredValueForKeyIgnoreCase 0.003236245954692557 2.407945608651872 0.007792704235119327
hashCode 0.009708737864077669 0.9942522733438669 0.009652934692658901
Calculates 0.006472491909385114 2.120263536200091 0.01372338858381936
hashcode 0.009708737864077669 0.9942522733438669 0.009652934692658901
iterating 0.003236245954692557 2.407945608651872 0.007792704235119327
summing 0.003236245954692557 2.407945608651872 0.007792704235119327
their 0.003236245954692557 1.2729656758128876 0.004119630018811934
hashcodes 0.009708737864077669 0.9942522733438669 0.009652934692658901
hasKey 0.003236245954692557 2.407945608651872 0.007792704235119327
Tests 0.006472491909385114 1.0498221244986776 0.006794965207111182
hasKeyIgnoreCase 0.003236245954692557 2.407945608651872 0.007792704235119327
html 0.006472491909385114 0.0 0.0
representation 0.003236245954692557 1.8325814637483102 0.0059306843487000336
isEmpty 0.003236245954692557 2.0402208285265546 0.006602656402998559
Test 0.006472491909385114 1.0498221244986776 0.006794965207111182
list 0.006472491909385114 0.653926467406664 0.0042325337696224215
empty 0.003236245954692557 1.4696759700589417 0.004756232912812109
size 0.003236245954692557 1.3862943611198906 0.004486389518187348
Iterator 0.006472491909385114 1.6094379124341003 0.01041707386688738
iterator 0.006472491909385114 1.6094379124341003 0.01041707386688738
normalize 0.006472491909385114 2.407945608651872 0.015585408470238654
put 0.003236245954692557 1.7147984280919266 0.005549509476025653
Set 0.009708737864077669 0.4620354595965586 0.004485781161131637
remove 0.012944983818770227 0.9675840262617057 0.012525359563258327
false 0.003236245954692557 1.1394342831883648 0.003687489589606359
or 0.003236245954692557 0.2613647641344075 8.458406606291506E-4
replace 0.003236245954692557 1.7147984280919266 0.005549509476025653
existing 0.006472491909385114 1.1394342831883648 0.007374979179212718
Remove 0.012944983818770227 0.9675840262617057 0.012525359563258327
removeIgnoreCase 0.003236245954692557 2.407945608651872 0.007792704235119327
number 0.003236245954692557 1.2378743560016172 0.0040060658770278874
in 0.003236245954692557 0.1508228897345837 4.88099966778588E-4
including 0.003236245954692557 1.0498221244986776 0.003397482603555591
any 0.003236245954692557 0.5978370007556204 0.0019347475752609076
internal 0.006472491909385114 1.5141277326297755 0.009800179499221849
toString 0.003236245954692557 0.9675840262617057 0.0031313398908145817
Methods 0.012944983818770227 0.18632957819149354 0.0024120333746471658
inherited 0.003236245954692557 0.9942522733438669 0.0032176448975529673
finalize 0.003236245954692557 1.07880966137193 0.0034912934024981554
getClass 0.003236245954692557 1.07880966137193 0.0034912934024981554
notify 0.003236245954692557 1.0498221244986776 0.003397482603555591
notifyAll 0.003236245954692557 1.07880966137193 0.0034912934024981554
wait 0.003236245954692557 0.9942522733438669 0.0032176448975529673
interface 0.003236245954692557 0.653926467406664 0.0021162668848112107
forEach 0.003236245954692557 2.407945608651872 0.007792704235119327
spliterator 0.003236245954692557 2.407945608651872 0.007792704235119327
Details 0.003236245954692557 0.7550225842780328 0.0024434387840713036
final 0.003236245954692557 1.3093333199837622 0.004237324660141625
See 0.003236245954692557 0.3566749439387324 0.0011542878444619172
Also 0.003236245954692557 0.5108256237659907 0.0016531573584659895
Constant 0.003236245954692557 1.4271163556401458 0.0046184995328160065
Values 0.006472491909385114 0.4620354595965586 0.0029905207740877583
Parameters 0.003236245954692557 0.5978370007556204 0.0019347475752609076
Returns 0.003236245954692557 0.9942522733438669 0.0032176448975529673
string 0.009708737864077669 0.4155154439616658 0.004034130523899667
not 0.006472491909385114 0.3424903089467759 0.002216765753700815
first 0.003236245954692557 1.6094379124341003 0.00520853693344369
matching 0.003236245954692557 2.0402208285265546 0.006602656402998559
ora 0.003236245954692557 2.659260036932778 0.008606019536999281
Nullable 0.003236245954692557 1.6607312068216509 0.005374534649908256
Will 0.003236245954692557 0.5447271754416719 0.0017628711179342134
produce 0.003236245954692557 2.659260036932778 0.008606019536999281
duplicates 0.006472491909385114 2.302585092994046 0.014903463385074731
already 0.003236245954692557 1.8971199848858813 0.006139546876653338
exists 0.006472491909385114 1.1394342831883648 0.007374979179212718
null 0.003236245954692557 1.2039728043259361 0.003896352117559664
may 0.003236245954692557 1.07880966137193 0.0034912934024981554
chaining 0.003236245954692557 1.7719568419318754 0.0057344881615918305
Case 0.006472491909385114 1.3470736479666094 0.00871892328780977
check 0.009708737864077669 1.3093333199837622 0.012711973980424875
true 0.003236245954692557 1.1086626245216111 0.003587904933726897
otherwise 0.003236245954692557 1.2378743560016172 0.0040060658770278874
it 0.003236245954692557 0.47803580094299974 0.0015470414269999992
has 0.006472491909385114 0.6931471805599453 0.004486389518187348
excluded 0.003236245954692557 2.659260036932778 0.008606019536999281
methods 0.012944983818770227 0.18632957819149354 0.0024120333746471658
Specified 0.003236245954692557 0.9675840262617057 0.0031313398908145817
unmodifiable 0.003236245954692557 2.659260036932778 0.008606019536999281
Overrides 0.003236245954692557 1.5606477482646683 0.0050506399620215804
Note 0.003236245954692557 1.3093333199837622 0.004237324660141625
order 0.003236245954692557 1.2378743560016172 0.0040060658770278874
does 0.006472491909385114 0.43078291609245434 0.0027882389391097368
impact 0.003236245954692557 2.5257286443082556 0.008173879107793708
equality 0.003236245954692557 2.659260036932778 0.008606019536999281
per 0.003236245954692557 1.7147984280919266 0.005549509476025653
compare 0.006472491909385114 2.207274913189721 0.0142865690174092
both 0.003236245954692557 1.6094379124341003 0.00520853693344369
have 0.006472491909385114 0.6931471805599453 0.004486389518187348
same 0.003236245954692557 0.9942522733438669 0.0032176448975529673
content 0.003236245954692557 0.44628710262841953 0.0014442948305126847
calculated 0.006472491909385114 2.120263536200091 0.01372338858381936
Lowercases 0.003236245954692557 2.659260036932778 0.008606019536999281
Removes 0.012944983818770227 0.9675840262617057 0.012525359563258327
duplicate 0.006472491909385114 2.302585092994046 0.014903463385074731
Settings 0.006472491909385114 1.171182981502945 0.007580472372187347
sensitivity 0.003236245954692557 2.659260036932778 0.008606019536999281
removed 0.012944983818770227 0.9675840262617057 0.012525359563258327
dupes 0.003236245954692557 2.659260036932778 0.008606019536999281
Copyright 0.003236245954692557 0.06187540371808745 2.0024402497762932E-4
rights 0.003236245954692557 0.06187540371808745 2.0024402497762932E-4
reserved 0.003236245954692557 0.06187540371808745 2.0024402497762932E-4
icrosoft 0.003236245954692557 3.912023005428146 0.012660268625981056
azure 0.006472491909385114 2.659260036932778 0.017212039073998563
vs 0.003236245954692557 2.5257286443082556 0.008173879107793708
Microsoft 0.003236245954692557 2.995732273553991 0.00969492645163104
Azure 0.006472491909385114 2.659260036932778 0.017212039073998563
MongoDB 0.003236245954692557 3.2188758248682006 0.01041707386688738
Learn 0.003236245954692557 2.302585092994046 0.007451731692537366
What 0.003236245954692557 1.5141277326297755 0.004900089749610924
AI 0.003236245954692557 2.659260036932778 0.008606019536999281
Cloud 0.003236245954692557 2.302585092994046 0.007451731692537366
Computing 0.003236245954692557 2.302585092994046 0.007451731692537366
Storage 0.003236245954692557 2.302585092994046 0.007451731692537366
HPC 0.003236245954692557 2.407945608651872 0.007792704235119327
IaaS 0.003236245954692557 3.2188758248682006 0.01041707386688738
PaaS 0.003236245954692557 3.2188758248682006 0.01041707386688738
Oracle 0.003236245954692557 0.8915981192837835 0.0028854308067436363
Supports 0.006472491909385114 0.9416085398584451 0.006094553656041716
Ukraine 0.003236245954692557 2.8134107167600364 0.009104889051003354
Free 0.003236245954692557 1.8971199848858813 0.006139546876653338
Tier 0.003236245954692557 2.5257286443082556 0.008173879107793708
Architecture 0.003236245954692557 1.8325814637483102 0.0059306843487000336
Center 0.003236245954692557 2.207274913189721 0.0071432845087046
Lift 0.003236245954692557 2.8134107167600364 0.009104889051003354
Support 0.006472491909385114 0.9416085398584451 0.006094553656041716
Rewards 0.003236245954692557 2.5257286443082556 0.008173879107793708
Red 0.003236245954692557 2.659260036932778 0.008606019536999281
Bull 0.003236245954692557 2.659260036932778 0.008606019536999281
Racing 0.003236245954692557 2.659260036932778 0.008606019536999281
Contact 0.003236245954692557 2.407945608651872 0.007792704235119327
us 0.009708737864077669 2.120263536200091 0.020585082875729036
US 0.006472491909385114 2.5257286443082556 0.016347758215587416
Sales 0.003236245954692557 2.5257286443082556 0.008173879107793708
How 0.003236245954692557 1.2039728043259361 0.003896352117559664
we 0.009708737864077669 2.120263536200091 0.020585082875729036
help 0.006472491909385114 0.05129329438755048 3.3199543292912936E-4
Subscribe 0.003236245954692557 2.5257286443082556 0.008173879107793708
emails 0.003236245954692557 2.659260036932778 0.008606019536999281
Events 0.003236245954692557 1.5606477482646683 0.0050506399620215804
News 0.003236245954692557 1.9661128563728327 0.0063628247779056075
OCI 0.003236245954692557 2.995732273553991 0.00969492645163104
Blog 0.003236245954692557 2.8134107167600364 0.009104889051003354
Country 0.003236245954692557 2.659260036932778 0.008606019536999281
Region 0.003236245954692557 2.0402208285265546 0.006602656402998559
Site 0.003236245954692557 2.0402208285265546 0.006602656402998559
Privacy 0.003236245954692557 2.302585092994046 0.007451731692537366
Do 0.006472491909385114 0.43078291609245434 0.0027882389391097368
Not 0.006472491909385114 0.3424903089467759 0.002216765753700815
Sell 0.003236245954692557 2.659260036932778 0.008606019536999281
My 0.003236245954692557 2.5257286443082556 0.008173879107793708
Info 0.003236245954692557 2.120263536200091 0.00686169429190968
Ad 0.003236245954692557 2.407945608651872 0.007792704235119327
Choices 0.003236245954692557 2.120263536200091 0.00686169429190968
Careers 0.003236245954692557 2.659260036932778 0.008606019536999281
Facebook 0.003236245954692557 2.659260036932778 0.008606019536999281
Twitter 0.003236245954692557 2.659260036932778 0.008606019536999281
LinkedIn 0.003236245954692557 2.659260036932778 0.008606019536999281
YouTube 0.003236245954692557 2.659260036932778 0.008606019536999281
Integrated 0.003236245954692557 2.659260036932778 0.008606019536999281
Applications 0.003236245954692557 1.6607312068216509 0.005374534649908256
Platform 0.003236245954692557 1.07880966137193 0.0034912934024981554
Services 0.003236245954692557 2.0402208285265546 0.006602656402998559
