Attributes 0.051817478731631866 0.3566749439387324 0.018481996321651255
jsoup 0.005413766434648105 0.0 0.0
Java 0.0030935808197989174 0.010050335853501506 3.1091526228929644E-5
HTML 0.008507347254447023 0.0 0.0
Parser 7.733952049497294E-4 0.0 0.0
API 7.733952049497294E-4 0.0 0.0
Skip 0.0015467904098994587 0.06187540371808745 9.570828107979498E-5
navigation 0.0015467904098994587 0.06187540371808745 9.570828107979498E-5
links 0.0015467904098994587 0.0408219945202552 6.3143069636899E-5
Overview 0.0015467904098994587 0.06187540371808745 9.570828107979498E-5
Package 0.002320185614849188 0.06187540371808745 1.4356242161969247E-4
Class 0.0069605568445475635 0.06187540371808745 4.306872648590774E-4
Use 0.002320185614849188 0.010050335853501506 2.331864467169723E-5
Tree 0.0015467904098994587 0.0408219945202552 6.3143069636899E-5
Deprecated 0.0015467904098994587 0.06187540371808745 9.570828107979498E-5
Index 0.0015467904098994587 0.06187540371808745 9.570828107979498E-5
Help 0.0038669760247486465 0.05129329438755048 1.9834993962703203E-4
org 0.0015467904098994587 0.05129329438755048 7.933997585081282E-5
nodes 0.0015467904098994587 0.7550225842780328 0.0011678616926187669
java 0.0030935808197989174 0.010050335853501506 3.1091526228929644E-5
lang 0.002320185614849188 0.653926467406664 0.0015172307828460881
Object 0.0069605568445475635 0.43078291609245434 0.002998488975121492
All 0.005413766434648105 0.05129329438755048 2.776899154778448E-4
Implemented 0.0015467904098994587 0.5978370007556204 9.247285394518491E-4
Interfaces 7.733952049497294E-4 1.0216512475319812 7.901401759721433E-4
Cloneable 0.0015467904098994587 1.3093333199837622 0.0020252642227127026
Iterable 0.0030935808197989174 1.6094379124341003 0.0049789262565633425
Attribute 0.0951276102088167 0.3147107448397002 0.02993768106363737
public 0.02088167053364269 0.6931471805599453 0.01447407105577612
class 0.0069605568445475635 0.06187540371808745 4.306872648590774E-4
extends 7.733952049497294E-4 0.653926467406664 5.057435942820294E-4
implements 0.0015467904098994587 0.5978370007556204 9.247285394518491E-4
The 0.020108275328692964 0.10536051565782635 0.0021186182576206384
attributes 0.0951276102088167 0.3147107448397002 0.02993768106363737
of 0.013147718484145398 0.1165338162559516 0.0015321538100163785
an 0.03480278422273782 0.16251892949777494 0.005656111235421401
Element 7.733952049497294E-4 0.7339691750802005 5.676482405879354E-4
are 0.019334880123743233 0.18632957819149354 0.003602660057840169
treated 7.733952049497294E-4 1.8325814637483102 0.0014173097167426993
as 0.0038669760247486465 0.32850406697203605 0.0012703173510132872
a 0.03480278422273782 0.16251892949777494 0.005656111235421401
map 0.005413766434648105 1.2378743560016172 0.006701562638833195
there 7.733952049497294E-4 1.2729656758128876 9.84505549739279E-4
can 0.0030935808197989174 0.7339691750802005 0.002270592962351742
be 0.019334880123743233 0.18632957819149354 0.003602660057840169
only 0.002320185614849188 0.843970070294529 0.001958167216460624
one 0.0038669760247486465 1.07880966137193 0.00417173109579246
value 0.02088167053364269 0.4620354595965586 0.009648072242155517
associated 7.733952049497294E-4 1.4271163556401458 0.0011037249463574214
with 0.01160092807424594 0.23572233352106994 0.002734597836671345
attribute 0.0951276102088167 0.3147107448397002 0.02993768106363737
key 0.05568445475638051 0.7985076962177716 0.04446446568266014
name 0.005413766434648105 0.6931471805599453 0.0037525369403864015
and 0.006187161639597835 0.09431067947124142 5.835154182288719E-4
comparisons 7.733952049497294E-4 2.659260036932778 0.0020566589612782504
generally 7.733952049497294E-4 1.3470736479666094 0.0010418203000515155
case 0.01160092807424594 1.3470736479666094 0.01562730450077273
sensitive 0.004640371229698376 2.407945608651872 0.01117376152506669
By 0.015467904098994586 0.27443684570176036 0.004244962810545404
default 7.733952049497294E-4 1.0216512475319812 7.901401759721433E-4
for 0.01160092807424594 0.083381608939051 9.673040480168329E-4
names 0.005413766434648105 0.6931471805599453 0.0037525369403864015
normalized 0.0030935808197989174 2.407945608651872 0.007449174350044461
to 0.013921113689095127 0.17435338714477774 0.0024271933245212677
lower 0.0015467904098994587 2.0402208285265546 0.003155794011642003
on 7.733952049497294E-4 0.5447271754416719 4.2128938549239905E-4
parsing 7.733952049497294E-4 1.2729656758128876 9.84505549739279E-4
That 0.004640371229698376 0.22314355131420976 0.0010354689156111823
means 7.733952049497294E-4 1.8325814637483102 0.0014173097167426993
you 7.733952049497294E-4 0.9162907318741551 7.086548583713497E-4
should 7.733952049497294E-4 1.0498221244986776 8.11927397137415E-4
use 0.002320185614849188 0.010050335853501506 2.331864467169723E-5
strings 0.03557617942768755 0.4155154439616658 0.014782451989355475
when 7.733952049497294E-4 0.843970070294529 6.527224054868748E-4
referring 7.733952049497294E-4 2.659260036932778 0.0020566589612782504
by 0.015467904098994586 0.27443684570176036 0.004244962810545404
Author 7.733952049497294E-4 2.120263536200091 0.0016398016521269074
Jonathan 0.002320185614849188 0.0 0.0
Hedley 0.002320185614849188 0.0 0.0
jonathan 0.002320185614849188 0.0 0.0
hedley 0.002320185614849188 0.0 0.0
net 7.733952049497294E-4 1.8325814637483102 0.0014173097167426993
Field 0.0030935808197989174 1.1394342831883648 0.0035249320438928535
Summary 0.002320185614849188 0.6931471805599453 0.0016082301173084576
Fields 7.733952049497294E-4 1.1086626245216111 8.574343577119963E-4
Modifier 0.0015467904098994587 0.653926467406664 0.0010114871885640588
Type 0.0015467904098994587 0.44628710262841953 6.903126104074548E-4
Description 0.002320185614849188 0.24846135929849972 5.764764716902546E-4
protected 0.0015467904098994587 1.1394342831883648 0.0017624660219464267
static 0.0015467904098994587 0.5621189181535412 8.694801518229563E-4
String 0.03557617942768755 0.4155154439616658 0.014782451989355475
dataPrefix 0.002320185614849188 2.120263536200091 0.004919404956380722
Constructor 0.002320185614849188 0.6733445532637655 0.0015622843463196415
Constructors 7.733952049497294E-4 0.8915981192837835 6.89557710196275E-4
Method 0.007733952049497293 0.18632957819149354 0.0014410640231360676
add 0.006187161639597835 1.0216512475319812 0.006321121407777146
Adds 0.006187161639597835 1.0216512475319812 0.006321121407777146
new 0.0069605568445475635 0.616186139423817 0.004288998650281788
void 0.006187161639597835 1.4696759700589417 0.00909312278458742
addAll 0.002320185614849188 1.8325814637483102 0.004251929150228098
incoming 0.0038669760247486465 2.120263536200091 0.008199008260634535
Add 0.006187161639597835 1.0216512475319812 0.006321121407777146
all 0.005413766434648105 0.05129329438755048 2.776899154778448E-4
the 0.020108275328692964 0.10536051565782635 0.0021186182576206384
from 0.0038669760247486465 0.38566248081198473 0.0014913475669450298
set 0.017014694508894045 0.4620354595965586 0.007861392197311903
this 0.01160092807424594 0.3424903089467759 0.0039732054402178175
List 0.005413766434648105 0.653926467406664 0.003540205159974206
asList 0.0030935808197989174 1.8971199848858813 0.005868893998100175
Get 0.010054137664346482 0.6733445532637655 0.006769898834051781
iteration 0.0015467904098994587 1.8971199848858813 0.0029344469990500873
clone 0.0030935808197989174 0.8209805520698303 0.0025397696893111536
Map 0.005413766434648105 1.2378743560016172 0.006701562638833195
dataset 0.002320185614849188 2.407945608651872 0.005586880762533345
Retrieves 0.0015467904098994587 2.207274913189721 0.003414191667733521
filtered 0.0015467904098994587 2.207274913189721 0.003414191667733521
view 0.002320185614849188 1.4271163556401458 0.003311174839072264
that 0.004640371229698376 0.22314355131420976 0.0010354689156111823
custom 0.002320185614849188 1.8325814637483102 0.004251929150228098
data 0.0038669760247486465 0.5978370007556204 0.0023118213486296225
is 0.019334880123743233 0.18632957819149354 0.003602660057840169
keys 0.05568445475638051 0.7985076962177716 0.04446446568266014
starting 0.0015467904098994587 1.7147984280919266 0.0026524337634832584
int 0.004640371229698376 1.07880966137193 0.005006077314950951
deduplicate 0.002320185614849188 2.407945608651872 0.005586880762533345
ParseSettings 0.0015467904098994587 2.207274913189721 0.003414191667733521
settings 0.0030935808197989174 1.171182981502945 0.003623149208052421
Internal 0.005413766434648105 1.5141277326297755 0.00819713389668092
method 0.007733952049497293 0.18632957819149354 0.0014410640231360676
boolean 0.014694508894044857 0.653926467406664 0.009609128291358559
equals 0.005413766434648105 0.9675840262617057 0.005238273924077293
o 0.002320185614849188 1.3862943611198906 0.0032164602346169153
Checks 0.007733952049497293 1.3093333199837622 0.010126321113563513
if 0.018561484918793503 0.616186139423817 0.011437329734084768
these 0.013921113689095127 1.5141277326297755 0.021078344305750934
equal 0.005413766434648105 0.9675840262617057 0.005238273924077293
another 0.0015467904098994587 1.6607312068216509 0.002568803104132484
comparing 0.002320185614849188 2.207274913189721 0.005121287501600281
two 0.0015467904098994587 1.4271163556401458 0.002207449892714843
sets 0.017014694508894045 0.4620354595965586 0.007861392197311903
get 0.010054137664346482 0.6733445532637655 0.006769898834051781
getIgnoreCase 0.002320185614849188 2.407945608651872 0.005586880762533345
s 0.002320185614849188 0.5447271754416719 0.0012638681564771969
insensitive 0.0038669760247486465 2.407945608651872 0.009311467937555575
hasDeclaredValueForKey 0.002320185614849188 2.407945608651872 0.005586880762533345
Check 0.007733952049497293 1.3093333199837622 0.010126321113563513
contain 0.006187161639597835 1.5606477482646683 0.009655979880987894
hasDeclaredValueForKeyIgnoreCase 0.002320185614849188 2.407945608651872 0.005586880762533345
hashCode 0.0069605568445475635 0.9942522733438669 0.006920549466430627
Calculates 0.002320185614849188 2.120263536200091 0.004919404956380722
hashcode 0.0069605568445475635 0.9942522733438669 0.006920549466430627
iterating 0.0015467904098994587 2.407945608651872 0.0037245871750222303
summing 0.0015467904098994587 2.407945608651872 0.0037245871750222303
their 0.0015467904098994587 1.2729656758128876 0.001969011099478558
hashcodes 0.0069605568445475635 0.9942522733438669 0.006920549466430627
hasKey 0.0030935808197989174 2.407945608651872 0.007449174350044461
Tests 0.004640371229698376 1.0498221244986776 0.00487156438282449
hasKeyIgnoreCase 0.002320185614849188 2.407945608651872 0.005586880762533345
html 0.008507347254447023 0.0 0.0
representation 0.0015467904098994587 1.8325814637483102 0.0028346194334853986
isEmpty 0.002320185614849188 2.0402208285265546 0.004733691017463003
Test 0.004640371229698376 1.0498221244986776 0.00487156438282449
list 0.005413766434648105 0.653926467406664 0.003540205159974206
empty 0.0030935808197989174 1.4696759700589417 0.00454656139229371
size 0.004640371229698376 1.3862943611198906 0.006432920469233831
Iterator 0.005413766434648105 1.6094379124341003 0.008713120948985848
iterator 0.005413766434648105 1.6094379124341003 0.008713120948985848
normalize 0.0030935808197989174 2.407945608651872 0.007449174350044461
put 0.007733952049497293 1.7147984280919266 0.013262168817416292
Set 0.017014694508894045 0.4620354595965586 0.007861392197311903
remove 0.010054137664346482 0.9675840262617057 0.009728223001857831
false 0.0030935808197989174 1.1394342831883648 0.0035249320438928535
or 0.005413766434648105 0.2613647641344075 0.0014149677872705743
replace 0.0030935808197989174 1.7147984280919266 0.005304867526966517
existing 0.0069605568445475635 1.1394342831883648 0.00793109709875892
Remove 0.010054137664346482 0.9675840262617057 0.009728223001857831
removeIgnoreCase 0.002320185614849188 2.407945608651872 0.005586880762533345
number 0.002320185614849188 1.2378743560016172 0.0028720982737856547
in 0.005413766434648105 0.1508228897345837 8.165198980217215E-4
including 0.0015467904098994587 1.0498221244986776 0.00162385479427483
any 0.0015467904098994587 0.5978370007556204 9.247285394518491E-4
internal 0.005413766434648105 1.5141277326297755 0.00819713389668092
toString 0.0030935808197989174 0.9675840262617057 0.0029932993851870247
Methods 0.007733952049497293 0.18632957819149354 0.0014410640231360676
inherited 0.0015467904098994587 0.9942522733438669 0.0015378998814290286
finalize 7.733952049497294E-4 1.07880966137193 8.343462191584919E-4
getClass 7.733952049497294E-4 1.07880966137193 8.343462191584919E-4
notify 7.733952049497294E-4 1.0498221244986776 8.11927397137415E-4
notifyAll 7.733952049497294E-4 1.07880966137193 8.343462191584919E-4
wait 0.002320185614849188 0.9942522733438669 0.0023068498221435426
interface 0.002320185614849188 0.653926467406664 0.0015172307828460881
forEach 7.733952049497294E-4 2.407945608651872 0.0018622935875111152
spliterator 7.733952049497294E-4 2.407945608651872 0.0018622935875111152
Details 0.002320185614849188 0.7550225842780328 0.0017517925389281502
final 7.733952049497294E-4 1.3093333199837622 0.0010126321113563513
See 0.002320185614849188 0.3566749439387324 8.275520741037874E-4
Also 0.002320185614849188 0.5108256237659907 0.001185210263958215
Constant 7.733952049497294E-4 1.4271163556401458 0.0011037249463574214
Values 0.02088167053364269 0.4620354595965586 0.009648072242155517
Parameters 0.01082753286929621 0.5978370007556204 0.006473099776162943
Returns 0.01237432327919567 0.9942522733438669 0.012303199051432229
string 0.03557617942768755 0.4155154439616658 0.014782451989355475
not 0.004640371229698376 0.3424903089467759 0.001589282176087127
first 7.733952049497294E-4 1.6094379124341003 0.0012447315641408356
matching 7.733952049497294E-4 2.0402208285265546 0.0015778970058210014
ora 7.733952049497294E-4 2.659260036932778 0.0020566589612782504
Nullable 0.002320185614849188 1.6607312068216509 0.003853204656198726
Will 7.733952049497294E-4 0.5447271754416719 4.2128938549239905E-4
produce 7.733952049497294E-4 2.659260036932778 0.0020566589612782504
duplicates 0.0015467904098994587 2.302585092994046 0.0035616165398206436
already 7.733952049497294E-4 1.8971199848858813 0.0014672234995250436
exists 0.0069605568445475635 1.1394342831883648 0.00793109709875892
null 0.0015467904098994587 1.2039728043259361 0.0018622935875111156
may 7.733952049497294E-4 1.07880966137193 8.343462191584919E-4
chaining 0.002320185614849188 1.7719568419318754 0.004111268774783934
Case 0.01160092807424594 1.3470736479666094 0.01562730450077273
check 0.007733952049497293 1.3093333199837622 0.010126321113563513
true 0.0030935808197989174 1.1086626245216111 0.0034297374308479853
otherwise 0.0015467904098994587 1.2378743560016172 0.00191473218252377
it 0.0015467904098994587 0.47803580094299974 7.394211924872386E-4
has 0.002320185614849188 0.6931471805599453 0.0016082301173084576
excluded 7.733952049497294E-4 2.659260036932778 0.0020566589612782504
methods 0.007733952049497293 0.18632957819149354 0.0014410640231360676
Specified 7.733952049497294E-4 0.9675840262617057 7.483248462967562E-4
unmodifiable 7.733952049497294E-4 2.659260036932778 0.0020566589612782504
Overrides 0.0030935808197989174 1.5606477482646683 0.004827989940493947
Note 7.733952049497294E-4 1.3093333199837622 0.0010126321113563513
order 7.733952049497294E-4 1.2378743560016172 9.57366091261885E-4
does 0.002320185614849188 0.43078291609245434 9.994963250404972E-4
impact 7.733952049497294E-4 2.5257286443082556 0.0019533864225121855
equality 7.733952049497294E-4 2.659260036932778 0.0020566589612782504
per 7.733952049497294E-4 1.7147984280919266 0.0013262168817416292
compare 0.002320185614849188 2.207274913189721 0.005121287501600281
both 7.733952049497294E-4 1.6094379124341003 0.0012447315641408356
have 0.002320185614849188 0.6931471805599453 0.0016082301173084576
same 7.733952049497294E-4 0.9942522733438669 7.689499407145143E-4
content 7.733952049497294E-4 0.44628710262841953 3.451563052037274E-4
calculated 0.002320185614849188 2.120263536200091 0.004919404956380722
Lowercases 7.733952049497294E-4 2.659260036932778 0.0020566589612782504
Removes 0.010054137664346482 0.9675840262617057 0.009728223001857831
duplicate 0.0015467904098994587 2.302585092994046 0.0035616165398206436
Settings 0.0030935808197989174 1.171182981502945 0.003623149208052421
sensitivity 0.0015467904098994587 2.659260036932778 0.004113317922556501
removed 0.010054137664346482 0.9675840262617057 0.009728223001857831
dupes 7.733952049497294E-4 2.659260036932778 0.0020566589612782504
Copyright 7.733952049497294E-4 0.06187540371808745 4.785414053989749E-5
rights 7.733952049497294E-4 0.06187540371808745 4.785414053989749E-5
reserved 7.733952049497294E-4 0.06187540371808745 4.785414053989749E-5
icrosoft 7.733952049497294E-4 3.912023005428146 0.003025539834051157
azure 0.0015467904098994587 2.659260036932778 0.004113317922556501
vs 0.0015467904098994587 2.5257286443082556 0.003906772845024371
Microsoft 7.733952049497294E-4 2.995732273553991 0.0023168849756798073
Azure 0.0015467904098994587 2.659260036932778 0.004113317922556501
MongoDB 7.733952049497294E-4 3.2188758248682006 0.0024894631282816712
Learn 7.733952049497294E-4 2.302585092994046 0.0017808082699103218
What 0.005413766434648105 1.5141277326297755 0.00819713389668092
AI 7.733952049497294E-4 2.659260036932778 0.0020566589612782504
Cloud 0.004640371229698376 2.302585092994046 0.01068484961946193
Computing 7.733952049497294E-4 2.302585092994046 0.0017808082699103218
Storage 7.733952049497294E-4 2.302585092994046 0.0017808082699103218
HPC 7.733952049497294E-4 2.407945608651872 0.0018622935875111152
IaaS 7.733952049497294E-4 3.2188758248682006 0.0024894631282816712
PaaS 7.733952049497294E-4 3.2188758248682006 0.0024894631282816712
Oracle 0.004640371229698376 0.8915981192837835 0.00413734626117765
Supports 0.0015467904098994587 0.9416085398584451 0.0014564710593324751
Ukraine 7.733952049497294E-4 2.8134107167600364 0.002175878357896393
Free 7.733952049497294E-4 1.8971199848858813 0.0014672234995250436
Tier 7.733952049497294E-4 2.5257286443082556 0.0019533864225121855
Architecture 7.733952049497294E-4 1.8325814637483102 0.0014173097167426993
Center 7.733952049497294E-4 2.207274913189721 0.0017070958338667604
Lift 7.733952049497294E-4 2.8134107167600364 0.002175878357896393
Support 0.0015467904098994587 0.9416085398584451 0.0014564710593324751
Rewards 7.733952049497294E-4 2.5257286443082556 0.0019533864225121855
Red 7.733952049497294E-4 2.659260036932778 0.0020566589612782504
Bull 7.733952049497294E-4 2.659260036932778 0.0020566589612782504
Racing 7.733952049497294E-4 2.659260036932778 0.0020566589612782504
Contact 0.002320185614849188 2.407945608651872 0.005586880762533345
us 0.004640371229698376 2.120263536200091 0.009838809912761443
US 0.002320185614849188 2.5257286443082556 0.005860159267536556
Sales 7.733952049497294E-4 2.5257286443082556 0.0019533864225121855
How 0.002320185614849188 1.2039728043259361 0.002793440381266673
we 0.004640371229698376 2.120263536200091 0.009838809912761443
help 0.0038669760247486465 0.05129329438755048 1.9834993962703203E-4
Subscribe 0.0015467904098994587 2.5257286443082556 0.003906772845024371
emails 0.0015467904098994587 2.659260036932778 0.004113317922556501
Events 7.733952049497294E-4 1.5606477482646683 0.0012069974851234868
News 7.733952049497294E-4 1.9661128563728327 0.0015205822555087647
OCI 7.733952049497294E-4 2.995732273553991 0.0023168849756798073
Blog 7.733952049497294E-4 2.8134107167600364 0.002175878357896393
Country 0.0015467904098994587 2.659260036932778 0.004113317922556501
Region 0.0015467904098994587 2.0402208285265546 0.003155794011642003
Site 0.0015467904098994587 2.0402208285265546 0.003155794011642003
Privacy 0.0015467904098994587 2.302585092994046 0.0035616165398206436
Do 0.002320185614849188 0.43078291609245434 9.994963250404972E-4
Not 0.004640371229698376 0.3424903089467759 0.001589282176087127
Sell 0.0015467904098994587 2.659260036932778 0.004113317922556501
My 0.0015467904098994587 2.5257286443082556 0.003906772845024371
Info 0.0015467904098994587 2.120263536200091 0.0032796033042538147
Ad 0.0015467904098994587 2.407945608651872 0.0037245871750222303
Choices 0.0015467904098994587 2.120263536200091 0.0032796033042538147
Careers 0.0015467904098994587 2.659260036932778 0.004113317922556501
Facebook 0.0015467904098994587 2.659260036932778 0.004113317922556501
Twitter 0.0015467904098994587 2.659260036932778 0.004113317922556501
LinkedIn 0.0015467904098994587 2.659260036932778 0.004113317922556501
YouTube 0.0015467904098994587 2.659260036932778 0.004113317922556501
contact 0.002320185614849188 2.407945608651872 0.005586880762533345
how 0.002320185614849188 1.2039728043259361 0.002793440381266673
href 7.733952049497294E-4 1.5606477482646683 0.0012069974851234868
corporate 7.733952049497294E-4 2.5257286443082556 0.0019533864225121855
Integrated 7.733952049497294E-4 2.659260036932778 0.0020566589612782504
Applications 7.733952049497294E-4 1.6607312068216509 0.001284401552066242
Platform 7.733952049497294E-4 1.07880966137193 8.343462191584919E-4
Services 7.733952049497294E-4 2.0402208285265546 0.0015778970058210014
C 7.733952049497294E-4 1.6607312068216509 0.001284401552066242
Raw 7.733952049497294E-4 2.0402208285265546 0.0015778970058210014
Text 7.733952049497294E-4 1.1086626245216111 8.574343577119963E-4
Display 7.733952049497294E-4 2.407945608651872 0.0018622935875111152
034973584369766913
Display 0.0031545741324921135 2.407945608651872 0.007596042929501173
